2.166666666666666741e-02 -2.547933333333333212e+04
4.454545454545454780e-02 3.057332727272727425e+03
6.211111111111110999e-02 -9.029708444444442648e+03
8.302469135802469091e-02 -1.390023530864197528e+04
1.001960784313725428e-01 -1.382122176470588056e+04
1.238590604026845732e-01 -1.286620805369127447e+04
1.404228855721393054e-01 -1.444388756218906110e+03
1.630075187969924899e-01 1.929809511278195350e+04
1.808858858858858887e-01 8.076101501501502753e+03
2.036394557823129059e-01 1.494530997732426158e+03
2.190557939914163088e-01 8.389065751072961575e+03
2.426502732240437277e-01 -4.354354280510023045e+02
2.596589259796807103e-01 1.665464847605224577e+03
2.811171662125340753e-01 7.362921307901907312e+03
3.008784530386739986e-01 5.029169149171270874e+03
3.206315289648623001e-01 1.243609572649573010e+03
3.399619047619047429e-01 -1.882930914285714152e+03
3.619689737470166979e-01 6.246918424821003100e+03
3.799070887818307152e-01 8.176411920165176525e+03
4.013341804320203487e-01 1.739236524777636532e+03
4.195595854922279933e-01 -4.682530742659757266e+02
4.407771883289124948e-01 9.639358503978778572e+02
4.600780487804878027e-01 3.611554228292682637e+03
4.807973648341663520e-01 5.663095052248978391e+03
5.009150981177412643e-01 4.660185826992390503e+03
5.204555984555984116e-01 2.282375181467181847e+03
5.419053527118044000e-01 -2.555979475363346580e+02
5.606541598694942952e-01 -1.920593693311582683e+03
5.706576338400528581e-01 -2.238246602775941938e+03
