2.166666666666666741e-02 1.774215866666666625e+04
4.454545454545454780e-02 9.788586818181816852e+03
6.211111111111110999e-02 6.356882888888888374e+03
8.302469135802469091e-02 4.119120987654320743e+03
1.001960784313725428e-01 2.944111078431372334e+03
1.238590604026845732e-01 2.218365973154362564e+03
1.404228855721393054e-01 1.763808407960199020e+03
1.630075187969924899e-01 1.633022781954887478e+03
1.808858858858858887e-01 1.415483873873873790e+03
2.036394557823129059e-01 1.052984598639455726e+03
2.190557939914163088e-01 9.096513090128755721e+02
2.426502732240437277e-01 7.362236684881602287e+02
2.596589259796807103e-01 6.916014658925979575e+02
2.811171662125340753e-01 6.294363882833787329e+02
3.008784530386739986e-01 5.663924850828730087e+02
3.206315289648623001e-01 5.386388157644823877e+02
3.399619047619047429e-01 4.656628438095238494e+02
3.619689737470166979e-01 4.000289618138424430e+02
3.799070887818307152e-01 3.866200027529249610e+02
4.013341804320203487e-01 3.461874930114357767e+02
4.195595854922279933e-01 3.144636649395509380e+02
4.407771883289124948e-01 2.967547119363395041e+02
4.600780487804878027e-01 2.820861034146341240e+02
4.807973648341663520e-01 2.420519709223080156e+02
5.009150981177412643e-01 2.137980977172607027e+02
5.204555984555984116e-01 2.236484324324324007e+02
5.419053527118044000e-01 2.139908266572137450e+02
5.606541598694942952e-01 1.963667073409461636e+02
5.706576338400528581e-01 1.903524137475215241e+02
