2.166666666666666741e-02 2.619735816666666778e+03
4.454545454545454780e-02 3.302417727272727461e+03
6.211111111111110999e-02 2.663187111111110880e+03
8.302469135802469091e-02 1.714834691358024429e+03
1.001960784313725428e-01 1.473793039215686349e+03
1.238590604026845732e-01 1.101922550335570577e+03
1.404228855721393054e-01 8.292134427860696633e+02
1.630075187969924899e-01 7.586510075187968596e+02
1.808858858858858887e-01 6.444968588588589000e+02
2.036394557823129059e-01 4.694878911564625810e+02
2.190557939914163088e-01 4.012417982832618577e+02
2.426502732240437277e-01 3.008048269581056502e+02
2.596589259796807103e-01 2.799725094339622729e+02
2.811171662125340753e-01 2.881336171662125025e+02
3.008784530386739986e-01 2.562395491712707098e+02
3.206315289648623001e-01 2.217018736942070234e+02
3.399619047619047429e-01 1.928905933333333280e+02
3.619689737470166979e-01 1.616568162291169699e+02
3.799070887818307152e-01 1.495726028905712326e+02
4.013341804320203487e-01 1.380605711562897113e+02
4.195595854922279933e-01 1.235881675302245242e+02
4.407771883289124948e-01 1.155754535809018506e+02
4.600780487804878027e-01 1.109632909268292735e+02
4.807973648341663520e-01 9.843614629713766817e+01
5.009150981177412643e-01 9.002645991189427832e+01
5.204555984555984116e-01 8.724974011583010736e+01
5.419053527118044000e-01 7.908049177596596735e+01
5.606541598694942952e-01 7.274616032626427398e+01
5.706576338400528581e-01 7.255647600793126628e+01
