2.166666666666666741e-02 4.633512566666667226e+03
4.454545454545454780e-02 3.977567727272726643e+03
6.211111111111110999e-02 3.036683777777777323e+03
8.302469135802469091e-02 2.032294074074074160e+03
1.001960784313725428e-01 1.653351568627450888e+03
1.238590604026845732e-01 1.262649932885906310e+03
1.404228855721393054e-01 9.823523781094527294e+02
1.630075187969924899e-01 8.740379022556390964e+02
1.808858858858858887e-01 7.212105765765765000e+02
2.036394557823129059e-01 5.300279954648526655e+02
2.190557939914163088e-01 4.691845729613734761e+02
2.426502732240437277e-01 3.604185519125683754e+02
2.596589259796807103e-01 3.339641785195936450e+02
2.811171662125340753e-01 3.351765899182560702e+02
3.008784530386739986e-01 2.974203381215469335e+02
3.206315289648623001e-01 2.634455337132004047e+02
3.399619047619047429e-01 2.262118438095237991e+02
3.619689737470166979e-01 1.863226133651550924e+02
3.799070887818307152e-01 1.780861796283551257e+02
4.013341804320203487e-01 1.656416035578144488e+02
4.195595854922279933e-01 1.475468376511226154e+02
4.407771883289124948e-01 1.350999713527851327e+02
4.600780487804878027e-01 1.307085136585365888e+02
4.807973648341663520e-01 1.183914597910040811e+02
5.009150981177412643e-01 1.070293556267520927e+02
5.204555984555984116e-01 1.024138518532818551e+02
5.419053527118044000e-01 9.323475040765684696e+01
5.606541598694942952e-01 8.691654309951060497e+01
5.706576338400528581e-01 8.604273165895571651e+01
