2.166666666666666741e-02 7.019190833333334012e+03
4.454545454545454780e-02 5.379268181818181802e+03
6.211111111111110999e-02 4.525488000000000284e+03
8.302469135802469091e-02 3.094961481481481314e+03
1.001960784313725428e-01 2.206035392156862599e+03
1.238590604026845732e-01 1.733174295302013206e+03
1.404228855721393054e-01 1.426605681592039900e+03
1.630075187969924899e-01 1.234872390977443729e+03
1.808858858858858887e-01 1.037964114114114182e+03
2.036394557823129059e-01 8.119217800453515110e+02
2.190557939914163088e-01 6.942847381974249856e+02
2.426502732240437277e-01 5.148306939890710510e+02
2.596589259796807103e-01 4.880592075471698195e+02
2.811171662125340753e-01 5.003725122615803684e+02
3.008784530386739986e-01 4.567996265193370391e+02
3.206315289648623001e-01 4.012058955365622523e+02
3.399619047619047429e-01 3.373016495238095445e+02
3.619689737470166979e-01 2.801524200477326758e+02
3.799070887818307152e-01 2.589404521679284130e+02
4.013341804320203487e-01 2.338872617534942719e+02
4.195595854922279933e-01 2.154141398963730865e+02
4.407771883289124948e-01 2.044292217506631175e+02
4.600780487804878027e-01 2.001669351219512123e+02
4.807973648341663520e-01 1.818298182644252279e+02
5.009150981177412643e-01 1.668163035642771206e+02
5.204555984555984116e-01 1.612298830115830128e+02
5.419053527118044000e-01 1.460073644097837757e+02
5.606541598694942952e-01 1.365950339314845223e+02
5.706576338400528581e-01 1.378127871777924724e+02
