2.166666666666666741e-02 4.845821183333332556e+03
4.454545454545454780e-02 4.232891363636364076e+03
6.211111111111110999e-02 3.452255777777777439e+03
8.302469135802469091e-02 2.342558148148148121e+03
1.001960784313725428e-01 1.884448823529411357e+03
1.238590604026845732e-01 1.509238187919462916e+03
1.404228855721393054e-01 1.157490079601989919e+03
1.630075187969924899e-01 9.618084060150374626e+02
1.808858858858858887e-01 8.226491471471472323e+02
2.036394557823129059e-01 6.515253537414965876e+02
2.190557939914163088e-01 5.681628905579399316e+02
2.426502732240437277e-01 4.274031293260473490e+02
2.596589259796807103e-01 3.978040348330914071e+02
2.811171662125340753e-01 3.974536607629427181e+02
3.008784530386739986e-01 3.507471193370165565e+02
3.206315289648623001e-01 3.071337483380816025e+02
3.399619047619047429e-01 2.644842561904761737e+02
3.619689737470166979e-01 2.245795894988066834e+02
3.799070887818307152e-01 2.113265306262904630e+02
4.013341804320203487e-01 1.878376264294790303e+02
4.195595854922279933e-01 1.682847800805986935e+02
4.407771883289124948e-01 1.585556419098143408e+02
4.600780487804878027e-01 1.517062560975609529e+02
4.807973648341663520e-01 1.337185788278055441e+02
5.009150981177412643e-01 1.237405522627152550e+02
5.204555984555984116e-01 1.218552490347490505e+02
5.419053527118044000e-01 1.095167401630627637e+02
5.606541598694942952e-01 1.020925327895595416e+02
5.706576338400528581e-01 1.023221685393258440e+02
