2.166666666666666741e-02 4.297908050000000003e+03
4.454545454545454780e-02 3.848572272727272775e+03
6.211111111111110999e-02 2.893215777777777475e+03
8.302469135802469091e-02 1.937182592592592755e+03
1.001960784313725428e-01 1.603383039215686267e+03
1.238590604026845732e-01 1.212299275167785254e+03
1.404228855721393054e-01 9.412670248756218143e+02
1.630075187969924899e-01 8.409695639097743651e+02
1.808858858858858887e-01 6.999663183183182582e+02
2.036394557823129059e-01 5.208039478458050553e+02
2.190557939914163088e-01 4.560370085836909766e+02
2.426502732240437277e-01 3.454806138433515912e+02
2.596589259796807103e-01 3.221993062409288768e+02
2.811171662125340753e-01 3.235626103542234659e+02
3.008784530386739986e-01 2.838064154696132277e+02
3.206315289648623001e-01 2.511866894586895000e+02
3.399619047619047429e-01 2.186628542857143032e+02
3.619689737470166979e-01 1.803979355608591959e+02
3.799070887818307152e-01 1.709454088093599466e+02
4.013341804320203487e-01 1.588368602287166595e+02
4.195595854922279933e-01 1.406531485319516435e+02
4.407771883289124948e-01 1.276633023872679047e+02
4.600780487804878027e-01 1.241358502439024534e+02
4.807973648341663520e-01 1.110381172194457093e+02
5.009150981177412643e-01 1.011130530236283676e+02
5.204555984555984116e-01 9.948974193050193549e+01
5.419053527118044000e-01 9.035806997518611183e+01
5.606541598694942952e-01 8.403639745513866899e+01
5.706576338400528581e-01 8.391972306675478421e+01
