2.166666666666666741e-02 6.628063816666667663e+03
4.454545454545454780e-02 5.268225909090909227e+03
6.211111111111110999e-02 4.428240666666666584e+03
8.302469135802469091e-02 3.117516049382716119e+03
1.001960784313725428e-01 2.288289803921568819e+03
1.238590604026845732e-01 1.734457718120805339e+03
1.404228855721393054e-01 1.429996467661691440e+03
1.630075187969924899e-01 1.249571714285714279e+03
1.808858858858858887e-01 1.055341519519519579e+03
2.036394557823129059e-01 8.133093197278911930e+02
2.190557939914163088e-01 6.988550965665235708e+02
2.426502732240437277e-01 5.376792440801456223e+02
2.596589259796807103e-01 5.038551436865022310e+02
2.811171662125340753e-01 5.192729373297003121e+02
3.008784530386739986e-01 4.704014209944751883e+02
3.206315289648623001e-01 4.031511386514719675e+02
3.399619047619047429e-01 3.342585333333332756e+02
3.619689737470166979e-01 2.786840787589499087e+02
3.799070887818307152e-01 2.656435099793530981e+02
4.013341804320203487e-01 2.513653481575603337e+02
4.195595854922279933e-01 2.318034715025906962e+02
4.407771883289124948e-01 2.134033204244032333e+02
4.600780487804878027e-01 2.051856468292682791e+02
4.807973648341663520e-01 1.842710336210813296e+02
5.009150981177412643e-01 1.656690933119743647e+02
5.204555984555984116e-01 1.587775938223938113e+02
5.419053527118044000e-01 1.449528897554058631e+02
5.606541598694942952e-01 1.374186156606851341e+02
5.706576338400528581e-01 1.403004923992068598e+02
