2.166666666666666741e-02 3.959170833333333121e+03
4.454545454545454780e-02 3.574211363636364240e+03
6.211111111111110999e-02 2.689544444444444252e+03
8.302469135802469091e-02 1.846151604938271703e+03
1.001960784313725428e-01 1.548248137254901849e+03
1.238590604026845732e-01 1.147369731543624312e+03
1.404228855721393054e-01 8.936546965174128445e+02
1.630075187969924899e-01 8.093251541353382663e+02
1.808858858858858887e-01 6.730951861861861971e+02
2.036394557823129059e-01 5.010153469387754512e+02
2.190557939914163088e-01 4.380045364806866814e+02
2.426502732240437277e-01 3.238343934426229680e+02
2.596589259796807103e-01 3.001098185776487526e+02
2.811171662125340753e-01 3.028436062670299407e+02
3.008784530386739986e-01 2.646615005524861317e+02
3.206315289648623001e-01 2.399037825261158616e+02
3.399619047619047429e-01 2.080537904761904713e+02
3.619689737470166979e-01 1.692770477326969001e+02
3.799070887818307152e-01 1.614198382656572619e+02
4.013341804320203487e-01 1.484047649301143679e+02
4.195595854922279933e-01 1.311011324122049473e+02
4.407771883289124948e-01 1.198362063660477475e+02
4.600780487804878027e-01 1.169411936585365908e+02
4.807973648341663520e-01 1.029651727396637995e+02
5.009150981177412643e-01 9.360736179415297897e+01
5.204555984555984116e-01 9.314979637065636098e+01
5.419053527118044000e-01 8.535190705423607938e+01
5.606541598694942952e-01 7.870560646003262661e+01
5.706576338400528581e-01 7.770325935228024150e+01
