2.166666666666666741e-02 2.745599299999999857e+03
4.454545454545454780e-02 3.206285909090909627e+03
6.211111111111110999e-02 2.530048666666666577e+03
8.302469135802469091e-02 1.686231111111111204e+03
1.001960784313725428e-01 1.466012549019607832e+03
1.238590604026845732e-01 1.070142765100671113e+03
1.404228855721393054e-01 8.136194228855722486e+02
1.630075187969924899e-01 7.503543834586466801e+02
1.808858858858858887e-01 6.199340360360359909e+02
2.036394557823129059e-01 4.442022970521541652e+02
2.190557939914163088e-01 3.908668648068668858e+02
2.426502732240437277e-01 2.962017522768670119e+02
2.596589259796807103e-01 2.708772380261248145e+02
2.811171662125340753e-01 2.736157438692098367e+02
3.008784530386739986e-01 2.410164099447513877e+02
3.206315289648623001e-01 2.142567340930674220e+02
3.399619047619047429e-01 1.881301076190476067e+02
3.619689737470166979e-01 1.524922004773269748e+02
3.799070887818307152e-01 1.425179704060564063e+02
4.013341804320203487e-01 1.345605292249046840e+02
4.195595854922279933e-01 1.193009453080023121e+02
4.407771883289124948e-01 1.096261236074270471e+02
4.600780487804878027e-01 1.054730709268292657e+02
4.807973648341663520e-01 9.393288050885961127e+01
5.009150981177412643e-01 8.593283155786943439e+01
5.204555984555984116e-01 8.237576903474904100e+01
5.419053527118044000e-01 7.400977788018433046e+01
5.606541598694942952e-01 6.911921752039151556e+01
5.706576338400528581e-01 6.941968625247851321e+01
