2.166666666666666741e-02 2.809395666666666784e+03
4.454545454545454780e-02 2.715276363636363840e+03
6.211111111111110999e-02 2.124105333333333419e+03
8.302469135802469091e-02 1.467719753086419814e+03
1.001960784313725428e-01 1.270107843137254804e+03
1.238590604026845732e-01 9.477115704697987439e+02
1.404228855721393054e-01 7.238018756218905310e+02
1.630075187969924899e-01 6.431250714285714594e+02
1.808858858858858887e-01 5.352615015015014706e+02
2.036394557823129059e-01 4.059212993197278934e+02
2.190557939914163088e-01 3.528967081545064843e+02
2.426502732240437277e-01 2.591456265938069237e+02
2.596589259796807103e-01 2.409343933236574742e+02
2.811171662125340753e-01 2.489141920980926841e+02
3.008784530386739986e-01 2.207376486187845330e+02
3.206315289648623001e-01 1.927955023741690184e+02
3.399619047619047429e-01 1.688551009523809512e+02
3.619689737470166979e-01 1.400133556085918940e+02
3.799070887818307152e-01 1.330866600137646287e+02
4.013341804320203487e-01 1.201072693773824653e+02
4.195595854922279933e-01 1.033682845135290762e+02
4.407771883289124948e-01 1.014161022811670989e+02
4.600780487804878027e-01 9.967669160975609088e+01
4.807973648341663520e-01 8.441479500227167421e+01
5.009150981177412643e-01 7.518127492991590088e+01
5.204555984555984116e-01 7.498075698841698511e+01
5.419053527118044000e-01 6.734003683091103198e+01
5.606541598694942952e-01 6.107634179445350497e+01
5.706576338400528581e-01 6.153428314606742333e+01
