2.166666666666666741e-02 1.481315833333333285e+04
4.454545454545454780e-02 8.886218181818181620e+03
6.211111111111110999e-02 6.826551555555554842e+03
8.302469135802469091e-02 4.842011975308641922e+03
1.001960784313725428e-01 3.802315980392156689e+03
1.238590604026845732e-01 3.202044966442953410e+03
1.404228855721393054e-01 2.290590248756218898e+03
1.630075187969924899e-01 1.757873383458646458e+03
1.808858858858858887e-01 1.561142822822822836e+03
2.036394557823129059e-01 1.254391968253968344e+03
2.190557939914163088e-01 1.084986474248927152e+03
2.426502732240437277e-01 7.120028469945356164e+02
2.596589259796807103e-01 6.135218156748912861e+02
2.811171662125340753e-01 7.081483937329700211e+02
3.008784530386739986e-01 6.774986055248618868e+02
3.206315289648623001e-01 6.008713000949668412e+02
3.399619047619047429e-01 5.632522638095239245e+02
3.619689737470166979e-01 4.767415035799523366e+02
3.799070887818307152e-01 4.874074790089469502e+02
4.013341804320203487e-01 4.826071029224905260e+02
4.195595854922279933e-01 4.101237656879677616e+02
4.407771883289124948e-01 3.136820513527851517e+02
4.600780487804878027e-01 2.421560072195121620e+02
4.807973648341663520e-01 2.237846706042707865e+02
5.009150981177412643e-01 2.829167028434121107e+02
5.204555984555984116e-01 2.999337610038609796e+02
5.419053527118044000e-01 2.157636859269762510e+02
5.606541598694942952e-01 1.762419624143556121e+02
5.706576338400528581e-01 1.701359701255783250e+02
