2.166666666666666741e-02 1.557875783333333493e+04
4.454545454545454780e-02 8.728016818181818962e+03
6.211111111111110999e-02 5.476392666666666628e+03
8.302469135802469091e-02 3.744819259259259070e+03
1.001960784313725428e-01 2.790457254901960823e+03
1.238590604026845732e-01 2.161888053691275218e+03
1.404228855721393054e-01 1.732170597014925534e+03
1.630075187969924899e-01 1.480288684210526526e+03
1.808858858858858887e-01 1.304461561561561666e+03
2.036394557823129059e-01 1.003674081632652928e+03
2.190557939914163088e-01 8.314205579399141470e+02
2.426502732240437277e-01 6.178172641165756431e+02
2.596589259796807103e-01 6.243179448476051903e+02
2.811171662125340753e-01 5.930621975476840362e+02
3.008784530386739986e-01 5.166210132596685298e+02
3.206315289648623001e-01 5.055528471035138409e+02
3.399619047619047429e-01 4.316358380952381140e+02
3.619689737470166979e-01 3.551121670644391202e+02
3.799070887818307152e-01 3.338527109428768540e+02
4.013341804320203487e-01 3.064512191867852380e+02
4.195595854922279933e-01 2.893236096718479757e+02
4.407771883289124948e-01 2.815706244031829897e+02
4.600780487804878027e-01 2.596167809756097995e+02
4.807973648341663520e-01 2.268239645615629172e+02
5.009150981177412643e-01 2.155784609531437752e+02
5.204555984555984116e-01 2.034162038610038223e+02
5.419053527118044000e-01 1.888163966678482666e+02
5.606541598694942952e-01 1.785884557911908814e+02
5.706576338400528581e-01 1.699941156642432247e+02
