2.166666666666666741e-02 9.867880833333334522e+03
4.454545454545454780e-02 6.577860000000000582e+03
6.211111111111110999e-02 4.899024000000000342e+03
8.302469135802469091e-02 3.377548395061729025e+03
1.001960784313725428e-01 2.515507549019608177e+03
1.238590604026845732e-01 1.960153221476510225e+03
1.404228855721393054e-01 1.562176766169154007e+03
1.630075187969924899e-01 1.346222473684210627e+03
1.808858858858858887e-01 1.172704108108108358e+03
2.036394557823129059e-01 9.067903401360545104e+02
2.190557939914163088e-01 7.662372124463520322e+02
2.426502732240437277e-01 6.149242568306011663e+02
2.596589259796807103e-01 5.728137764876632900e+02
2.811171662125340753e-01 5.389823705722071736e+02
3.008784530386739986e-01 4.955507138121546973e+02
3.206315289648623001e-01 4.527394055080721955e+02
3.399619047619047429e-01 3.845356095238095122e+02
3.619689737470166979e-01 3.266751026252983365e+02
3.799070887818307152e-01 3.124062773571920388e+02
4.013341804320203487e-01 2.745080673443455908e+02
4.195595854922279933e-01 2.539924219919401196e+02
4.407771883289124948e-01 2.481345867374005252e+02
4.600780487804878027e-01 2.349910643902439062e+02
4.807973648341663520e-01 2.101805206724216362e+02
5.009150981177412643e-01 1.970325935122146461e+02
5.204555984555984116e-01 1.902148521235521059e+02
5.419053527118044000e-01 1.652962286423254170e+02
5.606541598694942952e-01 1.524630414355627863e+02
5.706576338400528581e-01 1.529135611368142804e+02
