2.166666666666666741e-02 -3.605761666666666861e+04
4.454545454545454780e-02 1.881455454545454268e+04
6.211111111111110999e-02 2.088202266666666765e+04
8.302469135802469091e-02 1.873149716049382914e+04
1.001960784313725428e-01 1.207035539215686185e+04
1.238590604026845732e-01 4.123923624161074258e+03
1.404228855721393054e-01 -9.011882089552231037e+02
1.630075187969924899e-01 2.612161654135373468e+01
1.808858858858858887e-01 5.551248648648651169e+02
2.036394557823129059e-01 7.888638321995466640e+02
2.190557939914163088e-01 2.645031394849785556e+03
2.426502732240437277e-01 2.086507759562841329e+03
2.596589259796807103e-01 3.281393116110304618e+03
2.811171662125340753e-01 1.007808660762942509e+03
3.008784530386739986e-01 -1.675129569060773747e+03
3.206315289648623001e-01 1.616045308641975225e+03
3.399619047619047429e-01 4.948336523809523896e+03
3.619689737470166979e-01 2.906789498806682332e+03
3.799070887818307152e-01 2.072320619408121274e+03
4.013341804320203487e-01 1.592418348157560331e+03
4.195595854922279933e-01 4.900093287276914111e+02
4.407771883289124948e-01 -6.893095448275862509e+02
4.600780487804878027e-01 -2.528053095609756383e+03
4.807973648341663520e-01 -7.265073848250796118e+02
5.009150981177412643e-01 8.114224297156588364e+02
5.204555984555984116e-01 4.711329849420849882e+02
5.419053527118044000e-01 -8.651063452676355610e+02
5.606541598694942952e-01 -1.300992888091353961e+03
5.706576338400528581e-01 -3.110613628552543446e+02
