2.166666666666666741e-02 6.880523616666666385e+03
4.454545454545454780e-02 5.184754545454545223e+03
6.211111111111110999e-02 4.047086444444444624e+03
8.302469135802469091e-02 2.821669629629629526e+03
1.001960784313725428e-01 2.124076078431372480e+03
1.238590604026845732e-01 1.609832214765100616e+03
1.404228855721393054e-01 1.292398179104477549e+03
1.630075187969924899e-01 1.140163744360902228e+03
1.808858858858858887e-01 9.760481621621621571e+02
2.036394557823129059e-01 7.461149523809524453e+02
2.190557939914163088e-01 6.465402639484979090e+02
2.426502732240437277e-01 4.901839362477231816e+02
2.596589259796807103e-01 4.540065849056604179e+02
2.811171662125340753e-01 4.549459904632151961e+02
3.008784530386739986e-01 4.152538872928177511e+02
3.206315289648623001e-01 3.684316476733143872e+02
3.399619047619047429e-01 3.139720009523809949e+02
3.619689737470166979e-01 2.673062816229117402e+02
3.799070887818307152e-01 2.468114026152787233e+02
4.013341804320203487e-01 2.195098049555273008e+02
4.195595854922279933e-01 2.019738888888888937e+02
4.407771883289124948e-01 1.933191098143236104e+02
4.600780487804878027e-01 1.888505780487804770e+02
4.807973648341663520e-01 1.726754161744661644e+02
5.009150981177412643e-01 1.600029847817380642e+02
5.204555984555984116e-01 1.510583833976834001e+02
5.419053527118044000e-01 1.365004707550514240e+02
5.606541598694942952e-01 1.269942061990211926e+02
5.706576338400528581e-01 1.233327362855254421e+02
