2.166666666666666741e-02 5.108984499999999571e+03
4.454545454545454780e-02 4.296294090909091210e+03
6.211111111111110999e-02 3.440873555555555413e+03
8.302469135802469091e-02 2.373786049382715646e+03
1.001960784313725428e-01 1.916319411764705819e+03
1.238590604026845732e-01 1.502962885906040356e+03
1.404228855721393054e-01 1.143854169154228885e+03
1.630075187969924899e-01 9.452188646616541519e+02
1.808858858858858887e-01 7.990592012012011764e+02
2.036394557823129059e-01 6.305684580498866580e+02
2.190557939914163088e-01 5.454877725321888420e+02
2.426502732240437277e-01 4.105277231329689585e+02
2.596589259796807103e-01 3.870745355587808376e+02
2.811171662125340753e-01 3.894206471389645685e+02
3.008784530386739986e-01 3.476097104972375860e+02
3.206315289648623001e-01 3.032471728395062200e+02
3.399619047619047429e-01 2.618998019047618868e+02
3.619689737470166979e-01 2.225835155131265424e+02
3.799070887818307152e-01 2.099625065381968341e+02
4.013341804320203487e-01 1.891505489199491592e+02
4.195595854922279933e-01 1.689474277489925100e+02
4.407771883289124948e-01 1.592967405835543957e+02
4.600780487804878027e-01 1.510510614634146407e+02
4.807973648341663520e-01 1.344361363016810742e+02
5.009150981177412643e-01 1.252147200640769000e+02
5.204555984555984116e-01 1.222159544401544338e+02
5.419053527118044000e-01 1.096531326479971540e+02
5.606541598694942952e-01 1.005458037846655799e+02
5.706576338400528581e-01 1.001474946463978881e+02
