2.166666666666666741e-02 1.144960899999999856e+04
4.454545454545454780e-02 6.736090909090909008e+03
6.211111111111110999e-02 4.858354222222222234e+03
8.302469135802469091e-02 3.484185802469135524e+03
1.001960784313725428e-01 2.790298333333333176e+03
1.238590604026845732e-01 2.247728993288590573e+03
1.404228855721393054e-01 1.802919004975124153e+03
1.630075187969924899e-01 1.585619999999999891e+03
1.808858858858858887e-01 1.382161321321321338e+03
2.036394557823129059e-01 1.050505990929705149e+03
2.190557939914163088e-01 8.257682746781115384e+02
2.426502732240437277e-01 6.415832750455373343e+02
2.596589259796807103e-01 6.389360232220610669e+02
2.811171662125340753e-01 6.234031144414168466e+02
3.008784530386739986e-01 5.466488154696132824e+02
3.206315289648623001e-01 4.894385403608736169e+02
3.399619047619047429e-01 4.329340761904761621e+02
3.619689737470166979e-01 3.691617446300715528e+02
3.799070887818307152e-01 3.363638651066758598e+02
4.013341804320203487e-01 2.919081626429479002e+02
4.195595854922279933e-01 2.685268324697754565e+02
4.407771883289124948e-01 2.691121103448275562e+02
4.600780487804878027e-01 2.600281868292682361e+02
4.807973648341663520e-01 2.331737660154475407e+02
5.009150981177412643e-01 2.268465991189427200e+02
5.204555984555984116e-01 2.191715216216216504e+02
5.419053527118044000e-01 1.981845299539170639e+02
5.606541598694942952e-01 1.773368176182707998e+02
5.706576338400528581e-01 1.638667851949768703e+02
