2.166666666666666741e-02 -1.408685000000000036e+04
4.454545454545454780e-02 3.791846818181818526e+04
6.211111111111110999e-02 3.071948088888889106e+04
8.302469135802469091e-02 6.415237777777778319e+03
1.001960784313725428e-01 4.911066862745099570e+03
1.238590604026845732e-01 9.708636241610738580e+03
1.404228855721393054e-01 7.604517661691542344e+03
1.630075187969924899e-01 3.613696578947368380e+03
1.808858858858858887e-01 6.472218618618620667e+02
2.036394557823129059e-01 3.530341111111110877e+03
2.190557939914163088e-01 3.132431090128755386e+03
2.426502732240437277e-01 2.270450888888889040e+03
2.596589259796807103e-01 1.459389782293178541e+03
2.811171662125340753e-01 -3.872361035422343889e+01
3.008784530386739986e-01 1.794168607734806756e+03
3.206315289648623001e-01 2.461686567901234412e+03
3.399619047619047429e-01 1.852838669523809131e+03
3.619689737470166979e-01 1.147748918854415251e+03
3.799070887818307152e-01 1.755947332415691562e+03
4.013341804320203487e-01 8.885388564167725463e+02
4.195595854922279933e-01 1.428045513874496635e+02
4.407771883289124948e-01 4.321672486790450876e+02
4.600780487804878027e-01 8.146034965853658605e+02
4.807973648341663520e-01 5.497574647887324772e+02
5.009150981177412643e-01 1.149796299399279405e+03
5.204555984555984116e-01 2.004103056602316656e+03
5.419053527118044000e-01 1.915363489897199315e+03
5.606541598694942952e-01 1.985618103752039133e+03
5.706576338400528581e-01 1.930855518836748161e+03
