2.166666666666666741e-02 5.601083333333333030e+03
4.454545454545454780e-02 1.077382045454545369e+04
6.211111111111110999e-02 6.443151066666667248e+03
8.302469135802469091e-02 4.381929851851852618e+03
1.001960784313725428e-01 2.227450784313725308e+03
1.238590604026845732e-01 3.933040939597315173e+02
1.404228855721393054e-01 8.018599999999999000e+02
1.630075187969924899e-01 6.866423421052631966e+02
1.808858858858858887e-01 1.020818469069069010e+03
2.036394557823129059e-01 2.794725889342403661e+03
2.190557939914163088e-01 1.785305472103004149e+03
2.426502732240437277e-01 6.812756211293260549e+02
2.596589259796807103e-01 6.320018592162554114e+02
2.811171662125340753e-01 9.452809196185285145e+02
3.008784530386739986e-01 1.727291060773480922e+03
3.206315289648623001e-01 8.957398862298196036e+02
3.399619047619047429e-01 4.874117161904755591e+01
3.619689737470166979e-01 4.600930357995225677e+02
3.799070887818307152e-01 1.043068911906400444e+03
4.013341804320203487e-01 4.183157827191868137e+02
4.195595854922279933e-01 -2.033888261370178441e+02
4.407771883289124948e-01 -2.185001389920423946e+02
4.600780487804878027e-01 6.916026965853658339e+02
4.807973648341663520e-01 4.755932439800089924e+02
5.009150981177412643e-01 -2.378240088105725647e+01
5.204555984555984116e-01 2.128180127413127138e+02
5.419053527118044000e-01 -9.011022332506203725e+01
5.606541598694942952e-01 -2.143971738988580853e+02
5.706576338400528581e-01 -2.477885591539987047e+02
