2.166666666666666741e-02 2.951483333333332212e+03
4.454545454545454780e-02 2.699659999999999854e+04
6.211111111111110999e-02 1.821906702222222521e+04
8.302469135802469091e-02 1.183634340740740845e+04
1.001960784313725428e-01 5.775351078431373026e+03
1.238590604026845732e-01 2.000205436241611096e+03
1.404228855721393054e-01 5.536518656716418263e+03
1.630075187969924899e-01 4.356536052631578968e+03
1.808858858858858887e-01 2.243380720720721001e+03
2.036394557823129059e-01 2.391608458049886849e+03
2.190557939914163088e-01 1.367823143776824509e+03
2.426502732240437277e-01 4.074767486338797653e+02
2.596589259796807103e-01 2.440175181422350761e+03
2.811171662125340753e-01 3.024825354223433351e+03
3.008784530386739986e-01 2.808007281767955647e+03
3.206315289648623001e-01 2.623191444444444642e+03
3.399619047619047429e-01 2.042813545714285965e+03
3.619689737470166979e-01 1.495616202386634995e+03
3.799070887818307152e-01 9.183737538885067124e+02
4.013341804320203487e-01 -2.655790279542568300e+01
4.195595854922279933e-01 -7.943378681635003886e+02
4.407771883289124948e-01 -3.676902106100795322e+02
4.600780487804878027e-01 6.697784521951219858e+02
4.807973648341663520e-01 1.006052420717855512e+03
5.009150981177412643e-01 1.210266259511413637e+03
5.204555984555984116e-01 8.156631949806950388e+02
5.419053527118044000e-01 6.846852481389578315e+02
5.606541598694942952e-01 7.702798146818922760e+02
5.706576338400528581e-01 3.330277884996695548e+02
