2.166666666666666741e-02 1.164473999999999978e+04
4.454545454545454780e-02 1.000663136363636477e+04
6.211111111111110999e-02 1.039133888888888941e+04
8.302469135802469091e-02 7.937027283950616948e+03
1.001960784313725428e-01 4.519431078431372043e+03
1.238590604026845732e-01 2.990161610738254694e+03
1.404228855721393054e-01 2.891370199004974893e+03
1.630075187969924899e-01 2.689355375939849637e+03
1.808858858858858887e-01 2.048557477477477732e+03
2.036394557823129059e-01 1.313225079365079409e+03
2.190557939914163088e-01 1.067149712446351941e+03
2.426502732240437277e-01 6.601572087431693490e+02
2.596589259796807103e-01 6.797939645863571059e+02
2.811171662125340753e-01 6.215740749318800908e+02
3.008784530386739986e-01 4.224554685082873107e+02
3.206315289648623001e-01 5.926828024691358223e+02
3.399619047619047429e-01 4.317562276190476496e+02
3.619689737470166979e-01 1.887137279236276868e+02
3.799070887818307152e-01 3.560110392291809376e+02
4.013341804320203487e-01 4.675066543837357358e+02
4.195595854922279933e-01 4.445205192861254773e+02
4.407771883289124948e-01 2.716939395225464295e+02
4.600780487804878027e-01 3.534105204878048312e+02
4.807973648341663520e-01 5.481444684234439819e+02
5.009150981177412643e-01 5.708383512214657003e+02
5.204555984555984116e-01 4.201086830115830253e+02
5.419053527118044000e-01 2.988738511166253602e+02
5.606541598694942952e-01 2.727868280587275649e+02
5.706576338400528581e-01 2.047170363516192992e+02
