3.910000000000000142e+01 1.456887363391843326e+00 3.362061544484261644e-01 2.299643666990605628e-01 2.299643666990605628e-01
3.930000000000000426e+01 1.485247278975733609e+00 3.728323308881962284e-01 1.719063816002591449e-01 1.719063816002591449e-01
3.950000000000000000e+01 1.510923894497505415e+00 3.967776771181178441e-01 1.477189288413778279e-01 1.477189288413778279e-01
3.970000000000000284e+01 1.537576109515196965e+00 4.145602823148519245e-01 1.235482129359680437e-01 1.235482129359680437e-01
3.989999999999999858e+01 1.568735306392833095e+00 4.435969916530610457e-01 9.922038656732534712e-02 9.922038656732534712e-02
4.010000000000000142e+01 1.595363312589095139e+00 4.369359802779111401e-01 1.113756613756613778e-01 1.113756613756613778e-01
4.030000000000000426e+01 1.633100426113815784e+00 4.398033367242852321e-01 6.697980779613432745e-02 6.697980779613432745e-02
4.050000000000000000e+01 1.675736931526633500e+00 4.577173635016363873e-01 4.754940071266602203e-02 4.754940071266602203e-02
4.070000000000000284e+01 1.707991536896101614e+00 4.056406462171668337e-01 3.703595724003887202e-02 3.703595724003887202e-02
4.089999999999999858e+01 1.735553604198177835e+00 3.676926714013645792e-01 2.796566245545837465e-02 2.796566245545837465e-02
4.110000000000000142e+01 1.780050384945807140e+00 3.626669793156237498e-01 1.628387863081740689e-02 1.628387863081740689e-02
4.130000000000000426e+01 1.851818705418004640e+00 4.134917285574631896e-01 7.154734909836950839e-03 7.154734909836950839e-03
4.150000000000000000e+01 1.962298283966259493e+00 5.504204758014028531e-01 2.356656948493683276e-03 2.356656948493683276e-03
4.170000000000000284e+01 2.059724418005451252e+00 6.899135822469559809e-01 7.812331281719036387e-04 7.812331281719036387e-04
4.189999999999999858e+01 2.079381854965007381e+00 5.382296667497277198e-01 3.595724003887268991e-04 3.595724003887268991e-04
4.210000000000000142e+01 2.092035389380613619e+00 4.141532644809808872e-01 1.598099557283230753e-04 1.598099557283230753e-04
4.230000000000000426e+01 2.065358278430777350e+00 3.231904898158627915e-01 8.962315084764064523e-05 8.962315084764064523e-05
4.250000000000000000e+01 2.170529333791848092e+00 5.377646098730600732e-01 3.941259043299859618e-05 3.941259043299859618e-05
4.270000000000000284e+01 2.472433921981264771e+00 6.912789914221750820e-01 3.779289493575207656e-06 3.779289493575207656e-06
4.289999999999999858e+01 2.602756259356139967e+00 6.209322230746655569e-01 1.079796998164345075e-06 1.079796998164345075e-06
