2.166666666666666741e-02 4.773287116666667316e+03
4.454545454545454780e-02 4.869285909090909627e+03
6.211111111111110999e-02 4.064600666666666712e+03
8.302469135802469091e-02 2.770662592592592318e+03
1.001960784313725428e-01 2.156205294117647099e+03
1.238590604026845732e-01 1.586272953020134310e+03
1.404228855721393054e-01 1.267109084577114572e+03
1.630075187969924899e-01 1.113863751879699066e+03
1.808858858858858887e-01 9.240910270270269393e+02
2.036394557823129059e-01 6.929780839002266930e+02
2.190557939914163088e-01 6.045792703862661028e+02
2.426502732240437277e-01 4.768122932604735524e+02
2.596589259796807103e-01 4.434892714078374638e+02
2.811171662125340753e-01 4.348081839237056556e+02
3.008784530386739986e-01 3.997413248618784110e+02
3.206315289648623001e-01 3.491995099715099400e+02
3.399619047619047429e-01 2.906169142857143015e+02
3.619689737470166979e-01 2.484820143198090534e+02
3.799070887818307152e-01 2.364063117687543354e+02
4.013341804320203487e-01 2.175948030495552814e+02
4.195595854922279933e-01 1.961166499712147413e+02
4.407771883289124948e-01 1.831062588859416564e+02
4.600780487804878027e-01 1.751880453658536680e+02
4.807973648341663520e-01 1.571364393457519384e+02
5.009150981177412643e-01 1.446096860232278800e+02
5.204555984555984116e-01 1.405726675675675779e+02
5.419053527118044000e-01 1.318965710740872055e+02
5.606541598694942952e-01 1.244255732463295203e+02
5.706576338400528581e-01 1.223552901520158684e+02
