2.166666666666666741e-02 8.547735000000000582e+03
4.454545454545454780e-02 1.027870227272727243e+04
6.211111111111110999e-02 1.029580022222222215e+04
8.302469135802469091e-02 9.961240864197530755e+03
1.001960784313725428e-01 8.436609215686274183e+03
1.238590604026845732e-01 4.689923422818792460e+03
1.404228855721393054e-01 2.987925820895522065e+03
1.630075187969924899e-01 2.345302368421052506e+03
1.808858858858858887e-01 2.112619039039039308e+03
2.036394557823129059e-01 1.340940471655328793e+03
2.190557939914163088e-01 8.949668626609441162e+02
2.426502732240437277e-01 6.613109981785064519e+02
2.596589259796807103e-01 6.361507082728592195e+02
2.811171662125340753e-01 7.554770803814714100e+02
3.008784530386739986e-01 6.207266022099446445e+02
3.206315289648623001e-01 5.151201006647673921e+02
3.399619047619047429e-01 3.293245323809524052e+02
3.619689737470166979e-01 2.699114305489259777e+02
3.799070887818307152e-01 3.471346092222987636e+02
4.013341804320203487e-01 5.063536429479034950e+02
4.195595854922279933e-01 5.325803949337938548e+02
4.407771883289124948e-01 2.852114286472148024e+02
4.600780487804878027e-01 2.117420214634146305e+02
4.807973648341663520e-01 2.937764002726033254e+02
5.009150981177412643e-01 3.523724357228674648e+02
5.204555984555984116e-01 2.148920606949806995e+02
5.419053527118044000e-01 2.327806413328606823e+02
5.606541598694942952e-01 2.081096903099510484e+02
5.706576338400528581e-01 4.882108446794446621e+01
