2.166666666666666741e-02 4.944947750000000269e+03
4.454545454545454780e-02 4.751596363636363094e+03
6.211111111111110999e-02 3.750634000000000015e+03
8.302469135802469091e-02 2.497923333333333176e+03
1.001960784313725428e-01 2.013175882352941244e+03
1.238590604026845732e-01 1.533183825503355365e+03
1.404228855721393054e-01 1.215717273631840953e+03
1.630075187969924899e-01 1.051069060150375890e+03
1.808858858858858887e-01 8.626377117117117450e+02
2.036394557823129059e-01 6.517086802721089498e+02
2.190557939914163088e-01 5.777367725321888656e+02
2.426502732240437277e-01 4.465286193078324004e+02
2.596589259796807103e-01 4.117243309143686929e+02
2.811171662125340753e-01 4.050723051771116729e+02
3.008784530386739986e-01 3.621300022099447347e+02
3.206315289648623001e-01 3.204019059829059302e+02
3.399619047619047429e-01 2.795925628571428661e+02
3.619689737470166979e-01 2.362411551312648896e+02
3.799070887818307152e-01 2.131486317962835528e+02
4.013341804320203487e-01 1.923049358322744808e+02
4.195595854922279933e-01 1.776827582037996649e+02
4.407771883289124948e-01 1.674728053050397989e+02
4.600780487804878027e-01 1.644470721951219616e+02
4.807973648341663520e-01 1.464650068150840525e+02
5.009150981177412643e-01 1.320513031637965469e+02
5.204555984555984116e-01 1.299793590733590918e+02
5.419053527118044000e-01 1.201175512229705902e+02
5.606541598694942952e-01 1.120253637194127236e+02
5.706576338400528581e-01 1.098152463978850051e+02
