2.166666666666666741e-02 2.361837716666666438e+03
4.454545454545454780e-02 2.261434999999999945e+03
6.211111111111110999e-02 1.638634666666666590e+03
8.302469135802469091e-02 1.137455061728395094e+03
1.001960784313725428e-01 1.014716470588235325e+03
1.238590604026845732e-01 7.182775033557047664e+02
1.404228855721393054e-01 5.470742139303482645e+02
1.630075187969924899e-01 5.146616616541354006e+02
1.808858858858858887e-01 4.204451201201201229e+02
2.036394557823129059e-01 3.117227573696144987e+02
2.190557939914163088e-01 2.781783776824034362e+02
2.426502732240437277e-01 2.020152568306011176e+02
2.596589259796807103e-01 1.923214847605224804e+02
2.811171662125340753e-01 1.969031403269754321e+02
3.008784530386739986e-01 1.642547602209944841e+02
3.206315289648623001e-01 1.479548347578347602e+02
3.399619047619047429e-01 1.348953742857142686e+02
3.619689737470166979e-01 1.047318988066825654e+02
3.799070887818307152e-01 9.918655182381279189e+01
4.013341804320203487e-01 9.531526270648029708e+01
4.195595854922279933e-01 8.303474525043176868e+01
4.407771883289124948e-01 7.614113023872678809e+01
4.600780487804878027e-01 7.505583048780486877e+01
4.807973648341663520e-01 6.587672403452975800e+01
5.009150981177412643e-01 5.744553263916699848e+01
5.204555984555984116e-01 5.739269335907335545e+01
5.419053527118044000e-01 5.127183353420772249e+01
5.606541598694942952e-01 4.653145184339315676e+01
5.706576338400528581e-01 4.748682875082617727e+01
