4.110000000000000142e+01 1.756425268640405379e+00 1.117343827082158472e-02
4.129999999999999716e+01 1.739144015227415574e+00 1.248775207541242931e-02
4.150000000000000000e+01 1.800567436702321222e+00 1.540332833957166157e-02
4.170000000000000284e+01 1.753356975431399567e+00 2.239567772972391596e-02
4.189999999999999858e+01 1.924272532654817791e+00 3.758544709457519589e-02
4.210000000000000142e+01 1.897024860168457172e+00 8.046338315825744825e-02
4.229999999999999716e+01 2.323328966505212811e+00 1.618118777289894727e-01
4.250000000000000000e+01 1.946796978516277976e+00 3.193481826793178602e-01
4.270000000000000284e+01 3.533628081225506978e+00 3.953231163661657943e-01
4.289999999999999858e+01 2.889488773494812701e+00 1.041572393270795427e+00
