2.166666666666666741e-02 2.893724533333332602e+03
4.454545454545454780e-02 2.510510454545454195e+03
6.211111111111110999e-02 1.657650444444444474e+03
8.302469135802469091e-02 1.064974320987654437e+03
1.001960784313725428e-01 9.743156862745097442e+02
1.238590604026845732e-01 7.129595973154363264e+02
1.404228855721393054e-01 5.417548358208955506e+02
1.630075187969924899e-01 5.117290263157894969e+02
1.808858858858858887e-01 4.211097387387387698e+02
2.036394557823129059e-01 3.060570272108843710e+02
2.190557939914163088e-01 2.746795107296137530e+02
2.426502732240437277e-01 2.050558087431693934e+02
2.596589259796807103e-01 1.868034121915819696e+02
2.811171662125340753e-01 1.912823051771117093e+02
3.008784530386739986e-01 1.634349580110497300e+02
3.206315289648623001e-01 1.444654178537511768e+02
3.399619047619047429e-01 1.311001161904761716e+02
3.619689737470166979e-01 1.025550162291169585e+02
3.799070887818307152e-01 9.680300302821747493e+01
4.013341804320203487e-01 9.267884218551461117e+01
4.195595854922279933e-01 7.864963719055843683e+01
4.407771883289124948e-01 7.582849262599468432e+01
4.600780487804878027e-01 7.662293887804878523e+01
4.807973648341663520e-01 6.502302230804181704e+01
5.009150981177412643e-01 5.809859094913897337e+01
5.204555984555984116e-01 5.777328517374517247e+01
5.419053527118044000e-01 5.070637256292094719e+01
5.606541598694942952e-01 4.667732854812397392e+01
5.706576338400528581e-01 4.775368592200926088e+01
