4.110000000000000142e+01 1.722419905731333190e+00 3.671074306192353975e-01 2.740578771191016019e-02 2.740578771191016019e-02
4.130000000000000426e+01 1.748632014324289718e+00 3.504588273611402016e-01 2.003023431594860154e-02 2.003023431594860154e-02
4.150000000000000000e+01 1.795455624642840586e+00 3.609153938098039749e-01 1.062628225893532015e-02 1.062628225893532015e-02
4.170000000000000284e+01 1.865065215908455309e+00 4.365555160202617691e-01 4.145880574452002684e-03 4.145880574452002684e-03
4.189999999999999858e+01 1.950557736033088352e+00 4.608821076235727898e-01 1.306014469279775502e-03 1.306014469279775502e-03
4.210000000000000142e+01 1.991916402878220804e+00 5.080397708822043112e-01 4.184213367886837308e-04 4.184213367886837308e-04
4.230000000000000426e+01 2.006051210689671294e+00 3.278268586959702802e-01 1.868048806824317075e-04 1.868048806824317075e-04
4.250000000000000000e+01 2.005947873356666467e+00 3.927169380111382724e-01 9.124284634488716316e-05 9.124284634488716316e-05
4.270000000000000284e+01 2.063666467386502834e+00 3.418640858738799526e-01 4.913076341647770376e-05 4.913076341647770376e-05
4.289999999999999858e+01 2.110720207017849681e+00 4.055381728573955180e-01 1.781665046971169384e-05 1.781665046971169384e-05
