3.910000000000000142e+01 1.506363461208653165e+00 4.283747177875121825e-01 1.129084332145556674e-01 1.129084332145556674e-01
3.930000000000000426e+01 1.526474961725052815e+00 4.510610082551666511e-01 1.015365511283878586e-01 1.015365511283878586e-01
3.950000000000000000e+01 1.547892146610619912e+00 4.744079972083496410e-01 8.849746247705431168e-02 8.849746247705431168e-02
3.970000000000000284e+01 1.572148923344339089e+00 4.832132186396406737e-01 7.688910484828852254e-02 7.688910484828852254e-02
3.989999999999999858e+01 1.598985972187147331e+00 5.212705857180229829e-01 6.855631141345426560e-02 6.855631141345426560e-02
4.010000000000000142e+01 1.605697221436507283e+00 4.910672661873307643e-01 8.981913400280747140e-02 8.981913400280747140e-02
4.030000000000000426e+01 1.641546405488345295e+00 5.334162123619182738e-01 5.459237663319296135e-02 5.459237663319296135e-02
4.050000000000000000e+01 1.668439694665173390e+00 5.216622763194648238e-01 4.504103228593024644e-02 4.504103228593024644e-02
4.070000000000000284e+01 1.690406090223188773e+00 4.889357768240265023e-01 3.703595724003887202e-02 3.703595724003887202e-02
4.089999999999999858e+01 1.708481114512936605e+00 4.577967921774691584e-01 3.171255803908865079e-02 3.171255803908865079e-02
4.110000000000000142e+01 1.722419905731333190e+00 3.671074306192353975e-01 2.740578771191016019e-02 2.740578771191016019e-02
4.130000000000000426e+01 1.748632014324289718e+00 3.504588273611402016e-01 2.003023431594860154e-02 2.003023431594860154e-02
4.150000000000000000e+01 1.795455624642840586e+00 3.609153938098039749e-01 1.062628225893532015e-02 1.062628225893532015e-02
4.170000000000000284e+01 1.865065215908455309e+00 4.365555160202617691e-01 4.145880574452002684e-03 4.145880574452002684e-03
4.189999999999999858e+01 1.950557736033088352e+00 4.608821076235727898e-01 1.306014469279775502e-03 1.306014469279775502e-03
4.210000000000000142e+01 1.991916402878220804e+00 5.080397708822043112e-01 4.184213367886837308e-04 4.184213367886837308e-04
4.230000000000000426e+01 2.006051210689671294e+00 3.278268586959702802e-01 1.868048806824317075e-04 1.868048806824317075e-04
4.250000000000000000e+01 2.005947873356666467e+00 3.927169380111382724e-01 9.124284634488716316e-05 9.124284634488716316e-05
4.270000000000000284e+01 2.063666467386502834e+00 3.418640858738799526e-01 4.913076341647770376e-05 4.913076341647770376e-05
4.289999999999999858e+01 2.110720207017849681e+00 4.055381728573955180e-01 1.781665046971169384e-05 1.781665046971169384e-05
