2.166666666666666741e-02 8.283370000000000800e+03
4.454545454545454780e-02 6.436437727272727898e+03
6.211111111111110999e-02 6.699438888888888869e+03
8.302469135802469091e-02 5.958901481481481824e+03
1.001960784313725428e-01 4.763743039215686622e+03
1.238590604026845732e-01 3.145270134228187999e+03
1.404228855721393054e-01 1.891341751243781346e+03
1.630075187969924899e-01 1.707076210526315890e+03
1.808858858858858887e-01 1.865268408408408504e+03
2.036394557823129059e-01 1.252387414965986636e+03
2.190557939914163088e-01 9.179102660944205354e+02
2.426502732240437277e-01 5.111217304189435708e+02
2.596589259796807103e-01 4.454279042089985410e+02
2.811171662125340753e-01 6.479543596730245554e+02
3.008784530386739986e-01 5.413523646408839340e+02
3.206315289648623001e-01 5.390940740740741148e+02
3.399619047619047429e-01 6.170883000000001175e+02
3.619689737470166979e-01 4.118892816229117102e+02
3.799070887818307152e-01 3.325576620784583497e+02
4.013341804320203487e-01 3.677716168996188344e+02
4.195595854922279933e-01 4.728608186528497868e+02
4.407771883289124948e-01 3.137879012201591422e+02
4.600780487804878027e-01 2.449178003902439116e+02
4.807973648341663520e-01 3.726036369831894604e+02
5.009150981177412643e-01 3.999764389267120350e+02
5.204555984555984116e-01 3.911265895752895858e+02
5.419053527118044000e-01 3.361703576745834425e+02
5.606541598694942952e-01 2.761749876019575822e+02
5.706576338400528581e-01 2.131082465300727051e+02
