3.910000000000000142e+01 1.403163896596820726e+00 4.717314845771058418e-01 8.530990173847316504e-02 8.530990173847316504e-02
3.930000000000000426e+01 1.383267030133375597e+00 3.812085578450338796e-01 1.464733830039952611e-01 1.464733830039952611e-01
3.950000000000000000e+01 1.364958915679393980e+00 2.720154078096777561e-01 3.082680056149443848e-01 3.082680056149443848e-01
3.970000000000000284e+01 1.368120380622712684e+00 2.396398623302435638e-01 4.524759745167908354e-01 4.524759745167908354e-01
3.989999999999999858e+01 1.393042821009706111e+00 2.763503987725889344e-01 3.447996976568404870e-01 3.447996976568404870e-01
4.010000000000000142e+01 1.433735514238375419e+00 3.219795685654173734e-01 3.158832739444984439e-01 3.158832739444984439e-01
4.030000000000000426e+01 1.439605563193547155e+00 3.128916598837899188e-01 2.800939423388402738e-01 2.800939423388402738e-01
4.050000000000000000e+01 1.466677241416919575e+00 3.558557536473230809e-01 2.163162725407623277e-01 2.163162725407623277e-01
4.070000000000000284e+01 1.497249082950968369e+00 3.960338734107567982e-01 1.662342079689018426e-01 1.662342079689018426e-01
4.089999999999999858e+01 1.519928170933741329e+00 4.006419668074641116e-01 1.446631033365727292e-01 1.446631033365727292e-01
4.110000000000000142e+01 1.547776630215325300e+00 4.196820331284976113e-01 1.198747435482129392e-01 1.198747435482129392e-01
4.130000000000000426e+01 1.578022058493008251e+00 4.439870009875103163e-01 9.780477270273188473e-02 9.780477270273188473e-02
4.150000000000000000e+01 1.603692901766259782e+00 4.148559494367650147e-01 8.321185617103984966e-02 8.321185617103984966e-02
4.170000000000000284e+01 1.634228755283292367e+00 4.052275621420707297e-01 6.491847532663859444e-02 6.491847532663859444e-02
4.189999999999999858e+01 1.674109012269199281e+00 3.908851377751342837e-01 4.565759637188208930e-02 4.565759637188208930e-02
4.210000000000000142e+01 1.704305293848416669e+00 3.518465164325980665e-01 3.326908541194255331e-02 3.326908541194255331e-02
4.230000000000000426e+01 1.739325906262353616e+00 3.454149239949206862e-01 2.098153547133138966e-02 2.098153547133138966e-02
4.250000000000000000e+01 1.797818568081808843e+00 3.950305598224097547e-01 8.957995896771406980e-03 8.957995896771406980e-03
4.270000000000000284e+01 1.895287264602359301e+00 4.773240412211914863e-01 2.769679300291545253e-03 2.769679300291545253e-03
4.289999999999999858e+01 2.027019883577095616e+00 7.041048416046190583e-01 8.562790195443256225e-04 8.562790195443256225e-04
4.310000000000000142e+01 2.030640961347669471e+00 4.218435615435748298e-01 3.115214339704135745e-04 3.115214339704135745e-04
4.330000000000000426e+01 2.089121147789530397e+00 4.155000624009074217e-01 1.727675197062952187e-04 1.727675197062952187e-04
4.350000000000000000e+01 2.102431439120531653e+00 4.106902801760489163e-01 8.368426735773674616e-05 8.368426735773674616e-05
4.370000000000000284e+01 2.143146698752134593e+00 4.204003246136183702e-01 3.185401144584817918e-05 3.185401144584817918e-05
4.389999999999999858e+01 2.064741048969606751e+00 1.947589831441061681e-01 4.859086491739552943e-06 4.859086491739552943e-06
