4.110000000000000142e+01 1.729786855963630021e+00 1.357792873594776406e-02
4.129999999999999716e+01 1.779017519661835189e+00 1.602760104324764054e-02
4.150000000000000000e+01 1.747699143381272302e+00 2.279446761821826359e-02
4.170000000000000284e+01 1.796159599896945736e+00 4.000179053686490904e-02
4.189999999999999858e+01 1.994125441952809163e+00 8.528888337544444920e-02
4.210000000000000142e+01 2.158039013229576586e+00 2.180570791471749259e-01
4.229999999999999716e+01 2.765921663517478812e+00 3.412749859418555132e-01
4.250000000000000000e+01 3.412696032972722726e+00 5.524461652383215737e-01
4.270000000000000284e+01 3.689524241494493761e+00 1.105189475593148840e+00
4.289999999999999858e+01 4.590150588329141357e+00 2.799786835329503010e+00
