2.166666666666666741e-02 5.676737616666666327e+03
4.454545454545454780e-02 5.417943636363635960e+03
6.211111111111110999e-02 4.638017111111111262e+03
8.302469135802469091e-02 3.200546913580246837e+03
1.001960784313725428e-01 2.410786666666666406e+03
1.238590604026845732e-01 1.805508053691275336e+03
1.404228855721393054e-01 1.456899502487562359e+03
1.630075187969924899e-01 1.271342120300751958e+03
1.808858858858858887e-01 1.082106198198198172e+03
2.036394557823129059e-01 8.159715011337868873e+02
2.190557939914163088e-01 6.973806137339055340e+02
2.426502732240437277e-01 5.469203315118396631e+02
2.596589259796807103e-01 5.118945413642961171e+02
2.811171662125340753e-01 5.235562561307901888e+02
3.008784530386739986e-01 4.828784187845303677e+02
3.206315289648623001e-01 4.171518736942070404e+02
3.399619047619047429e-01 3.424814704761904522e+02
3.619689737470166979e-01 2.947349474940334062e+02
3.799070887818307152e-01 2.831130502408809093e+02
4.013341804320203487e-01 2.567247960609910820e+02
4.195595854922279933e-01 2.377329044329303258e+02
4.407771883289124948e-01 2.225814445623342124e+02
4.600780487804878027e-01 2.102901575609755866e+02
4.807973648341663520e-01 1.893551803725579248e+02
5.009150981177412643e-01 1.755613019623548325e+02
5.204555984555984116e-01 1.683759934362934416e+02
5.419053527118044000e-01 1.557798738036157431e+02
5.606541598694942952e-01 1.481908711256117499e+02
5.706576338400528581e-01 1.461212637144745656e+02
