2.166666666666666741e-02 -1.979225000000000000e+06
4.454545454545454780e-02 -9.872637272727272939e+05
6.211111111111110999e-02 3.709244444444444525e+03
8.302469135802469091e-02 3.441583827160493820e+05
1.001960784313725428e-01 -1.083859901960784337e+05
1.238590604026845732e-01 3.597148456375839305e+04
1.404228855721393054e-01 7.439463880597014213e+04
1.630075187969924899e-01 -1.031117037593985006e+05
1.808858858858858887e-01 1.238151831831831805e+04
2.036394557823129059e-01 -2.577517437641723518e+04
2.190557939914163088e-01 -1.796457832618025350e+04
2.426502732240437277e-01 4.981345792349726253e+04
2.596589259796807103e-01 -2.417212046444122097e+04
2.811171662125340753e-01 2.363241553133515117e+04
3.008784530386739986e-01 6.786650696132596931e+04
3.206315289648623001e-01 -9.247395650522317737e+04
3.399619047619047429e-01 4.275906476190475951e+04
3.619689737470166979e-01 5.102935035799522302e+04
3.799070887818307152e-01 -8.776800922229868593e+04
4.013341804320203487e-01 1.561792096569250134e+04
4.195595854922279933e-01 5.546268474381117267e+04
4.407771883289124948e-01 -5.611779310344827536e+03
4.600780487804878027e-01 -2.176545853658536544e+03
4.807973648341663520e-01 4.042597092230801991e+03
5.009150981177412643e-01 -2.094857120544654026e+04
5.204555984555984116e-01 -2.364549420849421040e+03
5.419053527118044000e-01 -9.597470081531371761e+03
5.606541598694942952e-01 -1.796171908646000247e+03
5.706576338400528581e-01 1.867649352280238236e+04
