2.166666666666666741e-02 9.401899499999999534e+03
4.454545454545454780e-02 6.563467272727272757e+03
6.211111111111110999e-02 5.028030666666666548e+03
8.302469135802469091e-02 3.481457037037036571e+03
1.001960784313725428e-01 2.641629705882352937e+03
1.238590604026845732e-01 2.062545033557046736e+03
1.404228855721393054e-01 1.604522835820895352e+03
1.630075187969924899e-01 1.335557225563909697e+03
1.808858858858858887e-01 1.192015951951952047e+03
2.036394557823129059e-01 9.513899274376416315e+02
2.190557939914163088e-01 7.844389420600858784e+02
2.426502732240437277e-01 6.115068579234972503e+02
2.596589259796807103e-01 5.799362264150943247e+02
2.811171662125340753e-01 5.421263801089918388e+02
3.008784530386739986e-01 4.944992165745856028e+02
3.206315289648623001e-01 4.628078547008546479e+02
3.399619047619047429e-01 3.925179571428571421e+02
3.619689737470166979e-01 3.334021002386634791e+02
3.799070887818307152e-01 3.201176317962835469e+02
4.013341804320203487e-01 2.918461264294790567e+02
4.195595854922279933e-01 2.758701830742659808e+02
4.407771883289124948e-01 2.646238323607427105e+02
4.600780487804878027e-01 2.480536536585365752e+02
4.807973648341663520e-01 2.210677337573829959e+02
5.009150981177412643e-01 2.018295903083700580e+02
5.204555984555984116e-01 1.948982779922779969e+02
5.419053527118044000e-01 1.791033154909606537e+02
5.606541598694942952e-01 1.673892332789559418e+02
5.706576338400528581e-01 1.669960713813615314e+02
