3.910000000000000142e+01 1.262190384631349804e+00 7.601955826077885434e-03
3.929999999999999716e+01 1.112453030840603319e+00 5.774945633248311505e-03
3.950000000000000000e+01 9.886041993172982600e-01 3.959606085245851240e-03
3.970000000000000284e+01 9.827543566150358512e-01 3.261783087281094982e-03
3.989999999999999858e+01 1.087310381040294871e+00 3.737639639676740028e-03
4.010000000000000142e+01 1.211150163646831812e+00 3.903366746253505298e-03
4.029999999999999716e+01 1.227188793871444528e+00 4.146352956527243547e-03
4.050000000000000000e+01 1.300758675308531176e+00 4.721235990777459916e-03
4.070000000000000284e+01 1.393265211226722311e+00 5.389606770714040242e-03
4.089999999999999858e+01 1.439725478963622241e+00 5.780228361365130629e-03
4.110000000000000142e+01 1.486939216670649211e+00 6.355399736721897321e-03
4.129999999999999716e+01 1.562822654501555553e+00 7.043311655295777726e-03
4.150000000000000000e+01 1.586718348752251373e+00 7.647509570945901052e-03
4.170000000000000284e+01 1.659622444014543730e+00 8.673672277886132834e-03
4.189999999999999858e+01 1.719217590042457333e+00 1.038925793005611269e-02
4.210000000000000142e+01 1.711206146316446075e+00 1.226418348415957496e-02
4.229999999999999716e+01 1.775820088343406988e+00 1.563436258242841340e-02
4.250000000000000000e+01 1.786538288831136967e+00 2.503564697872089073e-02
4.270000000000000284e+01 1.941934282863935879e+00 5.071927048111563030e-02
4.289999999999999858e+01 2.404739194921293510e+00 1.087912315396043911e-01
4.310000000000000142e+01 2.351408144448856596e+00 2.391133472800789084e-01
4.329999999999999716e+01 3.253747832447145605e+00 3.336626872056738247e-01
4.350000000000000000e+01 2.657033064454924709e+00 8.001925068183532996e-01
4.369999999999999574e+01 4.236054083692511796e+00 1.702550035591905209e+00
4.389999999999999858e+01 9.040343999705637401e+00 6.382661876742367291e+00
