2.166666666666666741e-02 5.379589733333333243e+03
4.454545454545454780e-02 5.734392727272726916e+03
6.211111111111110999e-02 5.048787333333332754e+03
8.302469135802469091e-02 3.352974320987654210e+03
1.001960784313725428e-01 2.387023039215685912e+03
1.238590604026845732e-01 1.776565570469798786e+03
1.404228855721393054e-01 1.478731641791044694e+03
1.630075187969924899e-01 1.314768872180451126e+03
1.808858858858858887e-01 1.110062882882882832e+03
2.036394557823129059e-01 8.321016213151928014e+02
2.190557939914163088e-01 7.066970000000000027e+02
2.426502732240437277e-01 5.672026939890710082e+02
2.596589259796807103e-01 5.343091422351234314e+02
2.811171662125340753e-01 5.279607806539509056e+02
3.008784530386739986e-01 4.908623845303867483e+02
3.206315289648623001e-01 4.233603447293447744e+02
3.399619047619047429e-01 3.441788428571429108e+02
3.619689737470166979e-01 3.006644343675417872e+02
3.799070887818307152e-01 2.862508245010323549e+02
4.013341804320203487e-01 2.587781575603557940e+02
4.195595854922279933e-01 2.411689971214738080e+02
4.407771883289124948e-01 2.256825782493368990e+02
4.600780487804878027e-01 2.125360107317073073e+02
4.807973648341663520e-01 1.912436192639709134e+02
5.009150981177412643e-01 1.805627108530236455e+02
5.204555984555984116e-01 1.736169980694980666e+02
5.419053527118044000e-01 1.560922523927685006e+02
5.606541598694942952e-01 1.498880437194127353e+02
5.706576338400528581e-01 1.519039220092531366e+02
