2.166666666666666741e-02 3.454248733333333348e+03
4.454545454545454780e-02 3.297901363636363840e+03
6.211111111111110999e-02 2.544268444444443958e+03
8.302469135802469091e-02 1.802755432098765368e+03
1.001960784313725428e-01 1.539875882352941062e+03
1.238590604026845732e-01 1.105311154362416346e+03
1.404228855721393054e-01 8.495335024875621457e+02
1.630075187969924899e-01 7.795314812030076155e+02
1.808858858858858887e-01 6.451751711711712005e+02
2.036394557823129059e-01 4.787603310657596012e+02
2.190557939914163088e-01 4.279622017167382069e+02
2.426502732240437277e-01 3.161191402550090856e+02
2.596589259796807103e-01 2.888491611030478907e+02
2.811171662125340753e-01 2.870453678474114554e+02
3.008784530386739986e-01 2.516724640883977884e+02
3.206315289648623001e-01 2.315542991452991259e+02
3.399619047619047429e-01 1.995032371428571309e+02
3.619689737470166979e-01 1.608053890214796979e+02
3.799070887818307152e-01 1.536080908465244192e+02
4.013341804320203487e-01 1.409084364675984773e+02
4.195595854922279933e-01 1.236756885434657249e+02
4.407771883289124948e-01 1.156684604774535927e+02
4.600780487804878027e-01 1.115297011707317125e+02
4.807973648341663520e-01 9.768736619718310976e+01
5.009150981177412643e-01 9.082758646375650358e+01
5.204555984555984116e-01 8.894109752895752763e+01
5.419053527118044000e-01 7.981958185040765841e+01
5.606541598694942952e-01 7.384029292006525225e+01
5.706576338400528581e-01 7.353415082617316045e+01
