2.166666666666666741e-02 1.360623733333333257e+04
4.454545454545454780e-02 7.695189090909090737e+03
6.211111111111110999e-02 4.917566222222221768e+03
8.302469135802469091e-02 3.692220617283950560e+03
1.001960784313725428e-01 2.897932941176470194e+03
1.238590604026845732e-01 2.227100469798657741e+03
1.404228855721393054e-01 1.729279353233830989e+03
1.630075187969924899e-01 1.416340751879699383e+03
1.808858858858858887e-01 1.289674384384384211e+03
2.036394557823129059e-01 1.053999609977324326e+03
2.190557939914163088e-01 8.629116845493562096e+02
2.426502732240437277e-01 6.096011238615665206e+02
2.596589259796807103e-01 6.274634034833090936e+02
2.811171662125340753e-01 6.080353215258854789e+02
3.008784530386739986e-01 5.353677756906076866e+02
3.206315289648623001e-01 4.854361092117758858e+02
3.399619047619047429e-01 4.085215009523809613e+02
3.619689737470166979e-01 3.557183174224343816e+02
3.799070887818307152e-01 3.303644982794218663e+02
4.013341804320203487e-01 3.102890628970774856e+02
4.195595854922279933e-01 2.857416701208980498e+02
4.407771883289124948e-01 2.679767167108753370e+02
4.600780487804878027e-01 2.450143126829268283e+02
4.807973648341663520e-01 2.130700000000000216e+02
5.009150981177412643e-01 2.030951033239888091e+02
5.204555984555984116e-01 1.947679683397683732e+02
5.419053527118044000e-01 1.877402527472527538e+02
5.606541598694942952e-01 1.876686424143556167e+02
5.706576338400528581e-01 1.878177693324521158e+02
