2.166666666666666741e-02 2.762242449999999735e+03
4.454545454545454780e-02 2.599912727272726897e+03
6.211111111111110999e-02 2.093531555555555315e+03
8.302469135802469091e-02 1.463599382716049377e+03
1.001960784313725428e-01 1.245932549019607904e+03
1.238590604026845732e-01 9.346085234899327361e+02
1.404228855721393054e-01 7.348107860696517264e+02
1.630075187969924899e-01 6.416590751879698473e+02
1.808858858858858887e-01 5.312461201201201675e+02
2.036394557823129059e-01 3.927841836734694425e+02
2.190557939914163088e-01 3.399669527896995760e+02
2.426502732240437277e-01 2.543531566484517441e+02
2.596589259796807103e-01 2.403016255442670683e+02
2.811171662125340753e-01 2.536073010899182520e+02
3.008784530386739986e-01 2.211949425414364612e+02
3.206315289648623001e-01 1.967035517568851049e+02
3.399619047619047429e-01 1.734710790476190425e+02
3.619689737470166979e-01 1.373425560859188579e+02
3.799070887818307152e-01 1.251191982105987677e+02
4.013341804320203487e-01 1.169709650571791570e+02
4.195595854922279933e-01 1.083734061024755277e+02
4.407771883289124948e-01 1.045881702917771889e+02
4.600780487804878027e-01 1.010444442926829254e+02
4.807973648341663520e-01 8.733961299409358503e+01
5.009150981177412643e-01 8.057413063676412435e+01
5.204555984555984116e-01 8.007277756756757015e+01
5.419053527118044000e-01 7.105111169797943660e+01
5.606541598694942952e-01 6.867125960848287036e+01
5.706576338400528581e-01 7.150572524785194162e+01
