2.166666666666666741e-02 9.845555666666667094e+03
4.454545454545454780e-02 7.152010000000000218e+03
6.211111111111110999e-02 5.764699111111111961e+03
8.302469135802469091e-02 3.730779259259259106e+03
1.001960784313725428e-01 2.768191764705882179e+03
1.238590604026845732e-01 2.326894765100670611e+03
1.404228855721393054e-01 1.748100099502487637e+03
1.630075187969924899e-01 1.494158872180451226e+03
1.808858858858858887e-01 1.416764264264264284e+03
2.036394557823129059e-01 1.123540866213151958e+03
2.190557939914163088e-01 9.350982896995708415e+02
2.426502732240437277e-01 7.458199071038250167e+02
2.596589259796807103e-01 6.932987184325108956e+02
2.811171662125340753e-01 6.878177847411444645e+02
3.008784530386739986e-01 6.233117491712707761e+02
3.206315289648623001e-01 5.533145071225070524e+02
3.399619047619047429e-01 4.828541314285714066e+02
3.619689737470166979e-01 3.715508305489260579e+02
3.799070887818307152e-01 3.505633675154851971e+02
4.013341804320203487e-01 3.339344040660736823e+02
4.195595854922279933e-01 3.274698670120898214e+02
4.407771883289124948e-01 3.217615602122015730e+02
4.600780487804878027e-01 2.672738873170731608e+02
4.807973648341663520e-01 2.442231240345297181e+02
5.009150981177412643e-01 2.312146199439326892e+02
5.204555984555984116e-01 2.074581498069498195e+02
5.419053527118044000e-01 2.027174952144629572e+02
5.606541598694942952e-01 1.989186075040782953e+02
5.706576338400528581e-01 1.952739801718440162e+02
