2.166666666666666741e-02 1.391300816666666651e+04
4.454545454545454780e-02 7.497776818181819181e+03
6.211111111111110999e-02 4.836177111111111117e+03
8.302469135802469091e-02 3.683544444444444252e+03
1.001960784313725428e-01 2.862856372549019397e+03
1.238590604026845732e-01 2.238585033557046700e+03
1.404228855721393054e-01 1.755505273631840737e+03
1.630075187969924899e-01 1.467125902255639176e+03
1.808858858858858887e-01 1.325395945945945869e+03
2.036394557823129059e-01 1.076486943310657580e+03
2.190557939914163088e-01 8.838060193133046596e+02
2.426502732240437277e-01 5.978650182149362990e+02
2.596589259796807103e-01 5.919935137880987668e+02
2.811171662125340753e-01 6.005084959128065520e+02
3.008784530386739986e-01 5.385872055248618153e+02
3.206315289648623001e-01 5.069436030389364305e+02
3.399619047619047429e-01 4.379638819047619336e+02
3.619689737470166979e-01 3.494554606205250593e+02
3.799070887818307152e-01 3.263560158293186078e+02
4.013341804320203487e-01 3.075111448538754644e+02
4.195595854922279933e-01 2.799885866436384276e+02
4.407771883289124948e-01 2.626674148541114278e+02
4.600780487804878027e-01 2.443821307317072922e+02
4.807973648341663520e-01 2.201507928214448100e+02
5.009150981177412643e-01 2.156323400080096064e+02
5.204555984555984116e-01 2.030271702702702896e+02
5.419053527118044000e-01 1.898455193193902630e+02
5.606541598694942952e-01 1.867514701468189458e+02
5.706576338400528581e-01 1.823222947785855865e+02
