2.166666666666666741e-02 1.032148378333333312e+04
4.454545454545454780e-02 6.459350454545455250e+03
6.211111111111110999e-02 4.876854000000000269e+03
8.302469135802469091e-02 3.444452345679012524e+03
1.001960784313725428e-01 2.484305686274509299e+03
1.238590604026845732e-01 1.877915302013422888e+03
1.404228855721393054e-01 1.542444825870647037e+03
1.630075187969924899e-01 1.395675864661654259e+03
1.808858858858858887e-01 1.218219309309309210e+03
2.036394557823129059e-01 9.370299863945577954e+02
2.190557939914163088e-01 7.807392274678112472e+02
2.426502732240437277e-01 6.090729836065572727e+02
2.596589259796807103e-01 5.682987735849056889e+02
2.811171662125340753e-01 5.320645408719345824e+02
3.008784530386739986e-01 4.834776817679558008e+02
3.206315289648623001e-01 4.451514254510921091e+02
3.399619047619047429e-01 3.807092180952381000e+02
3.619689737470166979e-01 3.260393317422434620e+02
3.799070887818307152e-01 3.123398850653819636e+02
4.013341804320203487e-01 2.812360895806861549e+02
4.195595854922279933e-01 2.521184363845710834e+02
4.407771883289124948e-01 2.403504090185676318e+02
4.600780487804878027e-01 2.290506443902438889e+02
4.807973648341663520e-01 2.062984770558836658e+02
5.009150981177412643e-01 1.985731301561874318e+02
5.204555984555984116e-01 1.879796772200772068e+02
5.419053527118044000e-01 1.616661744062389232e+02
5.606541598694942952e-01 1.511903771615008338e+02
5.706576338400528581e-01 1.536654738929279631e+02
