2.166666666666666741e-02 -9.086500000000002046e+02
4.454545454545454780e-02 3.168568636363636324e+04
6.211111111111110999e-02 1.030768462222222115e+04
8.302469135802469091e-02 3.554311209876543217e+03
1.001960784313725428e-01 7.930401960784313815e+03
1.238590604026845732e-01 9.371577718120805002e+03
1.404228855721393054e-01 3.542364378109453355e+03
1.630075187969924899e-01 8.583821428571425258e+02
1.808858858858858887e-01 6.736671771771773365e+02
2.036394557823129059e-01 -2.430693424036277577e+02
2.190557939914163088e-01 1.492154635193133117e+03
2.426502732240437277e-01 -1.840383242258651819e+02
2.596589259796807103e-01 -5.382485341074017242e+02
2.811171662125340753e-01 2.425998310626703187e+03
3.008784530386739986e-01 -1.090351558011049519e+03
3.206315289648623001e-01 -2.085442792022791764e+03
3.399619047619047429e-01 2.904734199999999873e+03
3.619689737470166979e-01 4.013576300715990783e+03
3.799070887818307152e-01 5.406419366827253725e+03
4.013341804320203487e-01 2.533523290978398563e+03
4.195595854922279933e-01 -9.442164421416235882e+02
4.407771883289124948e-01 3.860935915119360118e+01
4.600780487804878027e-01 -1.243997014634146581e+03
4.807973648341663520e-01 -2.568436547932758003e+03
5.009150981177412643e-01 -3.449053231878253882e+03
5.204555984555984116e-01 -3.590111270270269870e+03
5.419053527118044000e-01 -2.936141642679900542e+03
5.606541598694942952e-01 -1.475985524959216946e+03
5.706576338400528581e-01 1.290057303370786030e+02
