2.166666666666666741e-02 1.581659766666666656e+04
4.454545454545454780e-02 9.653979999999999563e+03
6.211111111111110999e-02 6.218643111111109647e+03
8.302469135802469091e-02 3.714841111111111331e+03
1.001960784313725428e-01 2.670448137254902122e+03
1.238590604026845732e-01 2.060457315436241515e+03
1.404228855721393054e-01 1.627806268656716384e+03
1.630075187969924899e-01 1.474585714285714403e+03
1.808858858858858887e-01 1.385917537537537555e+03
2.036394557823129059e-01 1.072943791383220059e+03
2.190557939914163088e-01 8.456126480686695004e+02
2.426502732240437277e-01 7.000415919854281128e+02
2.596589259796807103e-01 6.857765907111755723e+02
2.811171662125340753e-01 6.972521702997274815e+02
3.008784530386739986e-01 5.848491160220995653e+02
3.206315289648623001e-01 5.038159772079772551e+02
3.399619047619047429e-01 4.428747485714285972e+02
3.619689737470166979e-01 3.734641479713603189e+02
3.799070887818307152e-01 3.570944046799724561e+02
4.013341804320203487e-01 3.056322890724269428e+02
4.195595854922279933e-01 2.935919268854346456e+02
4.407771883289124948e-01 2.803582652519894509e+02
4.600780487804878027e-01 2.580140936585365807e+02
4.807973648341663520e-01 2.563324370740572817e+02
5.009150981177412643e-01 2.379220388466159477e+02
5.204555984555984116e-01 2.123012787644787807e+02
5.419053527118044000e-01 1.883269553349875878e+02
5.606541598694942952e-01 1.863613376835236579e+02
5.706576338400528581e-01 1.958263873099801913e+02
