2.166666666666666741e-02 1.727335250000000087e+04
4.454545454545454780e-02 8.776165000000000873e+03
6.211111111111110999e-02 5.914788222222223339e+03
8.302469135802469091e-02 4.123404567901235168e+03
1.001960784313725428e-01 2.925709901960784464e+03
1.238590604026845732e-01 2.265641610738254712e+03
1.404228855721393054e-01 1.739737014925373160e+03
1.630075187969924899e-01 1.553163796992481139e+03
1.808858858858858887e-01 1.382425315315315402e+03
2.036394557823129059e-01 1.043206231292517032e+03
2.190557939914163088e-01 9.008296652360513690e+02
2.426502732240437277e-01 6.743718397085610832e+02
2.596589259796807103e-01 6.261004179970972245e+02
2.811171662125340753e-01 6.086118269754769017e+02
3.008784530386739986e-01 5.503926198895027255e+02
3.206315289648623001e-01 5.419410341880342230e+02
3.399619047619047429e-01 4.592110171428570879e+02
3.619689737470166979e-01 3.704221026252982938e+02
3.799070887818307152e-01 3.723500626290434070e+02
4.013341804320203487e-01 3.391106848792884421e+02
4.195595854922279933e-01 3.015134214162349053e+02
4.407771883289124948e-01 2.687957007957559767e+02
4.600780487804878027e-01 2.502385097560975282e+02
4.807973648341663520e-01 2.307485311222171731e+02
5.009150981177412643e-01 2.111454377252703409e+02
5.204555984555984116e-01 2.096030764478764468e+02
5.419053527118044000e-01 1.972720659340659495e+02
5.606541598694942952e-01 1.819496815660685058e+02
5.706576338400528581e-01 1.774700581625908740e+02
