2.166666666666666741e-02 -2.075054999999999927e+04
4.454545454545454780e-02 1.705674090909090955e+04
6.211111111111110999e-02 3.198111999999999898e+04
8.302469135802469091e-02 2.374072901234568417e+04
1.001960784313725428e-01 1.380944068627451088e+04
1.238590604026845732e-01 8.048479651006710810e+03
1.404228855721393054e-01 4.103397004975125128e+03
1.630075187969924899e-01 3.881026804511277987e+03
1.808858858858858887e-01 3.145246066066065850e+03
2.036394557823129059e-01 7.860283854875284533e+02
2.190557939914163088e-01 6.224101094420601612e+02
2.426502732240437277e-01 2.038901147540982777e+02
2.596589259796807103e-01 3.087518287373003432e+02
2.811171662125340753e-01 9.154743596730244235e+02
3.008784530386739986e-01 2.508886455248618859e+03
3.206315289648623001e-01 1.877500768281101728e+03
3.399619047619047429e-01 2.453113273333333382e+03
3.619689737470166979e-01 2.769024085918854325e+03
3.799070887818307152e-01 9.928351933929799316e+02
4.013341804320203487e-01 1.027356404066073765e+03
4.195595854922279933e-01 1.078730604490500809e+03
4.407771883289124948e-01 -5.197068222811672058e+02
4.600780487804878027e-01 -4.868561258536585115e+02
4.807973648341663520e-01 4.972039391185825252e+02
5.009150981177412643e-01 1.693555070084100578e+02
5.204555984555984116e-01 6.739802818532817810e+02
5.419053527118044000e-01 1.287170406593406597e+03
5.606541598694942952e-01 1.411334972267536841e+03
5.706576338400528581e-01 1.697724500991407695e+03
