2.166666666666666741e-02 -5.825907500000000255e+03
4.454545454545454780e-02 2.625627522727272299e+04
6.211111111111110999e-02 1.761998355555555463e+04
8.302469135802469091e-02 8.984068335802468937e+03
1.001960784313725428e-01 1.419290563921568719e+04
1.238590604026845732e-01 1.318514335570469848e+04
1.404228855721393054e-01 8.831704278606965090e+03
1.630075187969924899e-01 4.547006842105262876e+03
1.808858858858858887e-01 1.498221801801801803e+03
2.036394557823129059e-01 1.776430589569160929e+03
2.190557939914163088e-01 1.476826115879828421e+03
2.426502732240437277e-01 1.569534426229508313e+02
2.596589259796807103e-01 3.937698867924528372e+02
2.811171662125340753e-01 8.405214196185287392e+02
3.008784530386739986e-01 9.896676265193372046e+02
3.206315289648623001e-01 1.390145420702754109e+03
3.399619047619047429e-01 2.116814339047619342e+03
3.619689737470166979e-01 2.371965680190930470e+03
3.799070887818307152e-01 1.957320203028217293e+03
4.013341804320203487e-01 1.756926458068615148e+03
4.195595854922279933e-01 1.309899955094991356e+03
4.407771883289124948e-01 4.269061494960212713e+02
4.600780487804878027e-01 5.701618847804877532e+02
4.807973648341663520e-01 3.742885797364834843e+02
5.009150981177412643e-01 7.960585903083699577e+02
5.204555984555984116e-01 5.448769536679535577e+02
5.419053527118044000e-01 6.264393640552993929e+02
5.606541598694942952e-01 1.306957569461663752e+03
5.706576338400528581e-01 1.051199599735624588e+03
