4.150000000000000000e+01 1.586718348752251373e+00 7.647509570945901052e-03
4.170000000000000284e+01 1.659622444014543730e+00 8.673672277886132834e-03
4.189999999999999858e+01 1.719217590042457333e+00 1.038925793005611269e-02
4.210000000000000142e+01 1.711206146316446075e+00 1.226418348415957496e-02
4.229999999999999716e+01 1.775820088343406988e+00 1.563436258242841340e-02
4.250000000000000000e+01 1.786538288831136967e+00 2.503564697872089073e-02
4.270000000000000284e+01 1.941934282863935879e+00 5.071927048111563030e-02
4.289999999999999858e+01 2.404739194921293510e+00 1.087912315396043911e-01
4.310000000000000142e+01 2.351408144448856596e+00 2.391133472800789084e-01
4.329999999999999716e+01 3.253747832447145605e+00 3.336626872056738247e-01
4.350000000000000000e+01 2.657033064454924709e+00 8.001925068183532996e-01
4.369999999999999574e+01 4.236054083692511796e+00 1.702550035591905209e+00
4.389999999999999858e+01 9.040343999705637401e+00 6.382661876742367291e+00
