2.166666666666666741e-02 1.125474645000000055e+04
4.454545454545454780e-02 7.161676818181818817e+03
6.211111111111110999e-02 5.076230888888888330e+03
8.302469135802469091e-02 3.667148888888888905e+03
1.001960784313725428e-01 2.813639313725489956e+03
1.238590604026845732e-01 2.090681543624160895e+03
1.404228855721393054e-01 1.643174179104477616e+03
1.630075187969924899e-01 1.412337593984962268e+03
1.808858858858858887e-01 1.266556006006006101e+03
2.036394557823129059e-01 1.003842997732426284e+03
2.190557939914163088e-01 8.233628390557940975e+02
2.426502732240437277e-01 6.282540491803279110e+02
2.596589259796807103e-01 5.930102728592162293e+02
2.811171662125340753e-01 5.792378555858310847e+02
3.008784530386739986e-01 5.444660994475137841e+02
3.206315289648623001e-01 4.913818727445394074e+02
3.399619047619047429e-01 4.090726752380952576e+02
3.619689737470166979e-01 3.517827852028639768e+02
3.799070887818307152e-01 3.272583496214728029e+02
4.013341804320203487e-01 2.961871423125793967e+02
4.195595854922279933e-01 2.764388278641335432e+02
4.407771883289124948e-01 2.616458291777188379e+02
4.600780487804878027e-01 2.461689239024390190e+02
4.807973648341663520e-01 2.206063271240345216e+02
5.009150981177412643e-01 2.118567769323187804e+02
5.204555984555984116e-01 2.041889505791505712e+02
5.419053527118044000e-01 1.826270081531372114e+02
5.606541598694942952e-01 1.651700972267536827e+02
5.706576338400528581e-01 1.586746649041639330e+02
