2.166666666666666741e-02 3.703369533333333948e+03
4.454545454545454780e-02 3.445850454545454795e+03
6.211111111111110999e-02 2.790714222222221906e+03
8.302469135802469091e-02 1.954387037037037089e+03
1.001960784313725428e-01 1.620699411764706156e+03
1.238590604026845732e-01 1.185007181208053680e+03
1.404228855721393054e-01 9.122723681592040066e+02
1.630075187969924899e-01 7.847863721804511670e+02
1.808858858858858887e-01 6.535300930930931145e+02
2.036394557823129059e-01 5.260169319727891661e+02
2.190557939914163088e-01 4.511059291845493817e+02
2.426502732240437277e-01 3.394486338797814255e+02
2.596589259796807103e-01 3.318152351233671880e+02
2.811171662125340753e-01 3.298746457765667515e+02
3.008784530386739986e-01 2.941546176795579868e+02
3.206315289648623001e-01 2.712721794871795282e+02
3.399619047619047429e-01 2.365771742857142783e+02
3.619689737470166979e-01 1.962427494033412927e+02
3.799070887818307152e-01 1.863635457673778433e+02
4.013341804320203487e-01 1.696605489199491785e+02
4.195595854922279933e-01 1.520439217040875235e+02
4.407771883289124948e-01 1.462456360742705499e+02
4.600780487804878027e-01 1.430399551219512091e+02
4.807973648341663520e-01 1.282100899591094958e+02
5.009150981177412643e-01 1.181589703644373373e+02
5.204555984555984116e-01 1.120266393822393809e+02
5.419053527118044000e-01 9.790077213753987451e+01
5.606541598694942952e-01 9.567282831973898283e+01
5.706576338400528581e-01 1.014924491738268415e+02
