2.166666666666666741e-02 3.697934999999999945e+03
4.454545454545454780e-02 7.360302272727273703e+03
6.211111111111110999e-02 8.733669333333333270e+03
8.302469135802469091e-02 5.444814691358024902e+03
1.001960784313725428e-01 2.944802549019607795e+03
1.238590604026845732e-01 2.693132550335570613e+03
1.404228855721393054e-01 2.316231592039800944e+03
1.630075187969924899e-01 1.689543195488721722e+03
1.808858858858858887e-01 1.399528708708708791e+03
2.036394557823129059e-01 1.068246526077097542e+03
2.190557939914163088e-01 1.108194459227467632e+03
2.426502732240437277e-01 9.166379599271401730e+02
2.596589259796807103e-01 6.410013004354136683e+02
2.811171662125340753e-01 6.366205967302453246e+02
3.008784530386739986e-01 7.791763071823204427e+02
3.206315289648623001e-01 7.111350474833807311e+02
3.399619047619047429e-01 5.092235790476190687e+02
3.619689737470166979e-01 4.245984510739857001e+02
3.799070887818307152e-01 4.515334962147281885e+02
4.013341804320203487e-01 4.099210825921219907e+02
4.195595854922279933e-01 3.553006528497409136e+02
4.407771883289124948e-01 3.282747809018567295e+02
4.600780487804878027e-01 2.449997375609756034e+02
4.807973648341663520e-01 2.291024879600181805e+02
5.009150981177412643e-01 2.488755218261914592e+02
5.204555984555984116e-01 2.535189552123552232e+02
5.419053527118044000e-01 2.469749493087557823e+02
5.606541598694942952e-01 1.984309234584013097e+02
5.706576338400528581e-01 1.786802144084600172e+02
