2.166666666666666741e-02 1.765948333333333358e+04
4.454545454545454780e-02 1.603610545454545536e+04
6.211111111111110999e-02 1.317433422222222362e+04
8.302469135802469091e-02 7.024912345679013015e+03
1.001960784313725428e-01 5.004927254901960623e+03
1.238590604026845732e-01 3.253994630872483867e+03
1.404228855721393054e-01 2.381782935323382844e+03
1.630075187969924899e-01 1.886522849624059972e+03
1.808858858858858887e-01 2.404700504504504806e+03
2.036394557823129059e-01 2.581062108843537771e+03
2.190557939914163088e-01 1.556782231759656725e+03
2.426502732240437277e-01 8.898652786885245405e+02
2.596589259796807103e-01 1.011003886792452931e+03
2.811171662125340753e-01 7.196127384196188359e+01
3.008784530386739986e-01 -4.223935359116024557e+01
3.206315289648623001e-01 9.231658062678062606e+02
3.399619047619047429e-01 4.539767771428570882e+02
3.619689737470166979e-01 1.957063723150357646e+02
3.799070887818307152e-01 5.567603296627667078e+02
4.013341804320203487e-01 -1.243308640406606855e+02
4.195595854922279933e-01 -5.810970955670696867e+02
4.407771883289124948e-01 -3.715953952254645287e+01
4.600780487804878027e-01 -1.154126307317073099e+02
4.807973648341663520e-01 -2.228663702862334901e+02
5.009150981177412643e-01 4.705848245895074342e+02
5.204555984555984116e-01 8.554715146718148162e+02
5.419053527118044000e-01 4.639546997518610851e+02
5.606541598694942952e-01 4.778225089722675420e+02
5.706576338400528581e-01 8.709951368142762931e+02
