2.166666666666666741e-02 4.677358433333333778e+03
4.454545454545454780e-02 4.083405000000000200e+03
6.211111111111110999e-02 3.317060888888889167e+03
8.302469135802469091e-02 2.309251728395061946e+03
1.001960784313725428e-01 1.879252058823529296e+03
1.238590604026845732e-01 1.445697449664429314e+03
1.404228855721393054e-01 1.108827731343283631e+03
1.630075187969924899e-01 9.227121879699246847e+02
1.808858858858858887e-01 7.697753273273273180e+02
2.036394557823129059e-01 6.045876190476191141e+02
2.190557939914163088e-01 5.253137124463519285e+02
2.426502732240437277e-01 4.002697959927140232e+02
2.596589259796807103e-01 3.750433512336719559e+02
2.811171662125340753e-01 3.736297302452315989e+02
3.008784530386739986e-01 3.352933182320441574e+02
3.206315289648623001e-01 2.927951120607787630e+02
3.399619047619047429e-01 2.493003009523809510e+02
3.619689737470166979e-01 2.119341599045345674e+02
3.799070887818307152e-01 2.026143069511355748e+02
4.013341804320203487e-01 1.838835285895806919e+02
4.195595854922279933e-01 1.642437754749568342e+02
4.407771883289124948e-01 1.552672106100795872e+02
4.600780487804878027e-01 1.478387434146341377e+02
4.807973648341663520e-01 1.320706260790549891e+02
5.009150981177412643e-01 1.224353083700440408e+02
5.204555984555984116e-01 1.188947899613899750e+02
5.419053527118044000e-01 1.075408940801134463e+02
5.606541598694942952e-01 9.742794290375204014e+01
5.706576338400528581e-01 9.511119352280238104e+01
