2.166666666666666741e-02 1.030131666666666752e+04
4.454545454545454780e-02 1.206110363636363763e+04
6.211111111111110999e-02 1.246241777777777861e+04
8.302469135802469091e-02 7.406231975308642177e+03
1.001960784313725428e-01 5.546861470588236443e+03
1.238590604026845732e-01 3.284220563758388835e+03
1.404228855721393054e-01 7.025127412935322582e+02
1.630075187969924899e-01 9.119688909774434933e+02
1.808858858858858887e-01 1.173249333333333198e+03
2.036394557823129059e-01 1.508917324263038608e+03
2.190557939914163088e-01 6.977444935622319235e+02
2.426502732240437277e-01 -4.849655118397085403e+02
2.596589259796807103e-01 8.923973730043542218e+02
2.811171662125340753e-01 1.346887234332425123e+03
3.008784530386739986e-01 1.260528132596685055e+03
3.206315289648623001e-01 1.540438716049382720e+03
3.399619047619047429e-01 1.242360624380952231e+03
3.619689737470166979e-01 8.090954778042960243e+02
3.799070887818307152e-01 6.082081995870612445e+02
4.013341804320203487e-01 6.729590889453622822e+02
4.195595854922279933e-01 8.221312999424294503e+02
4.407771883289124948e-01 4.152872610079576248e+02
4.600780487804878027e-01 5.020682824390244150e+02
4.807973648341663520e-01 7.597051867333029804e+02
5.009150981177412643e-01 5.276243876651982418e+02
5.204555984555984116e-01 4.015341714285714261e+02
5.419053527118044000e-01 1.623272613966678648e+02
5.606541598694942952e-01 -4.528770557911909123e+01
5.706576338400528581e-01 -1.285576457369464833e+02
