2.166666666666666741e-02 5.856020316666666076e+03
4.454545454545454780e-02 5.239530454545455541e+03
6.211111111111110999e-02 4.504819777777777745e+03
8.302469135802469091e-02 3.132355679012345718e+03
1.001960784313725428e-01 2.390398235294117512e+03
1.238590604026845732e-01 1.820181543624161350e+03
1.404228855721393054e-01 1.428256218905472679e+03
1.630075187969924899e-01 1.219300684210526470e+03
1.808858858858858887e-01 1.029096894894894831e+03
2.036394557823129059e-01 7.863823650793651723e+02
2.190557939914163088e-01 6.734311180257509477e+02
2.426502732240437277e-01 5.239798287795991882e+02
2.596589259796807103e-01 5.064050667634251681e+02
2.811171662125340753e-01 5.187933596730244972e+02
3.008784530386739986e-01 4.587686353591159900e+02
3.206315289648623001e-01 3.986071282051282196e+02
3.399619047619047429e-01 3.456165057142857222e+02
3.619689737470166979e-01 2.918870334128878312e+02
3.799070887818307152e-01 2.625456737783895846e+02
4.013341804320203487e-01 2.342952109275730379e+02
4.195595854922279933e-01 2.219591790443293178e+02
4.407771883289124948e-01 2.109659416445623492e+02
4.600780487804878027e-01 2.054742843902438949e+02
4.807973648341663520e-01 1.868769718309858945e+02
5.009150981177412643e-01 1.702685622747296748e+02
5.204555984555984116e-01 1.622287046332046145e+02
5.419053527118044000e-01 1.471567617866004980e+02
5.606541598694942952e-01 1.395990955954322885e+02
5.706576338400528581e-01 1.397009676140118586e+02
