2.166666666666666741e-02 6.863659999999999854e+03
4.454545454545454780e-02 1.230341545454545485e+04
6.211111111111110999e-02 1.128458088888888960e+04
8.302469135802469091e-02 8.302477530864196524e+03
1.001960784313725428e-01 4.800290490196078281e+03
1.238590604026845732e-01 3.577745140939597150e+03
1.404228855721393054e-01 3.521246845771143853e+03
1.630075187969924899e-01 2.590258759398496295e+03
1.808858858858858887e-01 1.534279753753753766e+03
2.036394557823129059e-01 1.366213623582766331e+03
2.190557939914163088e-01 1.557407184549356316e+03
2.426502732240437277e-01 -1.642813843351549963e+01
2.596589259796807103e-01 5.141340841799709551e+02
2.811171662125340753e-01 1.417852833787466125e+03
3.008784530386739986e-01 9.848100022099447415e+02
3.206315289648623001e-01 7.602180997150996973e+02
3.399619047619047429e-01 3.776353771428571235e+02
3.619689737470166979e-01 1.461514773269690011e+02
3.799070887818307152e-01 4.588764198210598693e+02
4.013341804320203487e-01 5.682780756035579088e+02
4.195595854922279933e-01 6.252648963730570131e+02
4.407771883289124948e-01 6.175905771883288935e+02
4.600780487804878027e-01 3.702876751219511675e+02
4.807973648341663520e-01 2.248016792367105836e+02
5.009150981177412643e-01 3.428317231878253892e+02
5.204555984555984116e-01 2.951545234749034989e+02
5.419053527118044000e-01 2.698113629918468632e+02
5.606541598694942952e-01 3.161555272430668992e+02
5.706576338400528581e-01 2.027808162590879135e+02
