2.166666666666666741e-02 1.566760533333333296e+04
4.454545454545454780e-02 9.272978181818181838e+03
6.211111111111110999e-02 6.184297777777778720e+03
8.302469135802469091e-02 3.891070987654321016e+03
1.001960784313725428e-01 2.803280588235294090e+03
1.238590604026845732e-01 2.200178456375838778e+03
1.404228855721393054e-01 1.733567462686567069e+03
1.630075187969924899e-01 1.581986691729323184e+03
1.808858858858858887e-01 1.436074114114114082e+03
2.036394557823129059e-01 1.150809392290249434e+03
2.190557939914163088e-01 9.764698433476393120e+02
2.426502732240437277e-01 7.448729271402550012e+02
2.596589259796807103e-01 6.803057242380261869e+02
2.811171662125340753e-01 6.358438814713896363e+02
3.008784530386739986e-01 5.684581093922652144e+02
3.206315289648623001e-01 5.156752459639126300e+02
3.399619047619047429e-01 4.308562409523809151e+02
3.619689737470166979e-01 3.632346372315035410e+02
3.799070887818307152e-01 3.703486207845836589e+02
4.013341804320203487e-01 3.575249968233799223e+02
4.195595854922279933e-01 3.313080362694300334e+02
4.407771883289124948e-01 2.886757840848806609e+02
4.600780487804878027e-01 2.742594312195121802e+02
4.807973648341663520e-01 2.510496033621081438e+02
5.009150981177412643e-01 2.275472446936323365e+02
5.204555984555984116e-01 2.286841081081081484e+02
5.419053527118044000e-01 2.025794505494505415e+02
5.606541598694942952e-01 1.911980600326264152e+02
5.706576338400528581e-01 1.963123714474554049e+02
