2.166666666666666741e-02 1.229981166666666650e+04
4.454545454545454780e-02 6.646821363636364367e+03
6.211111111111110999e-02 4.703594444444444889e+03
8.302469135802469091e-02 3.667424938271604788e+03
1.001960784313725428e-01 2.914293333333333067e+03
1.238590604026845732e-01 2.249357181208053589e+03
1.404228855721393054e-01 1.715545124378109222e+03
1.630075187969924899e-01 1.498596278195488594e+03
1.808858858858858887e-01 1.380073513513513490e+03
2.036394557823129059e-01 1.077276984126984189e+03
2.190557939914163088e-01 8.639163283261801780e+02
2.426502732240437277e-01 6.546602386156648663e+02
2.596589259796807103e-01 6.360213846153845907e+02
2.811171662125340753e-01 6.151291825613078572e+02
3.008784530386739986e-01 5.582224464088398008e+02
3.206315289648623001e-01 5.026956087369421198e+02
3.399619047619047429e-01 4.353669333333332929e+02
3.619689737470166979e-01 3.719912267303102453e+02
3.799070887818307152e-01 3.451311156228492791e+02
4.013341804320203487e-01 3.144926886912325585e+02
4.195595854922279933e-01 2.772847996545768865e+02
4.407771883289124948e-01 2.598165909814323413e+02
4.600780487804878027e-01 2.485011175609755867e+02
4.807973648341663520e-01 2.268861485688323398e+02
5.009150981177412643e-01 2.198918510212254489e+02
5.204555984555984116e-01 2.094077783783783673e+02
5.419053527118044000e-01 1.872654597660404079e+02
5.606541598694942952e-01 1.726190668841761635e+02
5.706576338400528581e-01 1.687485816259087983e+02
