2.166666666666666741e-02 -2.936303333333333649e+04
4.454545454545454780e-02 5.821324545454544932e+03
6.211111111111110999e-02 9.557349777777777490e+03
8.302469135802469091e-02 5.190277777777777374e+03
1.001960784313725428e-01 9.366889215686274838e+03
1.238590604026845732e-01 9.457121342281880061e+03
1.404228855721393054e-01 -1.715049850746268476e+03
1.630075187969924899e-01 -2.454266240601503796e+03
1.808858858858858887e-01 -1.107188348348348200e+03
2.036394557823129059e-01 3.082113741496598323e+03
2.190557939914163088e-01 1.537868111587982639e+03
2.426502732240437277e-01 1.453778688524590052e+03
2.596589259796807103e-01 6.204735834542815610e+03
2.811171662125340753e-01 -5.088248365122618111e+02
3.008784530386739986e-01 -5.867363955801105476e+03
3.206315289648623001e-01 3.139911415004748051e+03
3.399619047619047429e-01 9.421786447619047976e+03
3.619689737470166979e-01 5.376630143198090991e+03
3.799070887818307152e-01 3.394800116999312195e+03
4.013341804320203487e-01 3.437025520965692522e+03
4.195595854922279933e-01 2.884133844559585214e+03
4.407771883289124948e-01 1.033413479575596739e+03
4.600780487804878027e-01 -9.068673726829267707e+02
4.807973648341663520e-01 1.654507317128578052e+03
5.009150981177412643e-01 1.126486213456147652e+03
5.204555984555984116e-01 -3.892736428571429883e+02
5.419053527118044000e-01 1.097272406238922485e+03
5.606541598694942952e-01 7.876452698205547449e+02
5.706576338400528581e-01 9.364197250495703884e+02
