2.166666666666666741e-02 4.440808166666666693e+03
4.454545454545454780e-02 3.896684545454545514e+03
6.211111111111110999e-02 3.153248666666666850e+03
8.302469135802469091e-02 2.199002098765432038e+03
1.001960784313725428e-01 1.795271568627451188e+03
1.238590604026845732e-01 1.335133489932886050e+03
1.404228855721393054e-01 1.015580955223880551e+03
1.630075187969924899e-01 8.932587218045113104e+02
1.808858858858858887e-01 7.450229669669669192e+02
2.036394557823129059e-01 5.564864036281179551e+02
2.190557939914163088e-01 4.857858111587982535e+02
2.426502732240437277e-01 3.761698943533697843e+02
2.596589259796807103e-01 3.578409071117561666e+02
2.811171662125340753e-01 3.552654713896457110e+02
3.008784530386739986e-01 3.149879988950276015e+02
3.206315289648623001e-01 2.794276970560303539e+02
3.399619047619047429e-01 2.367075590476190428e+02
3.619689737470166979e-01 1.981983293556085926e+02
3.799070887818307152e-01 1.892605863730213684e+02
4.013341804320203487e-01 1.718622878017789333e+02
4.195595854922279933e-01 1.554985705238917717e+02
4.407771883289124948e-01 1.473851771883289246e+02
4.600780487804878027e-01 1.401092726829268429e+02
4.807973648341663520e-01 1.257693257610176971e+02
5.009150981177412643e-01 1.162898770524629413e+02
5.204555984555984116e-01 1.109307691119691270e+02
5.419053527118044000e-01 9.985316845090393656e+01
5.606541598694942952e-01 9.315551347471452459e+01
5.706576338400528581e-01 9.227282590879048030e+01
