2.166666666666666741e-02 1.082553816666666717e+04
4.454545454545454780e-02 6.771610454545454559e+03
6.211111111111110999e-02 5.005423333333333176e+03
8.302469135802469091e-02 3.604521481481481260e+03
1.001960784313725428e-01 2.797050882352941244e+03
1.238590604026845732e-01 2.161292013422818854e+03
1.404228855721393054e-01 1.728352487562189026e+03
1.630075187969924899e-01 1.526355300751879440e+03
1.808858858858858887e-01 1.345447387387387380e+03
2.036394557823129059e-01 1.038356684807256215e+03
2.190557939914163088e-01 8.376421695278970674e+02
2.426502732240437277e-01 6.545427340619306733e+02
2.596589259796807103e-01 6.159368214804063655e+02
2.811171662125340753e-01 5.866408365122615578e+02
3.008784530386739986e-01 5.385916243093922731e+02
3.206315289648623001e-01 4.919478195631529047e+02
3.399619047619047429e-01 4.212735190476190610e+02
3.619689737470166979e-01 3.615525608591885316e+02
3.799070887818307152e-01 3.359745918788713652e+02
4.013341804320203487e-01 3.049070648030495931e+02
4.195595854922279933e-01 2.777445906735751464e+02
4.407771883289124948e-01 2.555536960212201905e+02
4.600780487804878027e-01 2.408562331707317128e+02
4.807973648341663520e-01 2.229880876874148328e+02
5.009150981177412643e-01 2.126237989587505126e+02
5.204555984555984116e-01 1.995942073359073277e+02
5.419053527118044000e-01 1.848221407302375212e+02
5.606541598694942952e-01 1.753771748776509298e+02
5.706576338400528581e-01 1.745259068076668711e+02
