2.166666666666666741e-02 3.024959999999999582e+03
4.454545454545454780e-02 2.662966818181818326e+03
6.211111111111110999e-02 1.988509333333333188e+03
8.302469135802469091e-02 1.407647283950617293e+03
1.001960784313725428e-01 1.212168333333333294e+03
1.238590604026845732e-01 8.423084563758388867e+02
1.404228855721393054e-01 6.370592388059701534e+02
1.630075187969924899e-01 5.932272067669173339e+02
1.808858858858858887e-01 4.868850510510510503e+02
2.036394557823129059e-01 3.734468390022676090e+02
2.190557939914163088e-01 3.300222896995707629e+02
2.426502732240437277e-01 2.402366539162113099e+02
2.596589259796807103e-01 2.254071378809869657e+02
2.811171662125340753e-01 2.354331893732969831e+02
3.008784530386739986e-01 2.058372187845304211e+02
3.206315289648623001e-01 1.808452051282051514e+02
3.399619047619047429e-01 1.600633742857143034e+02
3.619689737470166979e-01 1.274608066825775694e+02
3.799070887818307152e-01 1.192542759807295170e+02
4.013341804320203487e-01 1.102435616264294680e+02
4.195595854922279933e-01 9.850147461139896166e+01
4.407771883289124948e-01 9.257304015915119066e+01
4.600780487804878027e-01 9.013923258536586047e+01
4.807973648341663520e-01 7.903276388005451736e+01
5.009150981177412643e-01 7.136865698838606420e+01
5.204555984555984116e-01 7.014988953667953808e+01
5.419053527118044000e-01 6.285775760368663612e+01
5.606541598694942952e-01 5.799986675367047440e+01
5.706576338400528581e-01 5.800919735624587759e+01
