2.166666666666666741e-02 3.586752016666667259e+03
4.454545454545454780e-02 3.416035909090909627e+03
6.211111111111110999e-02 2.681827777777777555e+03
8.302469135802469091e-02 1.832842222222222290e+03
1.001960784313725428e-01 1.520572156862745032e+03
1.238590604026845732e-01 1.105482577181207944e+03
1.404228855721393054e-01 8.515943582089553274e+02
1.630075187969924899e-01 7.704901090225564531e+02
1.808858858858858887e-01 6.414636006006006710e+02
2.036394557823129059e-01 4.844169455782313207e+02
2.190557939914163088e-01 4.282940665236051814e+02
2.426502732240437277e-01 3.241782987249544590e+02
2.596589259796807103e-01 3.014155907111755823e+02
2.811171662125340753e-01 2.970178814713896713e+02
3.008784530386739986e-01 2.566412453038674357e+02
3.206315289648623001e-01 2.277762478632478746e+02
3.399619047619047429e-01 1.977421399999999778e+02
3.619689737470166979e-01 1.658094367541766019e+02
3.799070887818307152e-01 1.585467508602890518e+02
4.013341804320203487e-01 1.425441473951715352e+02
4.195595854922279933e-01 1.250145947035117757e+02
4.407771883289124948e-01 1.201605204244031881e+02
4.600780487804878027e-01 1.183484253658536574e+02
4.807973648341663520e-01 1.023804240799636602e+02
5.009150981177412643e-01 9.112643139767720868e+01
5.204555984555984116e-01 8.957258343629342789e+01
5.419053527118044000e-01 8.213142967032968045e+01
5.606541598694942952e-01 7.682224499184339095e+01
5.706576338400528581e-01 7.680856054196959803e+01
