2.166666666666666741e-02 2.854573066666666364e+03
4.454545454545454780e-02 2.642635000000000218e+03
6.211111111111110999e-02 1.894347555555555573e+03
8.302469135802469091e-02 1.250924320987654255e+03
1.001960784313725428e-01 1.111796568627451052e+03
1.238590604026845732e-01 8.345017181208053216e+02
1.404228855721393054e-01 6.440608109452736016e+02
1.630075187969924899e-01 5.957666466165413794e+02
1.808858858858858887e-01 4.998048198198198406e+02
2.036394557823129059e-01 3.649342879818594270e+02
2.190557939914163088e-01 3.165159506437768755e+02
2.426502732240437277e-01 2.364129107468124005e+02
2.596589259796807103e-01 2.185813381712626722e+02
2.811171662125340753e-01 2.214715667574932070e+02
3.008784530386739986e-01 1.929814939226519357e+02
3.206315289648623001e-01 1.721931149097815990e+02
3.399619047619047429e-01 1.511893009523809610e+02
3.619689737470166979e-01 1.192711694510739733e+02
3.799070887818307152e-01 1.143202167928423876e+02
4.013341804320203487e-01 1.074404078780177798e+02
4.195595854922279933e-01 9.388923281519861064e+01
4.407771883289124948e-01 8.888962137931034135e+01
4.600780487804878027e-01 8.615669331707317724e+01
4.807973648341663520e-01 7.529400645161291550e+01
5.009150981177412643e-01 6.724021073287944716e+01
5.204555984555984116e-01 6.708209343629343380e+01
5.419053527118044000e-01 6.017849478908187422e+01
5.606541598694942952e-01 5.478165063621532482e+01
5.706576338400528581e-01 5.564653403833442979e+01
