2.166666666666666741e-02 4.837014499999999316e+03
4.454545454545454780e-02 4.349708636363636288e+03
6.211111111111110999e-02 3.510959999999999582e+03
8.302469135802469091e-02 2.409448641975308419e+03
1.001960784313725428e-01 1.925079509803921610e+03
1.238590604026845732e-01 1.472750134228188017e+03
1.404228855721393054e-01 1.173823134328358265e+03
1.630075187969924899e-01 1.022037909774436002e+03
1.808858858858858887e-01 8.538765585585584859e+02
2.036394557823129059e-01 6.448790861678005513e+02
2.190557939914163088e-01 5.555032939914163990e+02
2.426502732240437277e-01 4.236709034608379056e+02
2.596589259796807103e-01 3.900736487663280059e+02
2.811171662125340753e-01 3.983988051771117398e+02
3.008784530386739986e-01 3.636488342541436509e+02
3.206315289648623001e-01 3.176370721747388188e+02
3.399619047619047429e-01 2.705149780952381207e+02
3.619689737470166979e-01 2.230891217183771005e+02
3.799070887818307152e-01 2.089618713007570818e+02
4.013341804320203487e-01 1.950554224904701357e+02
4.195595854922279933e-01 1.771703880253310217e+02
4.407771883289124948e-01 1.657361777188329199e+02
4.600780487804878027e-01 1.605480312195121826e+02
4.807973648341663520e-01 1.427234461608359766e+02
5.009150981177412643e-01 1.317708674409291234e+02
5.204555984555984116e-01 1.281786212355212342e+02
5.419053527118044000e-01 1.152014877702942215e+02
5.606541598694942952e-01 1.084052075040783052e+02
5.706576338400528581e-01 1.092670938532716605e+02
