2.166666666666666741e-02 1.560159483333333446e+04
4.454545454545454780e-02 8.619649999999999636e+03
6.211111111111110999e-02 5.583268888888888796e+03
8.302469135802469091e-02 3.814108765432098608e+03
1.001960784313725428e-01 2.753392058823529169e+03
1.238590604026845732e-01 2.372043892617449728e+03
1.404228855721393054e-01 1.940940149253731533e+03
1.630075187969924899e-01 1.539793045112782011e+03
1.808858858858858887e-01 1.376905045045044972e+03
2.036394557823129059e-01 1.143340625850340075e+03
2.190557939914163088e-01 9.524212703862660874e+02
2.426502732240437277e-01 7.096137267759562519e+02
2.596589259796807103e-01 6.983989782293178905e+02
2.811171662125340753e-01 6.798853664850134919e+02
3.008784530386739986e-01 5.850279723756905241e+02
3.206315289648623001e-01 5.465517094017093314e+02
3.399619047619047429e-01 4.742227542857143021e+02
3.619689737470166979e-01 4.084826014319809246e+02
3.799070887818307152e-01 3.987549662766689949e+02
4.013341804320203487e-01 3.487693468869123308e+02
4.195595854922279933e-01 3.187537305699482317e+02
4.407771883289124948e-01 3.001522726790450974e+02
4.600780487804878027e-01 2.730262356097560996e+02
4.807973648341663520e-01 2.536689472966833137e+02
5.009150981177412643e-01 2.480996335602723377e+02
5.204555984555984116e-01 2.379680501930502032e+02
5.419053527118044000e-01 2.191909000354484647e+02
5.606541598694942952e-01 2.029421425774877434e+02
5.706576338400528581e-01 1.964754124256444072e+02
