7.099999999999999645e+00 1.254002240055795969e+00 6.955482888209490143e-03
7.299999999999999822e+00 1.148280811187520234e+00 5.488669613757577587e-03
7.500000000000000000e+00 1.074960428038714388e+00 4.283505209019220286e-03
7.700000000000000178e+00 1.061876065467485031e+00 3.539012347704158668e-03
7.900000000000000355e+00 1.092926519702653865e+00 3.256554535317091048e-03
8.099999999999999645e+00 1.143665345991957683e+00 3.355605219962669826e-03
8.300000000000000711e+00 1.230282480461223127e+00 3.770989289708016022e-03
8.500000000000001776e+00 1.322354455228780923e+00 4.435144580469644812e-03
8.700000000000001066e+00 1.413460545965055770e+00 5.275868968901248693e-03
8.900000000000000355e+00 1.494254851766422032e+00 6.304560435606492569e-03
9.100000000000001421e+00 1.588641760322711427e+00 7.733825621925994806e-03
9.300000000000002487e+00 1.670626123027622256e+00 9.614007327261331684e-03
9.500000000000001776e+00 1.745281505137405542e+00 1.175121531485107118e-02
9.700000000000001066e+00 1.797913559689781504e+00 1.433714967634832672e-02
9.900000000000002132e+00 1.890111529818766511e+00 1.853414616085976435e-02
1.010000000000000320e+01 2.004993016822465002e+00 2.446813006635178284e-02
1.030000000000000249e+01 2.029886448386255093e+00 3.219176164600694168e-02
1.050000000000000178e+01 2.148892426353198104e+00 5.197460521288049112e-02
1.070000000000000284e+01 2.279894068400355245e+00 2.146851932457153611e-01
1.090000000000000391e+01 1.104479374106354861e+01 2.583044381868731421e+00
