2.166666666666666741e-02 9.017456216666667024e+04
4.454545454545454780e-02 2.994901363636363385e+04
6.211111111111110999e-02 7.294022666666666737e+03
8.302469135802469091e-02 4.812123209876543115e+03
1.001960784313725428e-01 3.765368333333333339e+03
1.238590604026845732e-01 3.149383825503355638e+03
1.404228855721393054e-01 2.114723830845771317e+03
1.630075187969924899e-01 1.805709511278195350e+03
1.808858858858858887e-01 1.727033633633633599e+03
2.036394557823129059e-01 1.495392312925170017e+03
2.190557939914163088e-01 1.279858454935622376e+03
2.426502732240437277e-01 9.971191074681238433e+02
2.596589259796807103e-01 9.578703628447025267e+02
2.811171662125340753e-01 9.582209386920981160e+02
3.008784530386739986e-01 8.882033999999998741e+02
3.206315289648623001e-01 7.873015137701804633e+02
3.399619047619047429e-01 7.063890266666668367e+02
3.619689737470166979e-01 5.999889355608590904e+02
3.799070887818307152e-01 5.440563606331727442e+02
4.013341804320203487e-01 5.168217808132147866e+02
4.195595854922279933e-01 4.881493258491652227e+02
4.407771883289124948e-01 4.411342716180371895e+02
4.600780487804878027e-01 4.205562239024390010e+02
4.807973648341663520e-01 3.631225193094048223e+02
5.009150981177412643e-01 3.523331037244693675e+02
5.204555984555984116e-01 3.456897984555984635e+02
5.419053527118044000e-01 3.137193739808578812e+02
5.606541598694942952e-01 2.864757050570962633e+02
5.706576338400528581e-01 2.562049041639127722e+02
