2.166666666666666741e-02 1.547213649999999907e+05
4.454545454545454780e-02 5.099197136363635946e+04
6.211111111111110999e-02 7.686790444444442983e+03
8.302469135802469091e-02 5.191777901234568162e+03
1.001960784313725428e-01 4.407630686274509571e+03
1.238590604026845732e-01 3.271921610738254913e+03
1.404228855721393054e-01 2.482077412935323537e+03
1.630075187969924899e-01 2.252987067669173030e+03
1.808858858858858887e-01 2.078561321321321429e+03
2.036394557823129059e-01 1.672293764172335614e+03
2.190557939914163088e-01 1.384805236051502106e+03
2.426502732240437277e-01 9.974920765027322886e+02
2.596589259796807103e-01 1.061429317851959468e+03
2.811171662125340753e-01 9.178373651226156653e+02
3.008784530386739986e-01 7.217583668508287928e+02
3.206315289648623001e-01 6.482242326685659464e+02
3.399619047619047429e-01 6.040036133333333055e+02
3.619689737470166979e-01 5.759932100238663679e+02
3.799070887818307152e-01 5.344256937370956848e+02
4.013341804320203487e-01 4.365968430749682057e+02
4.195595854922279933e-01 4.053844847438111287e+02
4.407771883289124948e-01 4.557747522546419532e+02
4.600780487804878027e-01 4.238680736585365594e+02
4.807973648341663520e-01 4.556169954566105957e+02
5.009150981177412643e-01 4.120535835002002045e+02
5.204555984555984116e-01 3.107527432432431738e+02
5.419053527118044000e-01 3.151457408720311832e+02
5.606541598694942952e-01 2.863621608482870897e+02
5.706576338400528581e-01 2.497371044282881769e+02
