2.166666666666666741e-02 1.307983816666666644e+04
4.454545454545454780e-02 7.674735909090909445e+03
6.211111111111110999e-02 5.137078888888888287e+03
8.302469135802469091e-02 3.696994567901234404e+03
1.001960784313725428e-01 2.889888921568627666e+03
1.238590604026845732e-01 2.211106778523489993e+03
1.404228855721393054e-01 1.748156417910447772e+03
1.630075187969924899e-01 1.509945488721804622e+03
1.808858858858858887e-01 1.344295555555555438e+03
2.036394557823129059e-01 1.047346240362811841e+03
2.190557939914163088e-01 8.467350214592274824e+02
2.426502732240437277e-01 6.486112422586521689e+02
2.596589259796807103e-01 6.398260087082728660e+02
2.811171662125340753e-01 6.061096062670300171e+02
3.008784530386739986e-01 5.356498110497237803e+02
3.206315289648623001e-01 5.006745451092117491e+02
3.399619047619047429e-01 4.299405666666666548e+02
3.619689737470166979e-01 3.513471241050119147e+02
3.799070887818307152e-01 3.411826724019270500e+02
4.013341804320203487e-01 3.114463265565438519e+02
4.195595854922279933e-01 2.842660512377662485e+02
4.407771883289124948e-01 2.854565050397877712e+02
4.600780487804878027e-01 2.648795336585365590e+02
4.807973648341663520e-01 2.322745333939118666e+02
5.009150981177412643e-01 2.177343231878253960e+02
5.204555984555984116e-01 2.081351223938223711e+02
5.419053527118044000e-01 1.957224891882311226e+02
5.606541598694942952e-01 1.853676199021207083e+02
5.706576338400528581e-01 1.813184183740912090e+02
