2.166666666666666741e-02 1.419016000000000058e+05
4.454545454545454780e-02 4.389414681818181998e+04
6.211111111111110999e-02 8.882521555555555096e+03
8.302469135802469091e-02 7.398408271604937909e+03
1.001960784313725428e-01 8.398220882352941771e+03
1.238590604026845732e-01 4.922611006711409573e+03
1.404228855721393054e-01 1.447341064676616952e+03
1.630075187969924899e-01 1.398803932330827138e+03
1.808858858858858887e-01 1.428465729729729674e+03
2.036394557823129059e-01 1.247713476190476285e+03
2.190557939914163088e-01 4.636501566523606357e+02
2.426502732240437277e-01 8.288871876138433663e+02
2.596589259796807103e-01 9.115332844702468265e+02
2.811171662125340753e-01 1.049933742506811996e+03
3.008784530386739986e-01 1.394005558011049743e+03
3.206315289648623001e-01 1.084096478632478693e+03
3.399619047619047429e-01 7.969080542857142291e+02
3.619689737470166979e-01 7.434602649164678496e+02
3.799070887818307152e-01 8.673800357880247702e+02
4.013341804320203487e-01 4.569810895806862163e+02
4.195595854922279933e-01 4.885286695451929404e+02
4.407771883289124948e-01 4.974628885941644398e+02
4.600780487804878027e-01 -2.999528804878049186e+02
4.807973648341663520e-01 -2.360448514311676433e+02
5.009150981177412643e-01 1.245703988786543874e+02
5.204555984555984116e-01 1.312575575289575340e+02
5.419053527118044000e-01 4.806839943282523677e+02
5.606541598694942952e-01 6.221972502446981252e+02
5.706576338400528581e-01 6.056197356245868377e+02
