2.166666666666666741e-02 7.781834716666667191e+03
4.454545454545454780e-02 5.551336363636363785e+03
6.211111111111110999e-02 4.636067777777777337e+03
8.302469135802469091e-02 3.471308641975308547e+03
1.001960784313725428e-01 2.689902156862744505e+03
1.238590604026845732e-01 2.016799597315436358e+03
1.404228855721393054e-01 1.577330149253731634e+03
1.630075187969924899e-01 1.417382969924811960e+03
1.808858858858858887e-01 1.248550840840840920e+03
2.036394557823129059e-01 9.289963673469388823e+02
2.190557939914163088e-01 7.621535772532189412e+02
2.426502732240437277e-01 6.014466684881602987e+02
2.596589259796807103e-01 5.698212249637155082e+02
2.811171662125340753e-01 5.682610708446866283e+02
3.008784530386739986e-01 5.163730939226519467e+02
3.206315289648623001e-01 4.353338262108262029e+02
3.399619047619047429e-01 3.743036771428571114e+02
3.619689737470166979e-01 3.353958424821002495e+02
3.799070887818307152e-01 3.025164397797660172e+02
4.013341804320203487e-01 2.785817121982211120e+02
4.195595854922279933e-01 2.601020656303972487e+02
4.407771883289124948e-01 2.395847777188328678e+02
4.600780487804878027e-01 2.269396624390244028e+02
4.807973648341663520e-01 2.028920390731485668e+02
5.009150981177412643e-01 1.890821581898277941e+02
5.204555984555984116e-01 1.818794610038609960e+02
5.419053527118044000e-01 1.680013622828784037e+02
5.606541598694942952e-01 1.581997605220228422e+02
5.706576338400528581e-01 1.567027296761401089e+02
