2.166666666666666741e-02 4.337285983333334116e+03
4.454545454545454780e-02 3.927142727272727370e+03
6.211111111111110999e-02 3.127861111111111313e+03
8.302469135802469091e-02 2.152247160493826868e+03
1.001960784313725428e-01 1.776683823529411711e+03
1.238590604026845732e-01 1.336039798657718165e+03
1.404228855721393054e-01 1.010372726368159192e+03
1.630075187969924899e-01 8.758340451127818369e+02
1.808858858858858887e-01 7.358256636636635903e+02
2.036394557823129059e-01 5.527950907029478458e+02
2.190557939914163088e-01 4.805143540772531878e+02
2.426502732240437277e-01 3.673442877959927841e+02
2.596589259796807103e-01 3.439226255442670777e+02
2.811171662125340753e-01 3.497741662125340554e+02
3.008784530386739986e-01 3.117389314917127194e+02
3.206315289648623001e-01 2.734599468186135027e+02
3.399619047619047429e-01 2.354167923809523870e+02
3.619689737470166979e-01 1.949714558472553563e+02
3.799070887818307152e-01 1.827262257398485872e+02
4.013341804320203487e-01 1.667584142312579445e+02
4.195595854922279933e-01 1.497395175590097836e+02
4.407771883289124948e-01 1.393665734748010436e+02
4.600780487804878027e-01 1.344751263414634082e+02
4.807973648341663520e-01 1.210462889595638245e+02
5.009150981177412643e-01 1.127620664797757257e+02
5.204555984555984116e-01 1.076175594594594571e+02
5.419053527118044000e-01 9.700931279688052200e+01
5.606541598694942952e-01 9.086820636215334446e+01
5.706576338400528581e-01 8.857122280237938128e+01
