2.166666666666666741e-02 7.039466566666666949e+03
4.454545454545454780e-02 5.272313181818181874e+03
6.211111111111110999e-02 4.401789999999999964e+03
8.302469135802469091e-02 3.115097901234567871e+03
1.001960784313725428e-01 2.344904705882353028e+03
1.238590604026845732e-01 1.784578724832214675e+03
1.404228855721393054e-01 1.414850019900497500e+03
1.630075187969924899e-01 1.262484819548872110e+03
1.808858858858858887e-01 1.093326690690690612e+03
2.036394557823129059e-01 8.485676031746032777e+02
2.190557939914163088e-01 7.237776309012876936e+02
2.426502732240437277e-01 5.559057540983607169e+02
2.596589259796807103e-01 5.158402380261247799e+02
2.811171662125340753e-01 5.025631253405994698e+02
3.008784530386739986e-01 4.649799933701658006e+02
3.206315289648623001e-01 4.214107673314339877e+02
3.399619047619047429e-01 3.555349580952380961e+02
3.619689737470166979e-01 2.926901861575179282e+02
3.799070887818307152e-01 2.724437329662766274e+02
4.013341804320203487e-01 2.432049663278271794e+02
4.195595854922279933e-01 2.243773016695452043e+02
4.407771883289124948e-01 2.158873994694959890e+02
4.600780487804878027e-01 2.062237400000000207e+02
4.807973648341663520e-01 1.856393562017264856e+02
5.009150981177412643e-01 1.727579611533840307e+02
5.204555984555984116e-01 1.689857474903475065e+02
5.419053527118044000e-01 1.525458365827720684e+02
5.606541598694942952e-01 1.386718557911908647e+02
5.706576338400528581e-01 1.362373046926635993e+02
