2.166666666666666741e-02 1.140077949999999873e+04
4.454545454545454780e-02 7.342160909090909627e+03
6.211111111111110999e-02 5.633167999999999665e+03
8.302469135802469091e-02 4.230926790123457067e+03
1.001960784313725428e-01 3.088704803921568782e+03
1.238590604026845732e-01 2.375603624161073640e+03
1.404228855721393054e-01 1.893657611940298466e+03
1.630075187969924899e-01 1.557181654135338476e+03
1.808858858858858887e-01 1.396982162162162240e+03
2.036394557823129059e-01 1.077931020408163477e+03
2.190557939914163088e-01 8.788862746781115902e+02
2.426502732240437277e-01 6.390139526411658153e+02
2.596589259796807103e-01 6.538839390420899917e+02
2.811171662125340753e-01 6.655543079019073502e+02
3.008784530386739986e-01 5.957716773480663051e+02
3.206315289648623001e-01 5.513400484330484232e+02
3.399619047619047429e-01 4.581659657142857327e+02
3.619689737470166979e-01 3.688263269689737740e+02
3.799070887818307152e-01 3.372567350309703897e+02
4.013341804320203487e-01 3.094506581956798072e+02
4.195595854922279933e-01 2.945638848589522354e+02
4.407771883289124948e-01 2.836330068965517057e+02
4.600780487804878027e-01 2.596455365853658463e+02
4.807973648341663520e-01 2.362024279872784973e+02
5.009150981177412643e-01 2.385682675210252057e+02
5.204555984555984116e-01 2.207470181467181476e+02
5.419053527118044000e-01 1.947483420772775844e+02
5.606541598694942952e-01 2.005642290375203913e+02
5.706576338400528581e-01 2.095130350297422410e+02
