2.166666666666666741e-02 1.712142250000000058e+04
4.454545454545454780e-02 9.230862272727272284e+03
6.211111111111110999e-02 6.333449999999999818e+03
8.302469135802469091e-02 4.253502469135803040e+03
1.001960784313725428e-01 2.789701274509803625e+03
1.238590604026845732e-01 2.357940872483221483e+03
1.404228855721393054e-01 1.967694527363183852e+03
1.630075187969924899e-01 1.618839586466165429e+03
1.808858858858858887e-01 1.457254084084084070e+03
2.036394557823129059e-01 1.202756757369614434e+03
2.190557939914163088e-01 1.059263206008583666e+03
2.426502732240437277e-01 8.077855956284151944e+02
2.596589259796807103e-01 7.794697155297532163e+02
2.811171662125340753e-01 8.040278841961853686e+02
3.008784530386739986e-01 6.696479613259668895e+02
3.206315289648623001e-01 5.531010930674262909e+02
3.399619047619047429e-01 4.882082561904761633e+02
3.619689737470166979e-01 4.476102768496419912e+02
3.799070887818307152e-01 4.277850075705437121e+02
4.013341804320203487e-01 3.831833773824650393e+02
4.195595854922279933e-01 3.423730708117443555e+02
4.407771883289124948e-01 3.217052275862069450e+02
4.600780487804878027e-01 3.180249536585366172e+02
4.807973648341663520e-01 3.037539468423443623e+02
5.009150981177412643e-01 2.834371429715658905e+02
5.204555984555984116e-01 2.685137347490347111e+02
5.419053527118044000e-01 2.409235147110953505e+02
5.606541598694942952e-01 2.213259435562805777e+02
5.706576338400528581e-01 2.195977111698612134e+02
