2.166666666666666741e-02 1.362008350000000064e+04
4.454545454545454780e-02 8.353301363636363021e+03
6.211111111111110999e-02 6.510302888888889356e+03
8.302469135802469091e-02 4.423039259259258870e+03
1.001960784313725428e-01 3.274527058823529387e+03
1.238590604026845732e-01 2.804681476510067569e+03
1.404228855721393054e-01 2.238007761194029626e+03
1.630075187969924899e-01 1.762956729323308309e+03
1.808858858858858887e-01 1.516738408408408532e+03
2.036394557823129059e-01 1.255404489795918380e+03
2.190557939914163088e-01 1.081663433476394857e+03
2.426502732240437277e-01 8.000113806921675632e+02
2.596589259796807103e-01 7.800265674891147683e+02
2.811171662125340753e-01 8.117777656675749540e+02
3.008784530386739986e-01 7.399609889502762599e+02
3.206315289648623001e-01 6.512330123456789579e+02
3.399619047619047429e-01 5.250980466666667326e+02
3.619689737470166979e-01 4.482598114558472275e+02
3.799070887818307152e-01 4.406309972470750154e+02
4.013341804320203487e-01 3.975462369758577097e+02
4.195595854922279933e-01 3.633063016695451779e+02
4.407771883289124948e-01 3.461489968169761369e+02
4.600780487804878027e-01 3.295920487804878007e+02
4.807973648341663520e-01 3.074979722853248632e+02
5.009150981177412643e-01 3.105701405686824614e+02
5.204555984555984116e-01 3.029536189189188917e+02
5.419053527118044000e-01 2.631973980857851529e+02
5.606541598694942952e-01 2.442429637846655339e+02
5.706576338400528581e-01 2.403816840713813576e+02
