9.100000000000001421e+00 1.751706714859647906e+00 5.175284749131524586e-01 2.407677356656948500e-02 2.407677356656948500e-02
9.300000000000002487e+00 1.807312548799813401e+00 5.685294061983450220e-01 1.900928625418421211e-02 1.900928625418421211e-02
9.500000000000001776e+00 1.873437560952395886e+00 6.488515162650712043e-01 1.445092322643343023e-02 1.445092322643343023e-02
9.700000000000001066e+00 1.939960247108313496e+00 6.475119334261056903e-01 1.136378360868156752e-02 1.136378360868156752e-02
9.900000000000002132e+00 2.017605735298305003e+00 6.748052350089929208e-01 8.986610517222761926e-03 8.986610517222761926e-03
1.010000000000000320e+01 2.099462915979250166e+00 6.503527510238776843e-01 6.607817730266710154e-03 6.607817730266710154e-03
1.030000000000000249e+01 2.150004322668387147e+00 5.771584405928048556e-01 3.770651117589892982e-03 3.770651117589892982e-03
1.050000000000000178e+01 2.181975750553089011e+00 6.617998643339645382e-01 1.037145016736853390e-03 1.037145016736853390e-03
1.070000000000000284e+01 2.351361205767695139e+00 1.150322513442890715e+00 8.584386135406543673e-05 8.584386135406543673e-05
1.090000000000000391e+01 7.291371185473191296e+00 5.051097726475320293e+00 1.079796998164345075e-06 1.079796998164345075e-06
