2.166666666666666741e-02 6.553301833333332070e+03
4.454545454545454780e-02 5.472291363636362803e+03
6.211111111111110999e-02 4.977464666666666744e+03
8.302469135802469091e-02 3.652067654320988368e+03
1.001960784313725428e-01 2.891791666666666515e+03
1.238590604026845732e-01 2.261203422818791751e+03
1.404228855721393054e-01 1.734103432835820740e+03
1.630075187969924899e-01 1.544036541353383427e+03
1.808858858858858887e-01 1.430593303303303401e+03
2.036394557823129059e-01 1.082475011337868409e+03
2.190557939914163088e-01 8.359058905579398697e+02
2.426502732240437277e-01 6.756810655737704110e+02
2.596589259796807103e-01 6.549709274310595220e+02
2.811171662125340753e-01 6.034560245231607496e+02
3.008784530386739986e-01 5.473201690607735372e+02
3.206315289648623001e-01 5.069388005698006054e+02
3.399619047619047429e-01 4.371643771428571768e+02
3.619689737470166979e-01 3.672830477326969003e+02
3.799070887818307152e-01 3.558693207157605229e+02
4.013341804320203487e-01 3.249646893265565382e+02
4.195595854922279933e-01 2.805336016119746887e+02
4.407771883289124948e-01 2.636927225464190769e+02
4.600780487804878027e-01 2.581658365853658097e+02
4.807973648341663520e-01 2.345101967287596381e+02
5.009150981177412643e-01 2.180616704044853975e+02
5.204555984555984116e-01 2.120261660231660414e+02
5.419053527118044000e-01 1.965769184686281221e+02
5.606541598694942952e-01 1.711945889070146904e+02
5.706576338400528581e-01 1.572781830799735587e+02
