2.166666666666666741e-02 1.886862083333333430e+05
4.454545454545454780e-02 6.077538136363635567e+04
6.211111111111110999e-02 1.389895533333333333e+04
8.302469135802469091e-02 1.058500543209876560e+04
1.001960784313725428e-01 7.773955490196079154e+03
1.238590604026845732e-01 6.082771946308725092e+03
1.404228855721393054e-01 5.025966368159203739e+03
1.630075187969924899e-01 4.043872030075187922e+03
1.808858858858858887e-01 3.186645645645645800e+03
2.036394557823129059e-01 2.499409682539682308e+03
2.190557939914163088e-01 2.121344721030042820e+03
2.426502732240437277e-01 1.631681329690346047e+03
2.596589259796807103e-01 1.657370087082728560e+03
2.811171662125340753e-01 1.643832275204359803e+03
3.008784530386739986e-01 1.623582475138121708e+03
3.206315289648623001e-01 1.536854396961063685e+03
3.399619047619047429e-01 1.348087266666666892e+03
3.619689737470166979e-01 1.201345131264916290e+03
3.799070887818307152e-01 1.190282697866483204e+03
4.013341804320203487e-01 1.003989999364676009e+03
4.195595854922279933e-01 8.679427812320092244e+02
4.407771883289124948e-01 9.393569522546418966e+02
4.600780487804878027e-01 8.433429268292684355e+02
4.807973648341663520e-01 7.481273970922308081e+02
5.009150981177412643e-01 7.780531637965557366e+02
5.204555984555984116e-01 7.517113235521235310e+02
5.419053527118044000e-01 6.708349372562920507e+02
5.606541598694942952e-01 6.095286982055465614e+02
5.706576338400528581e-01 5.830460436219432268e+02
