2.166666666666666741e-02 4.693525883333332786e+03
4.454545454545454780e-02 4.162132272727272721e+03
6.211111111111110999e-02 3.308322888888888883e+03
8.302469135802469091e-02 2.279993580246913552e+03
1.001960784313725428e-01 1.887781960784313924e+03
1.238590604026845732e-01 1.486615838926174320e+03
1.404228855721393054e-01 1.128052945273631849e+03
1.630075187969924899e-01 9.436081954887217762e+02
1.808858858858858887e-01 8.063402462462463518e+02
2.036394557823129059e-01 6.363890770975056057e+02
2.190557939914163088e-01 5.526760386266093974e+02
2.426502732240437277e-01 4.131166830601093238e+02
2.596589259796807103e-01 3.874132539912917537e+02
2.811171662125340753e-01 3.904709564032697244e+02
3.008784530386739986e-01 3.435917546961326821e+02
3.206315289648623001e-01 2.993806362773029264e+02
3.399619047619047429e-01 2.597559895238094896e+02
3.619689737470166979e-01 2.203567661097852124e+02
3.799070887818307152e-01 2.067240763936682697e+02
4.013341804320203487e-01 1.855752325285895665e+02
4.195595854922279933e-01 1.677342043753598375e+02
4.407771883289124948e-01 1.588566175066312951e+02
4.600780487804878027e-01 1.519659307317072887e+02
4.807973648341663520e-01 1.337736056338028163e+02
5.009150981177412643e-01 1.223011181417701181e+02
5.204555984555984116e-01 1.178351050193050327e+02
5.419053527118044000e-01 1.053354227578872724e+02
5.606541598694942952e-01 9.900972763458401005e+01
5.706576338400528581e-01 9.969834871116985653e+01
