2.166666666666666741e-02 3.842085716666666485e+03
4.454545454545454780e-02 3.839733636363636833e+03
6.211111111111110999e-02 3.282923777777778014e+03
8.302469135802469091e-02 2.326713580246913352e+03
1.001960784313725428e-01 1.876105882352941080e+03
1.238590604026845732e-01 1.421360268456375707e+03
1.404228855721393054e-01 1.118174587064676643e+03
1.630075187969924899e-01 9.455408421052632093e+02
1.808858858858858887e-01 7.753096936936937027e+02
2.036394557823129059e-01 5.997849070294784042e+02
2.190557939914163088e-01 5.312101587982832598e+02
2.426502732240437277e-01 4.046784298724954283e+02
2.596589259796807103e-01 3.757091030478954963e+02
2.811171662125340753e-01 3.793263719346049356e+02
3.008784530386739986e-01 3.355771856353591147e+02
3.206315289648623001e-01 2.911292450142449866e+02
3.399619047619047429e-01 2.521858599999999910e+02
3.619689737470166979e-01 2.132809307875895115e+02
3.799070887818307152e-01 2.001691871988988396e+02
4.013341804320203487e-01 1.814077153748411604e+02
4.195595854922279933e-01 1.631317783534830426e+02
4.407771883289124948e-01 1.539480525198939063e+02
4.600780487804878027e-01 1.516836112195121871e+02
4.807973648341663520e-01 1.389006433439345756e+02
5.009150981177412643e-01 1.249457488986784313e+02
5.204555984555984116e-01 1.173524223938223798e+02
5.419053527118044000e-01 1.066675069124424056e+02
5.606541598694942952e-01 9.987948626427406396e+01
5.706576338400528581e-01 9.877002736285524520e+01
