2.166666666666666741e-02 4.463998783333333558e+05
4.454545454545454780e-02 1.391718409090909117e+05
6.211111111111110999e-02 2.098039777777777999e+04
8.302469135802469091e-02 1.494064938271604842e+04
1.001960784313725428e-01 1.063696019607843118e+04
1.238590604026845732e-01 8.514371140939598263e+03
1.404228855721393054e-01 7.143818457711442534e+03
1.630075187969924899e-01 6.121871879699247984e+03
1.808858858858858887e-01 5.390057687687687576e+03
2.036394557823129059e-01 5.057858390022674939e+03
2.190557939914163088e-01 4.260528412017167284e+03
2.426502732240437277e-01 3.088443296903461032e+03
2.596589259796807103e-01 3.016319492017416451e+03
2.811171662125340753e-01 2.567156825613079036e+03
3.008784530386739986e-01 2.467544994475137628e+03
3.206315289648623001e-01 2.163452212725545905e+03
3.399619047619047429e-01 1.920693590476190593e+03
3.619689737470166979e-01 1.911330095465393924e+03
3.799070887818307152e-01 1.698086799724707589e+03
4.013341804320203487e-01 1.617427363405336564e+03
4.195595854922279933e-01 1.568335215889464280e+03
4.407771883289124948e-01 1.509116376657824731e+03
4.600780487804878027e-01 1.484251736585365961e+03
4.807973648341663520e-01 1.294768106315311115e+03
5.009150981177412643e-01 1.270278835402482855e+03
5.204555984555984116e-01 1.108022806949807091e+03
5.419053527118044000e-01 1.093408496986884074e+03
5.606541598694942952e-01 1.106512155301794564e+03
5.706576338400528581e-01 9.345468843357566584e+02
