9.100000000000001421e+00 1.822460076971845311e+00 6.722532457204012379e-01 2.357088867292948808e-02 2.357088867292948808e-02
9.300000000000002487e+00 1.870006334707253304e+00 6.707732568662714279e-01 1.999460101500917866e-02 1.999460101500917866e-02
9.500000000000001776e+00 1.923079558903949327e+00 7.004851111754534232e-01 1.567055393586005985e-02 1.567055393586005985e-02
9.700000000000001066e+00 1.986570529131434615e+00 7.015863699787145968e-01 1.193607601770866992e-02 1.193607601770866992e-02
9.900000000000002132e+00 2.074277677685147925e+00 7.406110352187328383e-01 9.216067379332684717e-03 9.216067379332684717e-03
1.010000000000000320e+01 2.169768487739862195e+00 7.392175096688217151e-01 7.637944066515495178e-03 7.637944066515495178e-03
1.030000000000000249e+01 2.323906320637560974e+00 8.445140897564327176e-01 6.558147068351149675e-03 6.558147068351149675e-03
1.050000000000000178e+01 2.487335630269630116e+00 7.914487027768640770e-01 5.549076773566569316e-03 5.549076773566569316e-03
1.070000000000000284e+01 2.782545165197025216e+00 9.627110444557971380e-01 3.003995248893207883e-03 3.003995248893207883e-03
1.090000000000000391e+01 3.410597260120957319e+00 1.062432993155229877e+00 9.620991253644315148e-04 9.620991253644315148e-04
1.110000000000000320e+01 4.147822804004552388e+00 1.431716524895480180e+00 2.256775726163481378e-04 2.256775726163481378e-04
1.130000000000000249e+01 6.220167416968330976e+00 2.035309392809957263e+00 2.753482345319080142e-05 2.753482345319080142e-05
1.150000000000000355e+01 1.135541879281896094e+01 3.168876836454922241e+00 2.699492495410862793e-06 2.699492495410862793e-06
