2.166666666666666741e-02 3.943070666666666511e+03
4.454545454545454780e-02 3.518706818181817653e+03
6.211111111111110999e-02 2.661457999999999629e+03
8.302469135802469091e-02 1.854668395061728461e+03
1.001960784313725428e-01 1.559020588235294099e+03
1.238590604026845732e-01 1.146711570469798744e+03
1.404228855721393054e-01 8.979769154228855541e+02
1.630075187969924899e-01 8.052252669172931974e+02
1.808858858858858887e-01 6.641076906906906743e+02
2.036394557823129059e-01 4.989190136054421032e+02
2.190557939914163088e-01 4.383630579399141425e+02
2.426502732240437277e-01 3.247029143897996164e+02
2.596589259796807103e-01 3.016320638606676994e+02
2.811171662125340753e-01 3.022497452316076760e+02
3.008784530386739986e-01 2.635682972375690838e+02
3.206315289648623001e-01 2.408418518518518283e+02
3.399619047619047429e-01 2.074829742857142776e+02
3.619689737470166979e-01 1.669401789976133728e+02
3.799070887818307152e-01 1.592477728836889241e+02
4.013341804320203487e-01 1.483547770012706337e+02
4.195595854922279933e-01 1.316332510074841764e+02
4.407771883289124948e-01 1.200790339522546333e+02
4.600780487804878027e-01 1.168933331707317080e+02
4.807973648341663520e-01 1.022819171285779163e+02
5.009150981177412643e-01 9.372565006007208410e+01
5.204555984555984116e-01 9.337953818532818673e+01
5.419053527118044000e-01 8.549502733073377669e+01
5.606541598694942952e-01 7.877153027732462931e+01
5.706576338400528581e-01 7.737817944481162158e+01
