2.166666666666666741e-02 5.998167499999999563e+03
4.454545454545454780e-02 5.602531818181818380e+03
6.211111111111110999e-02 5.098628000000000611e+03
8.302469135802469091e-02 3.711980740740740202e+03
1.001960784313725428e-01 3.020407450980392241e+03
1.238590604026845732e-01 2.366964832214765011e+03
1.404228855721393054e-01 1.751026417910448117e+03
1.630075187969924899e-01 1.501565300751879704e+03
1.808858858858858887e-01 1.374678378378378284e+03
2.036394557823129059e-01 1.038371038548752949e+03
2.190557939914163088e-01 8.305656287553647417e+02
2.426502732240437277e-01 6.460323114754098697e+02
2.596589259796807103e-01 6.191318185776486871e+02
2.811171662125340753e-01 6.127218079019073684e+02
3.008784530386739986e-01 5.551168486187845019e+02
3.206315289648623001e-01 4.863823551756885308e+02
3.399619047619047429e-01 4.230916761904762780e+02
3.619689737470166979e-01 3.717166873508352865e+02
3.799070887818307152e-01 3.377434948382656899e+02
4.013341804320203487e-01 3.007611067344345201e+02
4.195595854922279933e-01 2.892432377662636895e+02
4.407771883289124948e-01 2.840671352785146269e+02
4.600780487804878027e-01 2.621655946341463732e+02
4.807973648341663520e-01 2.391217823716492887e+02
5.009150981177412643e-01 2.185213852623147659e+02
5.204555984555984116e-01 2.010894108108108185e+02
5.419053527118044000e-01 1.960953176178660158e+02
5.606541598694942952e-01 1.786198903752038802e+02
5.706576338400528581e-01 1.640191328486450573e+02
