2.166666666666666741e-02 6.176171666666666279e+05
4.454545454545454780e-02 2.040525636363636586e+05
6.211111111111110999e-02 2.924358666666666613e+04
8.302469135802469091e-02 1.731028074074074175e+04
1.001960784313725428e-01 1.417413715686274554e+04
1.238590604026845732e-01 9.945939395973153296e+03
1.404228855721393054e-01 7.309932557213929613e+03
1.630075187969924899e-01 4.686673999999999978e+03
1.808858858858858887e-01 6.183487327327326966e+03
2.036394557823129059e-01 9.414793287981859976e+03
2.190557939914163088e-01 8.871537660944206436e+03
2.426502732240437277e-01 5.516602240437157889e+03
2.596589259796807103e-01 5.745047997097241932e+03
2.811171662125340753e-01 6.296714604904631415e+03
3.008784530386739986e-01 4.707791082872928200e+03
3.206315289648623001e-01 2.792655223171889702e+03
3.399619047619047429e-01 1.602342495238095125e+03
3.619689737470166979e-01 1.751156968973747098e+03
3.799070887818307152e-01 1.517503503097040721e+03
4.013341804320203487e-01 1.888228017789072737e+03
4.195595854922279933e-01 2.808225394358088579e+03
4.407771883289124948e-01 2.690928541114058135e+03
4.600780487804878027e-01 2.068298097560975293e+03
4.807973648341663520e-01 9.607298500681509950e+02
5.009150981177412643e-01 4.352074361233479749e+02
5.204555984555984116e-01 2.293061539768340026e+03
5.419053527118044000e-01 2.688318645870258933e+03
5.606541598694942952e-01 1.520794438172920309e+03
5.706576338400528581e-01 1.504643908129543888e+03
