2.166666666666666741e-02 4.669731333333333168e+04
4.454545454545454780e-02 1.714954818181818337e+04
6.211111111111110999e-02 7.219288444444444394e+03
8.302469135802469091e-02 4.953676419753086520e+03
1.001960784313725428e-01 3.598815784313725089e+03
1.238590604026845732e-01 3.034865100671141136e+03
1.404228855721393054e-01 2.363478358208955342e+03
1.630075187969924899e-01 2.149606203007518616e+03
1.808858858858858887e-01 1.843573153153153498e+03
2.036394557823129059e-01 1.426592539682539837e+03
2.190557939914163088e-01 1.167363055793991407e+03
2.426502732240437277e-01 8.002203752276867590e+02
2.596589259796807103e-01 7.909877822931786113e+02
2.811171662125340753e-01 7.804395136239782005e+02
3.008784530386739986e-01 7.562896187845303757e+02
3.206315289648623001e-01 7.574522488129155136e+02
3.399619047619047429e-01 6.127859238095237515e+02
3.619689737470166979e-01 5.341351073985680387e+02
3.799070887818307152e-01 5.331064776324844843e+02
4.013341804320203487e-01 4.282890196950444306e+02
4.195595854922279933e-01 3.988866626367300228e+02
4.407771883289124948e-01 3.810447607427055914e+02
4.600780487804878027e-01 3.393275243902439229e+02
4.807973648341663520e-01 3.064224057246706252e+02
5.009150981177412643e-01 3.053172074489387455e+02
5.204555984555984116e-01 2.756531223938224002e+02
5.419053527118044000e-01 2.389082694080113356e+02
5.606541598694942952e-01 2.440696084828711321e+02
5.706576338400528581e-01 2.404071606080634353e+02
