2.166666666666666741e-02 1.335103133333333244e+05
4.454545454545454780e-02 4.291812136363636091e+04
6.211111111111110999e-02 8.522253111111109320e+03
8.302469135802469091e-02 5.824421481481481351e+03
1.001960784313725428e-01 4.164050980392156816e+03
1.238590604026845732e-01 3.416186174496644071e+03
1.404228855721393054e-01 2.625750248756218753e+03
1.630075187969924899e-01 2.203160977443609227e+03
1.808858858858858887e-01 1.859074054054054159e+03
2.036394557823129059e-01 1.451162607709750546e+03
2.190557939914163088e-01 1.258914592274678171e+03
2.426502732240437277e-01 1.046468870673952779e+03
2.596589259796807103e-01 9.540107489114658392e+02
2.811171662125340753e-01 8.328025653950953711e+02
3.008784530386739986e-01 8.040270419889502591e+02
3.206315289648623001e-01 8.157293266856599985e+02
3.399619047619047429e-01 7.041961647619049245e+02
3.619689737470166979e-01 5.637719522673031634e+02
3.799070887818307152e-01 5.097757102546455599e+02
4.013341804320203487e-01 4.470501848792884516e+02
4.195595854922279933e-01 4.682467610823258610e+02
4.407771883289124948e-01 4.603953681697612410e+02
4.600780487804878027e-01 4.244787809756097658e+02
4.807973648341663520e-01 3.970790658791458441e+02
5.009150981177412643e-01 3.693967492991589552e+02
5.204555984555984116e-01 3.403833424710425106e+02
5.419053527118044000e-01 3.011968699042892581e+02
5.606541598694942952e-01 2.856975135399673604e+02
5.706576338400528581e-01 2.923684937210839507e+02
