2.166666666666666741e-02 7.229831533333333209e+04
4.454545454545454780e-02 2.568585272727272604e+04
6.211111111111110999e-02 7.306646666666666533e+03
8.302469135802469091e-02 4.830592716049382034e+03
1.001960784313725428e-01 3.810338039215685967e+03
1.238590604026845732e-01 3.057363422818791605e+03
1.404228855721393054e-01 2.263113980099502442e+03
1.630075187969924899e-01 1.995368609022556484e+03
1.808858858858858887e-01 1.845174954954954956e+03
2.036394557823129059e-01 1.573201541950113551e+03
2.190557939914163088e-01 1.332451459227467922e+03
2.426502732240437277e-01 9.301718324225865899e+02
2.596589259796807103e-01 9.481133178519593230e+02
2.811171662125340753e-01 9.639393324250681871e+02
3.008784530386739986e-01 8.553795425414365354e+02
3.206315289648623001e-01 7.579343551756885518e+02
3.399619047619047429e-01 6.735753904761904778e+02
3.619689737470166979e-01 5.806800763723150567e+02
3.799070887818307152e-01 5.134953805918788703e+02
4.013341804320203487e-01 4.686037750952985448e+02
4.195595854922279933e-01 4.583859263097293706e+02
4.407771883289124948e-01 4.343384795755968071e+02
4.600780487804878027e-01 4.011633302439024646e+02
4.807973648341663520e-01 3.377403857337574209e+02
5.009150981177412643e-01 3.375486055266319454e+02
5.204555984555984116e-01 3.460663119691120073e+02
5.419053527118044000e-01 2.952472286423254104e+02
5.606541598694942952e-01 2.757374766721044352e+02
5.706576338400528581e-01 2.686496007931262398e+02
