9.100000000000001421e+00 1.792019459340146392e+00 1.451998728693846587e-02
9.300000000000002487e+00 1.845891791504727264e+00 1.643098137361428263e-02
9.500000000000001776e+00 1.855063068067559717e+00 1.905030622619862529e-02
9.700000000000001066e+00 1.936065540640459437e+00 2.167516988477374493e-02
9.900000000000002132e+00 2.027860143056663400e+00 2.458733884129056177e-02
1.010000000000000320e+01 2.060706201803441218e+00 2.918595023830470106e-02
1.030000000000000249e+01 2.131259903460815508e+00 4.056065947729466797e-02
1.050000000000000178e+01 2.242922927263828470e+00 9.434836594763650053e-02
1.070000000000000284e+01 3.026192984393175411e+00 7.775202363823843221e-01
1.090000000000000391e+01 2.349476820873292482e+01 1.034332553643126751e+01
