2.166666666666666741e-02 4.679085416666666788e+03
4.454545454545454780e-02 4.573807727272727789e+03
6.211111111111110999e-02 3.731436444444444533e+03
8.302469135802469091e-02 2.491903209876542860e+03
1.001960784313725428e-01 2.011513431372548894e+03
1.238590604026845732e-01 1.526910134228187871e+03
1.404228855721393054e-01 1.202100855721392918e+03
1.630075187969924899e-01 1.057677248120300646e+03
1.808858858858858887e-01 9.031552312312311415e+02
2.036394557823129059e-01 6.967685736961451539e+02
2.190557939914163088e-01 5.917597296137338390e+02
2.426502732240437277e-01 4.447405264116575836e+02
2.596589259796807103e-01 4.093753004354136351e+02
2.811171662125340753e-01 4.139208501362397783e+02
3.008784530386739986e-01 3.818918607734806301e+02
3.206315289648623001e-01 3.388920987654320811e+02
3.399619047619047429e-01 2.806894790476190451e+02
3.619689737470166979e-01 2.309314439140811146e+02
3.799070887818307152e-01 2.216162312456985717e+02
4.013341804320203487e-01 2.053514587039390165e+02
4.195595854922279933e-01 1.857605388601036225e+02
4.407771883289124948e-01 1.731708074270557063e+02
4.600780487804878027e-01 1.619980634146341458e+02
4.807973648341663520e-01 1.431410513402998674e+02
5.009150981177412643e-01 1.362496175410492469e+02
5.204555984555984116e-01 1.328432335907335755e+02
5.419053527118044000e-01 1.209376915987238590e+02
5.606541598694942952e-01 1.136255402936378545e+02
5.706576338400528581e-01 1.129229643093192408e+02
