2.166666666666666741e-02 4.617857266666666874e+03
4.454545454545454780e-02 4.808181363636363130e+03
6.211111111111110999e-02 4.380251777777778443e+03
8.302469135802469091e-02 3.048900370370370183e+03
1.001960784313725428e-01 2.253777352941176559e+03
1.238590604026845732e-01 1.708941744966442911e+03
1.404228855721393054e-01 1.431190348258706308e+03
1.630075187969924899e-01 1.259027443609022839e+03
1.808858858858858887e-01 1.046450390390390339e+03
2.036394557823129059e-01 7.760907256235827845e+02
2.190557939914163088e-01 6.585487424892704666e+02
2.426502732240437277e-01 5.095821129326046730e+02
2.596589259796807103e-01 4.762609666182873411e+02
2.811171662125340753e-01 4.707911866485013093e+02
3.008784530386739986e-01 4.335447657458564095e+02
3.206315289648623001e-01 3.850648053181386672e+02
3.399619047619047429e-01 3.202695647619047463e+02
3.619689737470166979e-01 2.731662171837708684e+02
3.799070887818307152e-01 2.592626132140399022e+02
4.013341804320203487e-01 2.362416334180431647e+02
4.195595854922279933e-01 2.172636327000575704e+02
4.407771883289124948e-01 2.001658779840848865e+02
4.600780487804878027e-01 1.898724648780487883e+02
4.807973648341663520e-01 1.750278659700136359e+02
5.009150981177412643e-01 1.631267216659991846e+02
5.204555984555984116e-01 1.580974694980695006e+02
5.419053527118044000e-01 1.434737334278624701e+02
5.606541598694942952e-01 1.356130685154975595e+02
5.706576338400528581e-01 1.376329537343027027e+02
