2.166666666666666741e-02 3.813462999999999738e+03
4.454545454545454780e-02 3.452367727272727279e+03
6.211111111111110999e-02 2.737500666666666802e+03
8.302469135802469091e-02 1.911365555555555829e+03
1.001960784313725428e-01 1.615022647058823850e+03
1.238590604026845732e-01 1.178212295302013445e+03
1.404228855721393054e-01 8.850780398009949295e+02
1.630075187969924899e-01 7.904236278195488694e+02
1.808858858858858887e-01 6.648611981981982808e+02
2.036394557823129059e-01 4.976613514739229345e+02
2.190557939914163088e-01 4.376282982832618131e+02
2.426502732240437277e-01 3.296874517304189567e+02
2.596589259796807103e-01 3.001502220609579012e+02
2.811171662125340753e-01 3.037697520435967817e+02
3.008784530386739986e-01 2.753975856353591212e+02
3.206315289648623001e-01 2.462659515669515429e+02
3.399619047619047429e-01 2.098265885714285730e+02
3.619689737470166979e-01 1.692854248210023798e+02
3.799070887818307152e-01 1.634617763248451467e+02
4.013341804320203487e-01 1.513726658195679704e+02
4.195595854922279933e-01 1.329839326424870478e+02
4.407771883289124948e-01 1.255309326259947085e+02
4.600780487804878027e-01 1.167159167804878024e+02
4.807973648341663520e-01 1.021562477964561566e+02
5.009150981177412643e-01 9.560167108530237101e+01
5.204555984555984116e-01 9.335463440154438786e+01
5.419053527118044000e-01 8.557990400567175016e+01
5.606541598694942952e-01 7.956706600326263867e+01
5.706576338400528581e-01 7.877823033707865363e+01
