2.166666666666666741e-02 4.930707566666667117e+04
4.454545454545454780e-02 2.042089863636363589e+04
6.211111111111110999e-02 1.002366377777777780e+04
8.302469135802469091e-02 6.378938148148147775e+03
1.001960784313725428e-01 3.971038921568627757e+03
1.238590604026845732e-01 3.567823758389261457e+03
1.404228855721393054e-01 3.079608407960199202e+03
1.630075187969924899e-01 2.544405864661654050e+03
1.808858858858858887e-01 2.392141111111111059e+03
2.036394557823129059e-01 1.983500113378685000e+03
2.190557939914163088e-01 1.612853133047210349e+03
2.426502732240437277e-01 1.143135114754098367e+03
2.596589259796807103e-01 9.831839782293177450e+02
2.811171662125340753e-01 1.016828982288828342e+03
3.008784530386739986e-01 1.074820066298342454e+03
3.206315289648623001e-01 9.224574995251663267e+02
3.399619047619047429e-01 7.355199323809523548e+02
3.619689737470166979e-01 6.865091121718376144e+02
3.799070887818307152e-01 6.588940488644184370e+02
4.013341804320203487e-01 5.773950952986023140e+02
4.195595854922279933e-01 5.259984933793897426e+02
4.407771883289124948e-01 4.743589374005305217e+02
4.600780487804878027e-01 4.266878517073170656e+02
4.807973648341663520e-01 4.027757069513857573e+02
5.009150981177412643e-01 4.387428914697637197e+02
5.204555984555984116e-01 4.297131640926641012e+02
5.419053527118044000e-01 3.385936217653314770e+02
5.606541598694942952e-01 3.095097807504077991e+02
5.706576338400528581e-01 3.104095003304692568e+02
