2.166666666666666741e-02 7.544507366666667622e+03
4.454545454545454780e-02 5.565876363636364658e+03
6.211111111111110999e-02 4.614568444444445049e+03
8.302469135802469091e-02 3.248264444444444052e+03
1.001960784313725428e-01 2.389386666666666770e+03
1.238590604026845732e-01 1.828267785234899520e+03
1.404228855721393054e-01 1.447305800995025038e+03
1.630075187969924899e-01 1.279512488721804175e+03
1.808858858858858887e-01 1.120937825825825712e+03
2.036394557823129059e-01 8.559359591836733898e+02
2.190557939914163088e-01 7.241098433476395257e+02
2.426502732240437277e-01 5.450622240437157870e+02
2.596589259796807103e-01 5.050935747460086986e+02
2.811171662125340753e-01 5.158748692098092761e+02
3.008784530386739986e-01 4.732948563535911717e+02
3.206315289648623001e-01 4.190406457739791222e+02
3.399619047619047429e-01 3.597065390476190032e+02
3.619689737470166979e-01 3.105639856801909104e+02
3.799070887818307152e-01 2.881749772883688934e+02
4.013341804320203487e-01 2.584433722998729195e+02
4.195595854922279933e-01 2.399879481865284845e+02
4.407771883289124948e-01 2.210266360742705558e+02
4.600780487804878027e-01 2.124447414634146298e+02
4.807973648341663520e-01 1.945579204906860582e+02
5.009150981177412643e-01 1.776123864637564793e+02
5.204555984555984116e-01 1.685098756756756870e+02
5.419053527118044000e-01 1.507889319390287426e+02
5.606541598694942952e-01 1.392908195758564318e+02
5.706576338400528581e-01 1.374673747521480323e+02
