2.166666666666666741e-02 1.005534799999999996e+04
4.454545454545454780e-02 7.910005909090908972e+03
6.211111111111110999e-02 6.814825555555556093e+03
8.302469135802469091e-02 4.677933950617284609e+03
1.001960784313725428e-01 3.169666470588234915e+03
1.238590604026845732e-01 2.428622080536912563e+03
1.404228855721393054e-01 2.057815621890547391e+03
1.630075187969924899e-01 1.840008458646616646e+03
1.808858858858858887e-01 1.554093183183183328e+03
2.036394557823129059e-01 1.144236748299319743e+03
2.190557939914163088e-01 9.871724570815451898e+02
2.426502732240437277e-01 7.882428032786885979e+02
2.596589259796807103e-01 7.346658955007256964e+02
2.811171662125340753e-01 7.484910054495913982e+02
3.008784530386739986e-01 7.047710497237569598e+02
3.206315289648623001e-01 6.353011737891737312e+02
3.399619047619047429e-01 5.600058428571428522e+02
3.619689737470166979e-01 4.683627231503579651e+02
3.799070887818307152e-01 4.141791252580867990e+02
4.013341804320203487e-01 3.766847935196950630e+02
4.195595854922279933e-01 3.582434542314335317e+02
4.407771883289124948e-01 3.411198562334217286e+02
4.600780487804878027e-01 3.199172863414634094e+02
4.807973648341663520e-01 2.869974302589732247e+02
5.009150981177412643e-01 2.689351762114537223e+02
5.204555984555984116e-01 2.694864077220077547e+02
5.419053527118044000e-01 2.527192701169797999e+02
5.606541598694942952e-01 2.345161654159869613e+02
5.706576338400528581e-01 2.346142756113681287e+02
