2.166666666666666741e-02 2.488536233333333439e+04
4.454545454545454780e-02 1.162246181818181867e+04
6.211111111111110999e-02 7.569816444444444642e+03
8.302469135802469091e-02 5.150266913580246182e+03
1.001960784313725428e-01 3.980431470588235243e+03
1.238590604026845732e-01 3.464797248322147425e+03
1.404228855721393054e-01 2.677720348258706508e+03
1.630075187969924899e-01 2.123262631578947094e+03
1.808858858858858887e-01 1.815798768768768696e+03
2.036394557823129059e-01 1.401565056689342327e+03
2.190557939914163088e-01 1.120960751072961330e+03
2.426502732240437277e-01 1.006171278688524581e+03
2.596589259796807103e-01 9.483819622641509568e+02
2.811171662125340753e-01 8.643729359673023964e+02
3.008784530386739986e-01 7.969936607734806557e+02
3.206315289648623001e-01 7.680251927825261191e+02
3.399619047619047429e-01 6.704208076190476504e+02
3.619689737470166979e-01 5.737126396181384962e+02
3.799070887818307152e-01 5.587965340674467143e+02
4.013341804320203487e-01 4.742424898348157853e+02
4.195595854922279933e-01 4.137458900402993436e+02
4.407771883289124948e-01 4.209845151193633797e+02
4.600780487804878027e-01 3.873004863414633974e+02
4.807973648341663520e-01 3.211854802362562964e+02
5.009150981177412643e-01 3.377916972366840014e+02
5.204555984555984116e-01 3.111753710424710562e+02
5.419053527118044000e-01 2.684977352002836142e+02
5.606541598694942952e-01 2.849282293637846806e+02
5.706576338400528581e-01 2.967849933906147157e+02
