2.166666666666666741e-02 2.028576816666666491e+04
4.454545454545454780e-02 1.081562590909090795e+04
6.211111111111110999e-02 7.033683777777778232e+03
8.302469135802469091e-02 4.591170617283950378e+03
1.001960784313725428e-01 3.322492450980392732e+03
1.238590604026845732e-01 2.705946107382550508e+03
1.404228855721393054e-01 2.083946318407960462e+03
1.630075187969924899e-01 1.849681541353383636e+03
1.808858858858858887e-01 1.686454294294294414e+03
2.036394557823129059e-01 1.382487823129251865e+03
2.190557939914163088e-01 1.177521995708154464e+03
2.426502732240437277e-01 8.887384772313297390e+02
2.596589259796807103e-01 8.396292104499275410e+02
2.811171662125340753e-01 7.854952806539511130e+02
3.008784530386739986e-01 7.560052309392264078e+02
3.206315289648623001e-01 6.727645603038936315e+02
3.399619047619047429e-01 5.646799676190476021e+02
3.619689737470166979e-01 5.229999713603818918e+02
3.799070887818307152e-01 4.788473275980729795e+02
4.013341804320203487e-01 4.215710673443456358e+02
4.195595854922279933e-01 4.066336102475532357e+02
4.407771883289124948e-01 3.924076159151193792e+02
4.600780487804878027e-01 3.457316009756096946e+02
4.807973648341663520e-01 3.064797301226714694e+02
5.009150981177412643e-01 2.861486347617140495e+02
5.204555984555984116e-01 2.714515393822393889e+02
5.419053527118044000e-01 2.491111783055654030e+02
5.606541598694942952e-01 2.414878593800979161e+02
5.706576338400528581e-01 2.482515485789821525e+02
