2.166666666666666741e-02 6.940014466666667431e+04
4.454545454545454780e-02 2.749911772727272546e+04
6.211111111111110999e-02 1.069039844444444498e+04
8.302469135802469091e-02 7.217787654320988622e+03
1.001960784313725428e-01 5.041376960784313269e+03
1.238590604026845732e-01 4.351433892617449601e+03
1.404228855721393054e-01 3.516178109452736408e+03
1.630075187969924899e-01 2.667491428571428514e+03
1.808858858858858887e-01 2.496878078078077579e+03
2.036394557823129059e-01 2.117950748299319457e+03
2.190557939914163088e-01 1.753835450643776767e+03
2.426502732240437277e-01 1.420108051001821423e+03
2.596589259796807103e-01 1.378837706821480424e+03
2.811171662125340753e-01 1.310253773841961902e+03
3.008784530386739986e-01 1.265152850828729470e+03
3.206315289648623001e-01 1.142975649572649672e+03
3.399619047619047429e-01 9.220048142857143603e+02
3.619689737470166979e-01 8.538859379474940852e+02
3.799070887818307152e-01 7.744898912594633202e+02
4.013341804320203487e-01 6.787833024142313434e+02
4.195595854922279933e-01 6.675695348301668446e+02
4.407771883289124948e-01 6.132455777188328057e+02
4.600780487804878027e-01 5.855952253658537074e+02
4.807973648341663520e-01 5.327593066787824228e+02
5.009150981177412643e-01 5.043647537044453770e+02
5.204555984555984116e-01 4.923823362934362535e+02
5.419053527118044000e-01 4.487768567883728679e+02
5.606541598694942952e-01 4.225526163132136617e+02
5.706576338400528581e-01 4.132373595505617914e+02
