7.099999999999999645e+00 1.251857155227260598e+00 4.935712403676639076e-03
7.299999999999999822e+00 1.328890531303443590e+00 5.397341361215942518e-03
7.500000000000000000e+00 1.374116694980035858e+00 5.865459071462865090e-03
7.700000000000000178e+00 1.448073999187684757e+00 6.497291801907175736e-03
7.900000000000000355e+00 1.494963380310595724e+00 7.274656986066204388e-03
8.099999999999999645e+00 1.554107207412602332e+00 8.010225454558544608e-03
8.300000000000000711e+00 1.601607461471961313e+00 9.002579665294637226e-03
8.500000000000001776e+00 1.659717525225211210e+00 1.049145750226081371e-02
8.700000000000001066e+00 1.753194074396945856e+00 1.212782041524954925e-02
8.900000000000000355e+00 1.828316768345262133e+00 1.351278025346270076e-02
9.100000000000001421e+00 1.844241468223707825e+00 1.465325800328888713e-02
9.300000000000002487e+00 1.889926067323474568e+00 1.597053234823209503e-02
9.500000000000001776e+00 1.921331595337560039e+00 1.818174682808749998e-02
9.700000000000001066e+00 1.967556348146531686e+00 2.103891728061479255e-02
9.900000000000002132e+00 2.081535665551977221e+00 2.416588796391557631e-02
1.010000000000000320e+01 2.132710668511363927e+00 2.675029085071357199e-02
1.030000000000000249e+01 2.303635349796796294e+00 2.885684787519341224e-02
1.050000000000000178e+01 2.440809861153830251e+00 3.147804300087161944e-02
1.070000000000000284e+01 2.825031333134388145e+00 4.399309795540445878e-02
1.090000000000000391e+01 3.587363878521620641e+00 8.329822830865989125e-02
1.110000000000000320e+01 4.243178683395463224e+00 2.167566436662630158e-01
1.130000000000000249e+01 4.354636776440775847e+00 2.429249561015278225e+00
1.150000000000000355e+01 2.012013754190795822e+01 3.371794352673716411e+00
