2.166666666666666741e-02 -2.067750000000000000e+05
4.454545454545454780e-02 -8.063100909090909408e+05
6.211111111111110999e-02 -7.370434666666666744e+05
8.302469135802469091e-02 1.777363456790123601e+05
1.001960784313725428e-01 6.648275490196078317e+05
1.238590604026845732e-01 -2.140381610738254967e+05
1.404228855721393054e-01 -2.915875570149254054e+05
1.630075187969924899e-01 2.135958045112781292e+03
1.808858858858858887e-01 2.194988102102102130e+05
2.036394557823129059e-01 -3.831811791383219770e+03
2.190557939914163088e-01 -2.020450622317596572e+05
2.426502732240437277e-01 7.608522040072859090e+04
2.596589259796807103e-01 9.091320464441219519e+04
2.811171662125340753e-01 1.343555040871934580e+04
3.008784530386739986e-01 -2.608217458563535911e+04
3.206315289648623001e-01 3.960202374169040559e+04
3.399619047619047429e-01 1.163325009523809604e+04
3.619689737470166979e-01 -1.126198243436754128e+05
3.799070887818307152e-01 -4.175310798348244862e+04
4.013341804320203487e-01 1.425124993011435727e+05
4.195595854922279933e-01 5.345698503166378941e+04
4.407771883289124948e-01 -1.159302503129973484e+05
4.600780487804878027e-01 -3.033031086829268315e+04
4.807973648341663520e-01 8.146244703316675441e+04
5.009150981177412643e-01 4.746897300760911094e+03
5.204555984555984116e-01 -7.333448347490347805e+04
5.419053527118044000e-01 7.200346799007441405e+03
5.606541598694942952e-01 6.978702845677000005e+04
5.706576338400528581e-01 7.446733542630534794e+04
