7.099999999999999645e+00 1.441524342611243847e+00 2.996459275424037116e-01 2.542166072778317409e-01 2.542166072778317409e-01
7.299999999999999822e+00 1.466622249176540826e+00 3.359034329577193501e-01 1.897953784688478640e-01 1.897953784688478640e-01
7.500000000000000000e+00 1.489323585217195989e+00 3.569587969669267835e-01 1.546560846560846580e-01 1.546560846560846580e-01
7.700000000000000178e+00 1.508857197343507650e+00 3.600410625568483680e-01 1.332518086599719376e-01 1.332518086599719376e-01
7.900000000000000355e+00 1.532995980404967096e+00 3.766756387804948147e-01 1.065916207752942435e-01 1.065916207752942435e-01
8.099999999999999645e+00 1.562522539656073572e+00 4.163726850971420368e-01 8.565597667638484569e-02 8.565597667638484569e-02
8.300000000000000711e+00 1.589523995612939666e+00 4.075244931302595131e-01 7.084332145556634930e-02 7.084332145556634930e-02
8.500000000000001776e+00 1.627002511380674532e+00 4.318794749168583524e-01 5.195119317568297479e-02 5.195119317568297479e-02
8.700000000000001066e+00 1.677183657246148929e+00 5.033544229526386582e-01 3.618183781449087894e-02 3.618183781449087894e-02
8.900000000000000355e+00 1.713932486392517385e+00 5.013966011666702860e-01 2.858384623690746196e-02 2.858384623690746196e-02
9.100000000000001421e+00 1.751706714859647906e+00 5.175284749131524586e-01 2.407677356656948500e-02 2.407677356656948500e-02
9.300000000000002487e+00 1.807312548799813401e+00 5.685294061983450220e-01 1.900928625418421211e-02 1.900928625418421211e-02
9.500000000000001776e+00 1.873437560952395886e+00 6.488515162650712043e-01 1.445092322643343023e-02 1.445092322643343023e-02
9.700000000000001066e+00 1.939960247108313496e+00 6.475119334261056903e-01 1.136378360868156752e-02 1.136378360868156752e-02
9.900000000000002132e+00 2.017605735298305003e+00 6.748052350089929208e-01 8.986610517222761926e-03 8.986610517222761926e-03
1.010000000000000320e+01 2.099462915979250166e+00 6.503527510238776843e-01 6.607817730266710154e-03 6.607817730266710154e-03
1.030000000000000249e+01 2.150004322668387147e+00 5.771584405928048556e-01 3.770651117589892982e-03 3.770651117589892982e-03
1.050000000000000178e+01 2.181975750553089011e+00 6.617998643339645382e-01 1.037145016736853390e-03 1.037145016736853390e-03
1.070000000000000284e+01 2.351361205767695139e+00 1.150322513442890715e+00 8.584386135406543673e-05 8.584386135406543673e-05
1.090000000000000391e+01 7.291371185473191296e+00 5.051097726475320293e+00 1.079796998164345075e-06 1.079796998164345075e-06
