2.166666666666666741e-02 7.253182833333333292e+03
4.454545454545454780e-02 5.730305000000000291e+03
6.211111111111110999e-02 5.314594000000000051e+03
8.302469135802469091e-02 4.247287654320987713e+03
1.001960784313725428e-01 3.204301078431372389e+03
1.238590604026845732e-01 2.270364630872482849e+03
1.404228855721393054e-01 1.863102039800994817e+03
1.630075187969924899e-01 1.681911278195488876e+03
1.808858858858858887e-01 1.492063093093093130e+03
2.036394557823129059e-01 1.146447083900226744e+03
2.190557939914163088e-01 9.296852231759656888e+02
2.426502732240437277e-01 7.553236976320582698e+02
2.596589259796807103e-01 7.383622641509433606e+02
2.811171662125340753e-01 6.643500122615803321e+02
3.008784530386739986e-01 5.781370972375690371e+02
3.206315289648623001e-01 5.607889943019943075e+02
3.399619047619047429e-01 4.712441285714285186e+02
3.619689737470166979e-01 3.715827016706443828e+02
3.799070887818307152e-01 3.733341906400550556e+02
4.013341804320203487e-01 3.387698684879288749e+02
4.195595854922279933e-01 3.104692884283246599e+02
4.407771883289124948e-01 2.998809962864721115e+02
4.600780487804878027e-01 2.698194107317073076e+02
4.807973648341663520e-01 2.483798355293048132e+02
5.009150981177412643e-01 2.479993648378053592e+02
5.204555984555984116e-01 2.385379277992278162e+02
5.419053527118044000e-01 2.135155444877703133e+02
5.606541598694942952e-01 2.026129507340946247e+02
5.706576338400528581e-01 2.034238691341705305e+02
