2.166666666666666741e-02 9.415150000000000000e+04
4.454545454545454780e-02 3.436043454545454733e+04
6.211111111111110999e-02 2.631444355555555376e+04
8.302469135802469091e-02 2.805920987654323653e+03
1.001960784313725428e-01 5.455174509803924593e+03
1.238590604026845732e-01 1.833079919463087208e+04
1.404228855721393054e-01 6.778883830845770717e+03
1.630075187969924899e-01 -4.694292537593985799e+03
1.808858858858858887e-01 2.602239684684683652e+03
2.036394557823129059e-01 9.399079310657596579e+03
2.190557939914163088e-01 1.493391793991416080e+03
2.426502732240437277e-01 5.909984699453552821e+02
2.596589259796807103e-01 4.760644934687953537e+03
2.811171662125340753e-01 3.526952247956402971e+03
3.008784530386739986e-01 -3.389189668508287923e+03
3.206315289648623001e-01 -7.658194681861348727e+03
3.399619047619047429e-01 -6.388165180952380069e+03
3.619689737470166979e-01 -8.645742816229116215e+03
3.799070887818307152e-01 -5.564001871988988569e+03
4.013341804320203487e-01 -3.298300851334180607e+03
4.195595854922279933e-01 -1.995849971214730658e+02
4.407771883289124948e-01 7.259125994694966266e+02
4.600780487804878027e-01 -3.435265039024390262e+03
4.807973648341663520e-01 -3.434849422989550021e+03
5.009150981177412643e-01 -1.148470300360432475e+03
5.204555984555984116e-01 -1.591906660231660226e+03
5.419053527118044000e-01 -2.084787447713576512e+03
5.606541598694942952e-01 2.102145487765089911e+03
5.706576338400528581e-01 4.546871407799074404e+03
