2.166666666666666741e-02 -3.757416666666666424e+04
4.454545454545454780e-02 -1.376909545454545332e+04
6.211111111111110999e-02 3.013861822222221963e+04
8.302469135802469091e-02 3.436669037037037197e+04
1.001960784313725428e-01 3.179694705882352719e+04
1.238590604026845732e-01 2.073845046979865583e+04
1.404228855721393054e-01 1.426436527363183995e+04
1.630075187969924899e-01 7.298001353383459900e+03
1.808858858858858887e-01 8.311120900900899869e+03
2.036394557823129059e-01 1.156814918367346763e+04
2.190557939914163088e-01 1.007415770386266195e+04
2.426502732240437277e-01 1.906032440801457415e+04
2.596589259796807103e-01 1.876236835994194553e+04
2.811171662125340753e-01 5.028567397820163933e+03
3.008784530386739986e-01 -2.728898806629831029e+02
3.206315289648623001e-01 6.664484311490979280e+02
3.399619047619047429e-01 4.030573295238095398e+03
3.619689737470166979e-01 8.970211670644392143e+03
3.799070887818307152e-01 3.657322436338609805e+03
4.013341804320203487e-01 -2.846009836086403993e+03
4.195595854922279933e-01 9.175741036269431561e+02
4.407771883289124948e-01 7.936569108753317323e+02
4.600780487804878027e-01 -1.850974240487804764e+03
4.807973648341663520e-01 -1.189926174466151679e+03
5.009150981177412643e-01 -3.125607120544653753e+03
5.204555984555984116e-01 -2.208174799227799213e+03
5.419053527118044000e-01 8.197718233250620870e+02
5.606541598694942952e-01 -4.697109626101142794e+02
5.706576338400528581e-01 -2.237168859220092600e+03
