2.166666666666666741e-02 4.212116666666666861e+05
4.454545454545454780e-02 2.029108999999999942e+05
6.211111111111110999e-02 1.381759155555555481e+05
8.302469135802469091e-02 5.405740246913580631e+04
1.001960784313725428e-01 -4.316787549019607832e+04
1.238590604026845732e-01 -6.263139395973154024e+04
1.404228855721393054e-01 -2.427864716417910313e+04
1.630075187969924899e-01 -1.424840168421052658e+04
1.808858858858858887e-01 -4.673058162162164081e+03
2.036394557823129059e-01 -1.394425986394557731e+04
2.190557939914163088e-01 -1.738710772532188639e+04
2.426502732240437277e-01 4.829222950819671496e+03
2.596589259796807103e-01 -1.277840116110304507e+03
2.811171662125340753e-01 3.367490136239782260e+03
3.008784530386739986e-01 3.735913812154708467e+02
3.206315289648623001e-01 2.433324026590694302e+03
3.399619047619047429e-01 8.109600580952380369e+03
3.619689737470166979e-01 6.245840262529833126e+03
3.799070887818307152e-01 -5.410987130075704954e+03
4.013341804320203487e-01 1.260716200762390372e+03
4.195595854922279933e-01 1.281335339090385969e+04
4.407771883289124948e-01 7.122290682228117475e+03
4.600780487804878027e-01 1.693077963902438796e+03
4.807973648341663520e-01 -2.501706347114948130e+03
5.009150981177412643e-01 -4.558402234681617301e+03
5.204555984555984116e-01 -8.281393034749034996e+03
5.419053527118044000e-01 2.017287309464728196e+03
5.606541598694942952e-01 7.916583132137026269e+02
5.706576338400528581e-01 -9.431722108393920280e+03
