2.166666666666666741e-02 1.388271666666666715e+04
4.454545454545454780e-02 9.735569545454547551e+03
6.211111111111110999e-02 6.255974888888888927e+03
8.302469135802469091e-02 4.242104567901234077e+03
1.001960784313725428e-01 3.299263235294118203e+03
1.238590604026845732e-01 2.897987516778523513e+03
1.404228855721393054e-01 2.441441691542288481e+03
1.630075187969924899e-01 2.126208421052631820e+03
1.808858858858858887e-01 2.042371951951951814e+03
2.036394557823129059e-01 1.524100952380952322e+03
2.190557939914163088e-01 1.386858862660944169e+03
2.426502732240437277e-01 1.023842021857923555e+03
2.596589259796807103e-01 8.590740928882438538e+02
2.811171662125340753e-01 9.726457179836511386e+02
3.008784530386739986e-01 7.534555082872929006e+02
3.206315289648623001e-01 6.284543152896486617e+02
3.399619047619047429e-01 6.132219904761903990e+02
3.619689737470166979e-01 4.877045346062051294e+02
3.799070887818307152e-01 5.188954604267033801e+02
4.013341804320203487e-01 4.039238481575604283e+02
4.195595854922279933e-01 2.830987985031663925e+02
4.407771883289124948e-01 3.794363294429708162e+02
4.600780487804878027e-01 3.373212921951219414e+02
4.807973648341663520e-01 2.673539136756019730e+02
5.009150981177412643e-01 2.362080146175410391e+02
5.204555984555984116e-01 3.142277642857143292e+02
5.419053527118044000e-01 3.881642144629563518e+02
5.606541598694942952e-01 2.756730042414355353e+02
5.706576338400528581e-01 2.088156497025776446e+02
