2.166666666666666741e-02 7.864555933333333996e+03
4.454545454545454780e-02 6.864382272727272721e+03
6.211111111111110999e-02 5.778857777777778210e+03
8.302469135802469091e-02 3.837401604938272158e+03
1.001960784313725428e-01 2.837255000000000109e+03
1.238590604026845732e-01 2.302699060402684609e+03
1.404228855721393054e-01 1.893375124378109376e+03
1.630075187969924899e-01 1.576333571428571304e+03
1.808858858858858887e-01 1.310937687687687685e+03
2.036394557823129059e-01 1.030597405895691736e+03
2.190557939914163088e-01 8.939597618025751444e+02
2.426502732240437277e-01 6.922317103825137110e+02
2.596589259796807103e-01 6.446829782293178823e+02
2.811171662125340753e-01 6.429388324250680853e+02
3.008784530386739986e-01 5.955218419889503139e+02
3.206315289648623001e-01 5.222711500474833883e+02
3.399619047619047429e-01 4.483511990476189908e+02
3.619689737470166979e-01 3.926170835322195671e+02
3.799070887818307152e-01 3.734914067446661647e+02
4.013341804320203487e-01 3.393843627700126717e+02
4.195595854922279933e-01 3.022151347150258971e+02
4.407771883289124948e-01 2.885735135278514463e+02
4.600780487804878027e-01 2.759789287804878199e+02
4.807973648341663520e-01 2.457829109495683895e+02
5.009150981177412643e-01 2.250130760913095571e+02
5.204555984555984116e-01 2.224443127413127570e+02
5.419053527118044000e-01 2.127153814250265782e+02
5.606541598694942952e-01 1.943046169657422695e+02
5.706576338400528581e-01 1.886009616655651087e+02
