2.166666666666666741e-02 1.031726116666666712e+04
4.454545454545454780e-02 7.827436363636364149e+03
6.211111111111110999e-02 6.475394666666667035e+03
8.302469135802469091e-02 4.482156419753086993e+03
1.001960784313725428e-01 3.436987745098039341e+03
1.238590604026845732e-01 2.617563221476510080e+03
1.404228855721393054e-01 1.979095572139303385e+03
1.630075187969924899e-01 1.620167368421052743e+03
1.808858858858858887e-01 1.395906876876876822e+03
2.036394557823129059e-01 1.129224072562358288e+03
2.190557939914163088e-01 9.645107017167382537e+02
2.426502732240437277e-01 7.868706284153005299e+02
2.596589259796807103e-01 7.624169521044992734e+02
2.811171662125340753e-01 7.112301811989101452e+02
3.008784530386739986e-01 6.602512629834254767e+02
3.206315289648623001e-01 5.826991263057929018e+02
3.399619047619047429e-01 4.815578895238095356e+02
3.619689737470166979e-01 4.364207159904534592e+02
3.799070887818307152e-01 4.261123998623537545e+02
4.013341804320203487e-01 3.817799803049555294e+02
4.195595854922279933e-01 3.263087576280943836e+02
4.407771883289124948e-01 2.997961803713528184e+02
4.600780487804878027e-01 2.906532956097560714e+02
4.807973648341663520e-01 2.758345860972285095e+02
5.009150981177412643e-01 2.639498950740889427e+02
5.204555984555984116e-01 2.621178073359073437e+02
5.419053527118044000e-01 2.426271651896490766e+02
5.606541598694942952e-01 2.246284192495921559e+02
5.706576338400528581e-01 2.253859570389953717e+02
