2.166666666666666741e-02 7.999281383333332087e+03
4.454545454545454780e-02 6.529393636363636688e+03
6.211111111111110999e-02 5.344556222222222459e+03
8.302469135802469091e-02 3.770131358024691508e+03
1.001960784313725428e-01 2.870151078431372753e+03
1.238590604026845732e-01 2.195893758389262075e+03
1.404228855721393054e-01 1.742950149253731524e+03
1.630075187969924899e-01 1.465490789473684345e+03
1.808858858858858887e-01 1.230405735735735789e+03
2.036394557823129059e-01 9.706509024943310351e+02
2.190557939914163088e-01 8.327465450643776421e+02
2.426502732240437277e-01 6.371639817850636973e+02
2.596589259796807103e-01 6.113069695210449481e+02
2.811171662125340753e-01 6.034283242506812712e+02
3.008784530386739986e-01 5.519143911602210437e+02
3.206315289648623001e-01 4.901616011396011459e+02
3.399619047619047429e-01 4.207309542857142901e+02
3.619689737470166979e-01 3.659092601431981393e+02
3.799070887818307152e-01 3.509793750860289379e+02
4.013341804320203487e-01 3.200489517153749262e+02
4.195595854922279933e-01 2.861777236614853450e+02
4.407771883289124948e-01 2.680803718832891036e+02
4.600780487804878027e-01 2.557358541463414952e+02
4.807973648341663520e-01 2.347717346660608655e+02
5.009150981177412643e-01 2.176608037645173681e+02
5.204555984555984116e-01 2.081323216216216281e+02
5.419053527118044000e-01 1.930074618929457699e+02
5.606541598694942952e-01 1.791555833605220300e+02
5.706576338400528581e-01 1.756358830138797202e+02
