2.166666666666666741e-02 5.146438900000000103e+03
4.454545454545454780e-02 5.192412727272727352e+03
6.211111111111110999e-02 4.341486888888889553e+03
8.302469135802469091e-02 2.869705679012345172e+03
1.001960784313725428e-01 2.266774117647058574e+03
1.238590604026845732e-01 1.735388187919462780e+03
1.404228855721393054e-01 1.346113940298507487e+03
1.630075187969924899e-01 1.175483330827067675e+03
1.808858858858858887e-01 9.901701021021019642e+02
2.036394557823129059e-01 7.385332176870747389e+02
2.190557939914163088e-01 6.334754420600858111e+02
2.426502732240437277e-01 4.963571129326047071e+02
2.596589259796807103e-01 4.604870304789550346e+02
2.811171662125340753e-01 4.463558446866485951e+02
3.008784530386739986e-01 4.066429281767956354e+02
3.206315289648623001e-01 3.706928423551756850e+02
3.399619047619047429e-01 3.288470161904762108e+02
3.619689737470166979e-01 2.791950167064438801e+02
3.799070887818307152e-01 2.645577274604267473e+02
4.013341804320203487e-01 2.398819180432020062e+02
4.195595854922279933e-01 2.087459994242947516e+02
4.407771883289124948e-01 1.951569755968169773e+02
4.600780487804878027e-01 1.887716234146341492e+02
4.807973648341663520e-01 1.744200967741935244e+02
5.009150981177412643e-01 1.571919787745294457e+02
5.204555984555984116e-01 1.498876687258687070e+02
5.419053527118044000e-01 1.391242775611485456e+02
5.606541598694942952e-01 1.270596110929853353e+02
5.706576338400528581e-01 1.252601533377396095e+02
