2.166666666666666741e-02 7.659103800000000774e+03
4.454545454545454780e-02 6.625701818181818453e+03
6.211111111111110999e-02 5.376899555555554798e+03
8.302469135802469091e-02 3.786234691358024975e+03
1.001960784313725428e-01 2.950790196078431563e+03
1.238590604026845732e-01 2.204161006711409300e+03
1.404228855721393054e-01 1.734434726368159318e+03
1.630075187969924899e-01 1.476777669172932292e+03
1.808858858858858887e-01 1.246636276276276249e+03
2.036394557823129059e-01 9.923322630385488310e+02
2.190557939914163088e-01 8.525218841201716486e+02
2.426502732240437277e-01 6.476392459016393559e+02
2.596589259796807103e-01 6.221335297532655204e+02
2.811171662125340753e-01 6.108462929155313077e+02
3.008784530386739986e-01 5.596792585635359956e+02
3.206315289648623001e-01 4.948615802469136042e+02
3.399619047619047429e-01 4.235698390476190411e+02
3.619689737470166979e-01 3.716555059665870999e+02
3.799070887818307152e-01 3.496068582243634069e+02
4.013341804320203487e-01 3.167345889453621339e+02
4.195595854922279933e-01 2.862897651122625575e+02
4.407771883289124948e-01 2.684257416445623221e+02
4.600780487804878027e-01 2.592539058536585230e+02
4.807973648341663520e-01 2.387662971376647363e+02
5.009150981177412643e-01 2.170544028834601704e+02
5.204555984555984116e-01 2.061415069498069670e+02
5.419053527118044000e-01 1.931714792626728183e+02
5.606541598694942952e-01 1.796541735725938054e+02
5.706576338400528581e-01 1.748472690019827667e+02
