2.166666666666666741e-02 2.364416666666666570e+05
4.454545454545454780e-02 1.850054999999999927e+04
6.211111111111110999e-02 4.545175555555558276e+03
8.302469135802469091e-02 3.086063827160494111e+04
1.001960784313725428e-01 1.327783641176470883e+04
1.238590604026845732e-01 -1.047215292617449632e+04
1.404228855721393054e-01 -9.500930865671640277e+03
1.630075187969924899e-01 -1.374365616541353120e+03
1.808858858858858887e-01 6.871341891891892374e+03
2.036394557823129059e-01 5.494017029478459335e+03
2.190557939914163088e-01 2.137445944206008789e+03
2.426502732240437277e-01 9.435492641165757959e+03
2.596589259796807103e-01 7.978744934687954810e+03
2.811171662125340753e-01 -3.061907220708447312e+03
3.008784530386739986e-01 -4.693656733701656776e+03
3.206315289648623001e-01 6.516696638176638317e+02
3.399619047619047429e-01 7.740582599999999729e+03
3.619689737470166979e-01 4.778938926014319804e+03
3.799070887818307152e-01 1.522261211286992420e+03
4.013341804320203487e-01 9.517487001270646942e+03
4.195595854922279933e-01 9.919783995394358499e+03
4.407771883289124948e-01 7.031138885941647914e+02
4.600780487804878027e-01 -2.193121607317072630e+03
4.807973648341663520e-01 3.627299947751022501e+03
5.009150981177412643e-01 9.423228273928705789e+01
5.204555984555984116e-01 -1.727077312741312880e+03
5.419053527118044000e-01 5.159349971641261618e+03
5.606541598694942952e-01 5.532436692332789789e+03
5.706576338400528581e-01 4.086561865168539498e+03
