2.166666666666666741e-02 3.751463333333333594e+03
4.454545454545454780e-02 5.938958636363636288e+03
6.211111111111110999e-02 6.987338222222221702e+03
8.302469135802469091e-02 5.882600864197530427e+03
1.001960784313725428e-01 4.272013431372549348e+03
1.238590604026845732e-01 3.025378389261744815e+03
1.404228855721393054e-01 2.247172089552238958e+03
1.630075187969924899e-01 2.249819924812029967e+03
1.808858858858858887e-01 1.988758888888888805e+03
2.036394557823129059e-01 1.519214648526076871e+03
2.190557939914163088e-01 1.523244377682403410e+03
2.426502732240437277e-01 1.201100087431694192e+03
2.596589259796807103e-01 9.799936545718433081e+02
2.811171662125340753e-01 8.015979346049045944e+02
3.008784530386739986e-01 6.728600309392264762e+02
3.206315289648623001e-01 6.985186011396010599e+02
3.399619047619047429e-01 6.105222057142857466e+02
3.619689737470166979e-01 4.058871766109785995e+02
3.799070887818307152e-01 4.493073406744666727e+02
4.013341804320203487e-01 3.861457617534943552e+02
4.195595854922279933e-01 3.200579614277489782e+02
4.407771883289124948e-01 4.126016848806365829e+02
4.600780487804878027e-01 4.095021848780488085e+02
4.807973648341663520e-01 3.582140549750113792e+02
5.009150981177412643e-01 2.698981191830196167e+02
5.204555984555984116e-01 2.165436720463320626e+02
5.419053527118044000e-01 2.811646547323644540e+02
5.606541598694942952e-01 3.085972662316476658e+02
5.706576338400528581e-01 3.043932987442167928e+02
