2.166666666666666741e-02 3.894407966666667107e+03
4.454545454545454780e-02 3.813945000000000164e+03
6.211111111111110999e-02 3.262317333333333409e+03
8.302469135802469091e-02 2.296022962962962993e+03
1.001960784313725428e-01 1.867165196078431109e+03
1.238590604026845732e-01 1.396905167785234880e+03
1.404228855721393054e-01 1.074540855721392973e+03
1.630075187969924899e-01 9.516202481203006300e+02
1.808858858858858887e-01 8.155916336336337054e+02
2.036394557823129059e-01 6.129104512471656108e+02
2.190557939914163088e-01 5.161124484978540750e+02
2.426502732240437277e-01 3.983883934426229416e+02
2.596589259796807103e-01 3.759101277213352432e+02
2.811171662125340753e-01 3.658571348773841692e+02
3.008784530386739986e-01 3.317807060773480430e+02
3.206315289648623001e-01 3.003843038936372523e+02
3.399619047619047429e-01 2.567104476190476703e+02
3.619689737470166979e-01 2.164829451073985922e+02
3.799070887818307152e-01 2.088084686854783456e+02
4.013341804320203487e-01 1.902460082592122035e+02
4.195595854922279933e-01 1.658188347725964320e+02
4.407771883289124948e-01 1.559164795755967816e+02
4.600780487804878027e-01 1.500708692682926824e+02
4.807973648341663520e-01 1.339445606542480789e+02
5.009150981177412643e-01 1.201277781337605290e+02
5.204555984555984116e-01 1.169224343629343537e+02
5.419053527118044000e-01 1.098225289613612148e+02
5.606541598694942952e-01 9.836904554649265719e+01
5.706576338400528581e-01 9.467666186384666105e+01
