2.166666666666666741e-02 4.845810633333333499e+03
4.454545454545454780e-02 4.956717727272727643e+03
6.211111111111110999e-02 4.153030444444444583e+03
8.302469135802469091e-02 2.783528518518518467e+03
1.001960784313725428e-01 2.231590980392156780e+03
1.238590604026845732e-01 1.686179261744966652e+03
1.404228855721393054e-01 1.308338497512437925e+03
1.630075187969924899e-01 1.129876601503759275e+03
1.808858858858858887e-01 9.540655915915914420e+02
2.036394557823129059e-01 7.304601337868480186e+02
2.190557939914163088e-01 6.276144098712446748e+02
2.426502732240437277e-01 4.896410200364299499e+02
2.596589259796807103e-01 4.590878461538461579e+02
2.811171662125340753e-01 4.439954373297002803e+02
3.008784530386739986e-01 4.019363723756906097e+02
3.206315289648623001e-01 3.632068167141499657e+02
3.399619047619047429e-01 3.171614904761904654e+02
3.619689737470166979e-01 2.711241264916467912e+02
3.799070887818307152e-01 2.598420715760495909e+02
4.013341804320203487e-01 2.364650038119440580e+02
4.195595854922279933e-01 2.047523672999424491e+02
4.407771883289124948e-01 1.926412413793103440e+02
4.600780487804878027e-01 1.853307765853658680e+02
4.807973648341663520e-01 1.664215047705588120e+02
5.009150981177412643e-01 1.524517913496195547e+02
5.204555984555984116e-01 1.498298513513513512e+02
5.419053527118044000e-01 1.383856589861751161e+02
5.606541598694942952e-01 1.253400789559543114e+02
5.706576338400528581e-01 1.230756259087904709e+02
