2.166666666666666741e-02 8.823345833333332848e+03
4.454545454545454780e-02 7.592417727272727461e+03
6.211111111111110999e-02 6.022217555555555009e+03
8.302469135802469091e-02 3.939440493827160481e+03
1.001960784313725428e-01 2.961028725490196393e+03
1.238590604026845732e-01 2.300574026845637945e+03
1.404228855721393054e-01 1.844672189054726232e+03
1.630075187969924899e-01 1.541259624060150372e+03
1.808858858858858887e-01 1.296091741741741771e+03
2.036394557823129059e-01 1.005043895691610032e+03
2.190557939914163088e-01 8.707456609442060653e+02
2.426502732240437277e-01 7.134880947176685595e+02
2.596589259796807103e-01 6.758863570391871463e+02
2.811171662125340753e-01 6.480849182561307771e+02
3.008784530386739986e-01 5.969100353591161365e+02
3.206315289648623001e-01 5.463787834757833934e+02
3.399619047619047429e-01 4.634279914285714312e+02
3.619689737470166979e-01 3.865357804295942969e+02
3.799070887818307152e-01 3.705848905712319379e+02
4.013341804320203487e-01 3.343594707750953035e+02
4.195595854922279933e-01 3.066767420840529894e+02
4.407771883289124948e-01 2.943981230769231274e+02
4.600780487804878027e-01 2.746564121951219590e+02
4.807973648341663520e-01 2.505052571558382510e+02
5.009150981177412643e-01 2.245680064076892393e+02
5.204555984555984116e-01 2.222523884169884241e+02
5.419053527118044000e-01 2.169244530308401124e+02
5.606541598694942952e-01 1.972293367047308266e+02
5.706576338400528581e-01 1.915781050892266819e+02
