3.910000000000000142e+01 1.047414442772909293e+00 3.504302642330770542e-03
3.929999999999999716e+01 1.102788706908866878e+00 3.877011711384107523e-03
3.950000000000000000e+01 1.136349982972887362e+00 4.286341160784226147e-03
3.970000000000000284e+01 1.165585762416985194e+00 4.658446685169749177e-03
3.989999999999999858e+01 1.203820821036993394e+00 5.138785989703891638e-03
4.010000000000000142e+01 1.298313308787782949e+00 4.798833886645028843e-03
4.029999999999999716e+01 1.220763807669509093e+00 6.595482279643244058e-03
4.050000000000000000e+01 1.246310522153247780e+00 8.092855713072610868e-03
4.070000000000000284e+01 1.257126049867224982e+00 1.005040371269042519e-02
4.089999999999999858e+01 1.260328602119636709e+00 1.260413910812887249e-02
4.110000000000000142e+01 1.277854408663059438e+00 1.724135483531799226e-02
4.129999999999999716e+01 1.244310677599258952e+00 2.874354325866967930e-02
4.150000000000000000e+01 1.552591534679249152e+00 5.655682741671248098e-02
4.170000000000000284e+01 1.513837071501650033e+00 1.929963811703537535e-01
4.189999999999999858e+01 2.217285115243612825e+00 3.636722285734772520e-01
4.210000000000000142e+01 2.622149559162834986e+00 8.792562560340811961e-01
4.229999999999999716e+01 5.234948499042332948e+00 1.578691816340390908e+00
4.250000000000000000e+01 9.630136445063254058e+00 4.443716380755935447e+00
