2.166666666666666741e-02 1.024484878333333290e+04
4.454545454545454780e-02 7.547554545454546314e+03
6.211111111111110999e-02 5.899061777777778843e+03
8.302469135802469091e-02 4.017539135802469445e+03
1.001960784313725428e-01 3.111644509803922119e+03
1.238590604026845732e-01 2.385529060402684536e+03
1.404228855721393054e-01 1.852652537313432731e+03
1.630075187969924899e-01 1.643500150375939938e+03
1.808858858858858887e-01 1.430348228228228436e+03
2.036394557823129059e-01 1.036091986394557580e+03
2.190557939914163088e-01 8.822331309012874954e+02
2.426502732240437277e-01 7.288082859744989719e+02
2.596589259796807103e-01 6.765541915820028862e+02
2.811171662125340753e-01 6.714270054495913200e+02
3.008784530386739986e-01 6.190189701657459409e+02
3.206315289648623001e-01 5.576066951566951957e+02
3.399619047619047429e-01 4.705488514285714245e+02
3.619689737470166979e-01 4.087136229116944719e+02
3.799070887818307152e-01 4.015579201651755170e+02
4.013341804320203487e-01 3.616927636594663227e+02
4.195595854922279933e-01 3.318406033390904213e+02
4.407771883289124948e-01 3.202537830238726997e+02
4.600780487804878027e-01 2.958728053658536510e+02
4.807973648341663520e-01 2.595948886869604735e+02
5.009150981177412643e-01 2.369258514217060565e+02
5.204555984555984116e-01 2.342894455598455465e+02
5.419053527118044000e-01 2.197798982630273201e+02
5.606541598694942952e-01 1.983480156606851779e+02
5.706576338400528581e-01 1.925200026437541112e+02
