2.166666666666666741e-02 1.013666666666666715e+05
4.454545454545454780e-02 -1.075631818181818235e+05
6.211111111111110999e-02 -2.841331111111111240e+05
8.302469135802469091e-02 -1.373291851851851970e+05
1.001960784313725428e-01 3.911389215686274838e+04
1.238590604026845732e-01 3.054319597315436476e+04
1.404228855721393054e-01 -1.500784278606966109e+04
1.630075187969924899e-01 3.521928909774435306e+04
1.808858858858858887e-01 1.396382132132132392e+04
2.036394557823129059e-01 -1.983244489795918344e+04
2.190557939914163088e-01 -2.763644463519313285e+04
2.426502732240437277e-01 -9.952918397085612014e+03
2.596589259796807103e-01 8.943229172714076412e+03
2.811171662125340753e-01 2.923280790190737662e+03
3.008784530386739986e-01 2.181708525966850721e+04
3.206315289648623001e-01 5.444536387464387371e+04
3.399619047619047429e-01 -3.234628971428571822e+04
3.619689737470166979e-01 -5.962527780429594713e+04
3.799070887818307152e-01 -3.582208279421886346e+03
4.013341804320203487e-01 1.473341097204574180e+04
4.195595854922279933e-01 3.949777375935520831e+04
4.407771883289124948e-01 8.631992148541131655e+02
4.600780487804878027e-01 -2.812579590243902203e+04
4.807973648341663520e-01 -2.409908577919127492e+04
5.009150981177412643e-01 -1.386653520224268686e+04
5.204555984555984116e-01 5.979302509652509616e+04
5.419053527118044000e-01 1.117854867068414205e+04
5.606541598694942952e-01 -3.411704371941272984e+04
5.706576338400528581e-01 1.064748803701255929e+04
