4.110000000000000142e+01 1.231884427680648431e+00 3.467051278534846182e-01 2.642749163157326331e-02 2.642749163157326331e-02
4.130000000000000426e+01 1.240208833540877853e+00 2.939147483135958194e-01 1.790033473706943018e-02 1.790033473706943018e-02
4.150000000000000000e+01 1.258078011124183604e+00 3.067138599337093097e-01 1.144206889104848295e-02 1.144206889104848295e-02
4.170000000000000284e+01 1.280197361952833512e+00 2.898617027789665013e-01 5.746679624230644802e-03 5.746679624230644802e-03
4.189999999999999858e+01 1.320473001174445438e+00 3.470053556776921400e-01 2.204945470251592696e-03 2.204945470251592696e-03
4.210000000000000142e+01 1.388629898092125226e+00 4.336063208923001122e-01 6.306014469279775389e-04 6.306014469279775389e-04
4.230000000000000426e+01 1.477486351735284531e+00 4.373376626402086242e-01 1.760069107007882546e-04 1.760069107007882546e-04
4.250000000000000000e+01 1.568541487039438964e+00 6.287065884738702870e-01 7.396609437425763858e-05 7.396609437425763858e-05
4.270000000000000284e+01 1.443112497172678088e+00 2.736009646141522311e-01 3.239390994493035182e-05 3.239390994493035182e-05
4.289999999999999858e+01 1.741236673668436374e+00 8.994187837919628281e-01 9.718172983479105885e-06 9.718172983479105885e-06
