2.166666666666666741e-02 6.453828483333333679e+03
4.454545454545454780e-02 5.604961363636363785e+03
6.211111111111110999e-02 4.572558444444444831e+03
8.302469135802469091e-02 3.143340246913580359e+03
1.001960784313725428e-01 2.523642941176470686e+03
1.238590604026845732e-01 1.913452751677852575e+03
1.404228855721393054e-01 1.491776417910448117e+03
1.630075187969924899e-01 1.280226503759398383e+03
1.808858858858858887e-01 1.060741723723723680e+03
2.036394557823129059e-01 8.064559863945577263e+02
2.190557939914163088e-01 6.948545171673820278e+02
2.426502732240437277e-01 5.529652440801456805e+02
2.596589259796807103e-01 5.213946748911465647e+02
2.811171662125340753e-01 4.994297247956404249e+02
3.008784530386739986e-01 4.598947657458563185e+02
3.206315289648623001e-01 4.136615650522317083e+02
3.399619047619047429e-01 3.536458580952381112e+02
3.619689737470166979e-01 3.099483842482100044e+02
3.799070887818307152e-01 3.020491720578114041e+02
4.013341804320203487e-01 2.704893665819568014e+02
4.195595854922279933e-01 2.314178791018998425e+02
4.407771883289124948e-01 2.227428726790450924e+02
4.600780487804878027e-01 2.151998302439024258e+02
4.807973648341663520e-01 1.924658396183553180e+02
5.009150981177412643e-01 1.742381629955947062e+02
5.204555984555984116e-01 1.682213370656370728e+02
5.419053527118044000e-01 1.592184509039347802e+02
5.606541598694942952e-01 1.480361683523653937e+02
5.706576338400528581e-01 1.463346939854593529e+02
