2.166666666666666741e-02 3.868432333333333645e+03
4.454545454545454780e-02 5.722767272727272939e+03
6.211111111111110999e-02 6.218832888888888192e+03
8.302469135802469091e-02 4.603891481481481605e+03
1.001960784313725428e-01 3.369306274509803643e+03
1.238590604026845732e-01 2.555482617449664303e+03
1.404228855721393054e-01 2.013639004975124408e+03
1.630075187969924899e-01 1.770382819548872021e+03
1.808858858858858887e-01 1.551803333333333285e+03
2.036394557823129059e-01 1.154483723356009023e+03
2.190557939914163088e-01 9.653897682403433009e+02
2.426502732240437277e-01 7.314189326047359145e+02
2.596589259796807103e-01 6.826750638606675921e+02
2.811171662125340753e-01 6.404341989100817045e+02
3.008784530386739986e-01 5.798538552486187427e+02
3.206315289648623001e-01 5.635066837606836998e+02
3.399619047619047429e-01 5.237799742857142746e+02
3.619689737470166979e-01 4.512836682577565739e+02
3.799070887818307152e-01 3.981879538885065131e+02
4.013341804320203487e-01 3.343289783989835087e+02
4.195595854922279933e-01 3.072131508347725912e+02
4.407771883289124948e-01 2.949310063660477681e+02
4.600780487804878027e-01 2.950187643902438595e+02
4.807973648341663520e-01 2.903985024988641044e+02
5.009150981177412643e-01 2.623072895474568895e+02
5.204555984555984116e-01 2.253583876447876264e+02
5.419053527118044000e-01 1.876638603332151831e+02
5.606541598694942952e-01 1.845036117455138935e+02
5.706576338400528581e-01 1.965735769993390534e+02
