2.166666666666666741e-02 4.319223666666666759e+03
4.454545454545454780e-02 4.309281818181818380e+03
6.211111111111110999e-02 3.732235555555555493e+03
8.302469135802469091e-02 2.588989259259259143e+03
1.001960784313725428e-01 2.079912843137254640e+03
1.238590604026845732e-01 1.563158791946308838e+03
1.404228855721393054e-01 1.233354776119402914e+03
1.630075187969924899e-01 1.084926135338345830e+03
1.808858858858858887e-01 9.070463963963964034e+02
2.036394557823129059e-01 6.778359455782313034e+02
2.190557939914163088e-01 5.728366351931330200e+02
2.426502732240437277e-01 4.400938724954463055e+02
2.596589259796807103e-01 4.176037343976777834e+02
2.811171662125340753e-01 4.198320122615804166e+02
3.008784530386739986e-01 3.787551248618784712e+02
3.206315289648623001e-01 3.401989829059828594e+02
3.399619047619047429e-01 2.958445828571428251e+02
3.619689737470166979e-01 2.528809474940333928e+02
3.799070887818307152e-01 2.427148891947693983e+02
4.013341804320203487e-01 2.143846785260482761e+02
4.195595854922279933e-01 1.865672389176741603e+02
4.407771883289124948e-01 1.778357236074270702e+02
4.600780487804878027e-01 1.692906536585365700e+02
4.807973648341663520e-01 1.528050000000000068e+02
5.009150981177412643e-01 1.419058438125750854e+02
5.204555984555984116e-01 1.381871200772200723e+02
5.419053527118044000e-01 1.274853757532789729e+02
5.606541598694942952e-01 1.167041915171288764e+02
5.706576338400528581e-01 1.147208215465961700e+02
