3.910000000000000142e+01 7.559619492699809484e-01 2.768505615963966562e-03
3.929999999999999716e+01 7.264948511065838499e-01 2.348356603751518192e-03
3.950000000000000000e+01 7.965519008240157239e-01 2.550237845142867919e-03
3.970000000000000284e+01 8.579877353616394142e-01 2.660444668134177848e-03
3.989999999999999858e+01 9.104145605408062725e-01 2.751267458511146968e-03
4.010000000000000142e+01 1.010029074318433473e+00 2.835051399175417004e-03
4.029999999999999716e+01 1.018284311632649652e+00 3.285867146598635182e-03
4.050000000000000000e+01 1.063830253614656218e+00 3.560900561275694848e-03
4.070000000000000284e+01 1.115700347214879873e+00 3.961283843841842227e-03
4.089999999999999858e+01 1.139034943801131572e+00 4.344144525483806078e-03
4.110000000000000142e+01 1.173012533666119683e+00 4.730182748973569239e-03
4.129999999999999716e+01 1.200275301950432416e+00 5.212635572976885741e-03
4.150000000000000000e+01 1.202461716968372674e+00 5.814517312152986568e-03
4.170000000000000284e+01 1.229976126654492186e+00 6.830759651285816560e-03
4.189999999999999858e+01 1.236078844952646527e+00 8.528558009393524472e-03
4.210000000000000142e+01 1.246853778473808960e+00 1.099004032349967276e-02
4.229999999999999716e+01 1.277244487727271061e+00 1.491662845496538777e-02
4.250000000000000000e+01 1.279796355367777139e+00 2.346718638169985674e-02
4.270000000000000284e+01 1.448601033105916702e+00 4.608377708625333719e-02
4.289999999999999858e+01 1.430364059050551750e+00 1.481151235652192755e-01
4.310000000000000142e+01 1.729277659872742401e+00 5.017764190352176357e-01
4.329999999999999716e+01 3.819187352572988470e+00 5.413364080912349552e-01
4.350000000000000000e+01 4.275731423824471911e+00 1.724852491400604704e+00
4.369999999999999574e+01 4.798762664489404806e+00 6.837282469723262146e+00
