2.166666666666666741e-02 1.115781666666666570e+04
4.454545454545454780e-02 2.731450909090909045e+04
6.211111111111110999e-02 1.656474266666666881e+04
8.302469135802469091e-02 1.470936370370370241e+04
1.001960784313725428e-01 7.904021666666666533e+03
1.238590604026845732e-01 7.115494630872475454e+02
1.404228855721393054e-01 -2.684428358208955615e+03
1.630075187969924899e-01 -5.664097744360902453e+01
1.808858858858858887e-01 3.146500660660660742e+03
2.036394557823129059e-01 6.572997210884353990e+03
2.190557939914163088e-01 1.246374045064377788e+04
2.426502732240437277e-01 6.162867905282331776e+03
2.596589259796807103e-01 -7.271032365747458925e+02
2.811171662125340753e-01 -8.028958991825611520e+02
3.008784530386739986e-01 1.497710700552486060e+03
3.206315289648623001e-01 6.618842108262106194e+02
3.399619047619047429e-01 -6.313641714285715807e+02
3.619689737470166979e-01 -6.116673365155130568e+02
3.799070887818307152e-01 2.489371271851342044e+03
4.013341804320203487e-01 3.176068748411689739e+03
4.195595854922279933e-01 2.457200442141623171e+03
4.407771883289124948e-01 1.881377423872679174e+03
4.600780487804878027e-01 -1.498208078048780862e+02
4.807973648341663520e-01 7.639374284416180672e+01
5.009150981177412643e-01 1.075257258710452788e+03
5.204555984555984116e-01 1.291423835907336070e+03
5.419053527118044000e-01 -1.637249549521445942e+03
5.606541598694942952e-01 -1.777985505774877311e+03
5.706576338400528581e-01 1.813096655651024207e+02
