2.166666666666666741e-02 3.287319366666666610e+03
4.454545454545454780e-02 3.005448636363636069e+03
6.211111111111110999e-02 2.229326222222221986e+03
8.302469135802469091e-02 1.491440000000000282e+03
1.001960784313725428e-01 1.254695784313725653e+03
1.238590604026845732e-01 9.256425637583892012e+02
1.404228855721393054e-01 7.217489402985074776e+02
1.630075187969924899e-01 6.584335338345864557e+02
1.808858858858858887e-01 5.413136546546546697e+02
2.036394557823129059e-01 3.875604625850339744e+02
2.190557939914163088e-01 3.374601266094421135e+02
2.426502732240437277e-01 2.670016083788706851e+02
2.596589259796807103e-01 2.562119274310595074e+02
2.811171662125340753e-01 2.535531839237057454e+02
3.008784530386739986e-01 2.180169359116021894e+02
3.206315289648623001e-01 1.986510379867046652e+02
3.399619047619047429e-01 1.799075780952380796e+02
3.619689737470166979e-01 1.459464105011933270e+02
3.799070887818307152e-01 1.377831121816930704e+02
4.013341804320203487e-01 1.298127490470139946e+02
4.195595854922279933e-01 1.102621111111111105e+02
4.407771883289124948e-01 1.036578127320954934e+02
4.600780487804878027e-01 1.032157987317073236e+02
4.807973648341663520e-01 9.149107260336211311e+01
5.009150981177412643e-01 8.356136543852623788e+01
5.204555984555984116e-01 8.316497980694980185e+01
5.419053527118044000e-01 7.710171152073732515e+01
5.606541598694942952e-01 7.005264518760196779e+01
5.706576338400528581e-01 6.913065955056180201e+01
