2.166666666666666741e-02 3.098953300000000581e+03
4.454545454545454780e-02 2.770560000000000400e+03
6.211111111111110999e-02 1.971784444444444489e+03
8.302469135802469091e-02 1.343803086419752844e+03
1.001960784313725428e-01 1.172329607843137182e+03
1.238590604026845732e-01 8.489209798657718693e+02
1.404228855721393054e-01 6.489498159203980094e+02
1.630075187969924899e-01 5.973753082706766691e+02
1.808858858858858887e-01 4.986067477477477041e+02
2.036394557823129059e-01 3.657970544217686779e+02
2.190557939914163088e-01 3.244418261802575216e+02
2.426502732240437277e-01 2.504859271402550291e+02
2.596589259796807103e-01 2.358585253991291495e+02
2.811171662125340753e-01 2.338250122615803832e+02
3.008784530386739986e-01 1.976827966850828489e+02
3.206315289648623001e-01 1.781490237416904279e+02
3.399619047619047429e-01 1.641068066666666709e+02
3.619689737470166979e-01 1.305973723150357841e+02
3.799070887818307152e-01 1.262939339298004171e+02
4.013341804320203487e-01 1.208780787801779013e+02
4.195595854922279933e-01 9.828902659758203697e+01
4.407771883289124948e-01 9.523529973474801125e+01
4.600780487804878027e-01 9.604801092682929209e+01
4.807973648341663520e-01 8.200855883689231973e+01
5.009150981177412643e-01 7.460807264717659848e+01
5.204555984555984116e-01 7.477595733590733573e+01
5.419053527118044000e-01 6.712872842963489006e+01
5.606541598694942952e-01 6.052820277324633480e+01
5.706576338400528581e-01 6.065796768010574880e+01
