2.166666666666666741e-02 -1.399899166666666861e+04
4.454545454545454780e-02 -6.967840909090908781e+02
6.211111111111110999e-02 4.203484888888889145e+03
8.302469135802469091e-02 3.257358086419753363e+03
1.001960784313725428e-01 3.544727303921569273e+03
1.238590604026845732e-01 2.064634496644295723e+03
1.404228855721393054e-01 -3.276928208955224363e+03
1.630075187969924899e-01 -1.047927030075188213e+03
1.808858858858858887e-01 2.530220420420419316e+02
2.036394557823129059e-01 7.496747392290249081e+02
2.190557939914163088e-01 5.553097274678111717e+03
2.426502732240437277e-01 4.931512222222222590e+03
2.596589259796807103e-01 4.187334978229317244e+02
2.811171662125340753e-01 -1.445649128065394962e+03
3.008784530386739986e-01 6.893082651933701754e+02
3.206315289648623001e-01 2.960474843304843034e+03
3.399619047619047429e-01 1.734066171428571806e+03
3.619689737470166979e-01 1.272029159904534936e+03
3.799070887818307152e-01 9.614247515485205895e+02
4.013341804320203487e-01 -6.858179987293519844e+02
4.195595854922279933e-01 1.600132037996545478e+03
4.407771883289124948e-01 2.668632733156498489e+03
4.600780487804878027e-01 9.812409131707316874e+02
4.807973648341663520e-01 9.243600045433893229e+02
5.009150981177412643e-01 1.445863301962354853e+03
5.204555984555984116e-01 6.442663339768340620e+02
5.419053527118044000e-01 4.518502800425372357e+01
5.606541598694942952e-01 7.285411595432300373e+02
5.706576338400528581e-01 1.112194758757435466e+03
