2.166666666666666741e-02 7.195399500000000444e+03
4.454545454545454780e-02 6.382118636363637052e+03
6.211111111111110999e-02 6.147463999999999942e+03
8.302469135802469091e-02 4.152309999999999491e+03
1.001960784313725428e-01 3.161050882352940789e+03
1.238590604026845732e-01 2.588146308724832579e+03
1.404228855721393054e-01 2.042231144278606962e+03
1.630075187969924899e-01 1.800443345864661751e+03
1.808858858858858887e-01 1.466358648648648568e+03
2.036394557823129059e-01 1.151162312925169999e+03
2.190557939914163088e-01 1.011542317596566591e+03
2.426502732240437277e-01 7.777237158469945371e+02
2.596589259796807103e-01 7.187570812772133877e+02
2.811171662125340753e-01 6.743464482288828776e+02
3.008784530386739986e-01 6.081961679558011156e+02
3.206315289648623001e-01 5.650337226970560778e+02
3.399619047619047429e-01 5.262018847619048074e+02
3.619689737470166979e-01 4.454230238663485011e+02
3.799070887818307152e-01 4.075807549896765067e+02
4.013341804320203487e-01 3.762983824650571592e+02
4.195595854922279933e-01 3.303213707541738700e+02
4.407771883289124948e-01 3.067911671087533705e+02
4.600780487804878027e-01 2.969699385365854027e+02
4.807973648341663520e-01 2.724104661517491763e+02
5.009150981177412643e-01 2.585193139767720822e+02
5.204555984555984116e-01 2.418606374517374320e+02
5.419053527118044000e-01 2.230982431761786415e+02
5.606541598694942952e-01 2.061575367047308305e+02
5.706576338400528581e-01 1.941513959021811218e+02
