2.166666666666666741e-02 1.285887166666666599e+04
4.454545454545454780e-02 8.343566136363635451e+03
6.211111111111110999e-02 7.357646555555555096e+03
8.302469135802469091e-02 6.216217530864197215e+03
1.001960784313725428e-01 4.644529411764706310e+03
1.238590604026845732e-01 4.038968456375839196e+03
1.404228855721393054e-01 3.461810547263681201e+03
1.630075187969924899e-01 2.619402556390977679e+03
1.808858858858858887e-01 2.261107387387387462e+03
2.036394557823129059e-01 1.603771972789115580e+03
2.190557939914163088e-01 1.257567381974248974e+03
2.426502732240437277e-01 1.600877012750455378e+03
2.596589259796807103e-01 1.465898882438316150e+03
2.811171662125340753e-01 8.813719577656676165e+02
3.008784530386739986e-01 8.922005999999998949e+02
3.206315289648623001e-01 9.341423893637227138e+02
3.399619047619047429e-01 5.905152247619048467e+02
3.619689737470166979e-01 3.670424582338902155e+02
3.799070887818307152e-01 6.145513585684790314e+02
4.013341804320203487e-01 7.219924606099111770e+02
4.195595854922279933e-01 6.506083529073113141e+02
4.407771883289124948e-01 6.049908419098143213e+02
4.600780487804878027e-01 5.445111575609755619e+02
4.807973648341663520e-01 3.080780132666969848e+02
5.009150981177412643e-01 2.072694854625550533e+02
5.204555984555984116e-01 3.410045247104247323e+02
5.419053527118044000e-01 3.310047490251683939e+02
5.606541598694942952e-01 3.645974528548123885e+02
5.706576338400528581e-01 4.430278552544613717e+02
