2.166666666666666741e-02 -1.207333333333333394e+04
4.454545454545454780e-02 3.133614090909090464e+03
6.211111111111110999e-02 6.516068666666667013e+03
8.302469135802469091e-02 8.334477777777778101e+03
1.001960784313725428e-01 6.953839117647058629e+03
1.238590604026845732e-01 3.215427986577181400e+03
1.404228855721393054e-01 4.583631343283581714e+02
1.630075187969924899e-01 3.174555676691728081e+02
1.808858858858858887e-01 1.247556909909910019e+03
2.036394557823129059e-01 7.974763492063492549e+02
2.190557939914163088e-01 1.172161263948497890e+03
2.426502732240437277e-01 1.778829098360655507e+03
2.596589259796807103e-01 1.221973941944847411e+03
2.811171662125340753e-01 4.092188514986376049e+02
3.008784530386739986e-01 3.937604629834253274e+02
3.206315289648623001e-01 4.812877321937322108e+02
3.399619047619047429e-01 1.065687714285714264e+03
3.619689737470166979e-01 1.380964988066825754e+03
3.799070887818307152e-01 1.453168809359944817e+03
4.013341804320203487e-01 1.042620660101651765e+03
4.195595854922279933e-01 5.232365949337939810e+02
4.407771883289124948e-01 5.113685609549071387e+02
4.600780487804878027e-01 3.629269146341463852e+02
4.807973648341663520e-01 9.259859173103134253e+02
5.009150981177412643e-01 9.279692362835403401e+02
5.204555984555984116e-01 6.311245262548262644e+02
5.419053527118044000e-01 9.353158213399503893e+02
5.606541598694942952e-01 6.596493319412724077e+02
5.706576338400528581e-01 2.910401390614673005e+02
