3.910000000000000142e+01 1.095903406256455215e+00 3.157329833751096326e-01 2.868923442392830037e-01 2.868923442392830037e-01
3.930000000000000426e+01 1.089216088782300584e+00 2.699052874279725955e-01 3.975569592916531891e-01 3.975569592916531891e-01
3.950000000000000000e+01 1.101970470669718649e+00 2.971957511399160867e-01 3.370786092214663743e-01 3.370786092214663743e-01
3.970000000000000284e+01 1.112248343254873317e+00 3.113740921446171983e-01 3.095529640427599483e-01 3.095529640427599483e-01
3.989999999999999858e+01 1.121546089337121410e+00 3.213697435041524275e-01 2.893310657596371849e-01 2.893310657596371849e-01
4.010000000000000142e+01 1.139850625012000185e+00 3.485309254418129110e-01 2.722260015117157761e-01 2.722260015117157761e-01
4.030000000000000426e+01 1.146706618758479124e+00 3.625177049296235410e-01 2.030671633732858139e-01 2.030671633732858139e-01
4.050000000000000000e+01 1.156625946946812977e+00 3.711311987141517332e-01 1.730439477378252766e-01 1.730439477378252766e-01
4.070000000000000284e+01 1.168398022627437971e+00 3.856762679639328395e-01 1.400064787819889911e-01 1.400064787819889911e-01
4.089999999999999858e+01 1.175575679780448413e+00 3.742828487649321190e-01 1.166510096101932847e-01 1.166510096101932847e-01
4.110000000000000142e+01 1.183282525127579143e+00 3.752439557845990703e-01 9.854875283446712375e-02 9.854875283446712375e-02
4.130000000000000426e+01 1.189914405983111712e+00 3.646563251497021985e-01 8.136108411618615810e-02 8.136108411618615810e-02
4.150000000000000000e+01 1.193583853970219710e+00 3.423957246887473493e-01 6.570672713529857045e-02 6.570672713529857045e-02
4.170000000000000284e+01 1.200354806568582067e+00 3.127294377941379766e-01 4.799373717741065026e-02 4.799373717741065026e-02
4.189999999999999858e+01 1.208870108386036479e+00 2.804675985879440669e-01 3.131573264226325537e-02 3.131573264226325537e-02
4.210000000000000142e+01 1.227459211788518578e+00 2.862901055547546481e-01 1.941636972249217302e-02 1.941636972249217302e-02
4.230000000000000426e+01 1.243777320878631132e+00 2.617339043804881027e-01 1.108141669366159189e-02 1.108141669366159189e-02
4.250000000000000000e+01 1.271288293393684876e+00 3.196994583990862004e-01 5.079365079365079361e-03 5.079365079365079361e-03
4.270000000000000284e+01 1.313619722375680920e+00 3.489158136127933352e-01 1.681243926141885421e-03 1.681243926141885421e-03
4.289999999999999858e+01 1.387928446616431888e+00 3.801676513651046641e-01 3.741496598639456011e-04 3.741496598639456011e-04
4.310000000000000142e+01 1.532130611228410100e+00 5.455837214430424575e-01 1.128387863081740689e-04 1.128387863081740689e-04
4.330000000000000426e+01 1.502112809445938835e+00 3.924127909111995716e-01 3.779289493575207825e-05 3.779289493575207825e-05
4.350000000000000000e+01 1.646708729437828422e+00 7.805604613980517970e-01 1.403736097613648703e-05 1.403736097613648703e-05
4.370000000000000284e+01 1.509102551754671451e+00 2.043120485961342214e-01 3.239390994493035436e-06 3.239390994493035436e-06
