2.166666666666666741e-02 -3.166966666666666788e+04
4.454545454545454780e-02 1.389720000000000073e+04
6.211111111111110999e-02 2.184698888888888905e+04
8.302469135802469091e-02 1.315497432098765603e+04
1.001960784313725428e-01 4.919241500000000087e+03
1.238590604026845732e-01 6.581971228187919223e+03
1.404228855721393054e-01 1.735216169154228965e+03
1.630075187969924899e-01 4.174021090225563967e+03
1.808858858858858887e-01 4.399879759759759509e+03
2.036394557823129059e-01 -1.133582766439910650e+01
2.190557939914163088e-01 5.099284656652360354e+03
2.426502732240437277e-01 3.392947464480874260e+03
2.596589259796807103e-01 1.341146310595065415e+03
2.811171662125340753e-01 1.425349795640326874e+03
3.008784530386739986e-01 3.878119535911602043e+02
3.206315289648623001e-01 2.896130330484330443e+03
3.399619047619047429e-01 3.421498897142857459e+03
3.619689737470166979e-01 4.217666844868735097e+03
3.799070887818307152e-01 3.704222368891948463e+03
4.013341804320203487e-01 6.992208461245234048e+02
4.195595854922279933e-01 5.800910614853194147e+02
4.407771883289124948e-01 -8.644680742705571674e+02
4.600780487804878027e-01 -5.304894956097563181e+02
4.807973648341663520e-01 1.681558875965470179e+03
5.009150981177412643e-01 9.615620784941929742e+02
5.204555984555984116e-01 8.714030972972972222e+02
5.419053527118044000e-01 8.828724565756884246e+00
5.606541598694942952e-01 -1.910090110929852926e+03
5.706576338400528581e-01 -2.537250621282220891e+03
