2.166666666666666741e-02 5.747991533333332882e+03
4.454545454545454780e-02 5.304602727272726952e+03
6.211111111111110999e-02 4.458278000000000247e+03
8.302469135802469091e-02 2.985127530864197524e+03
1.001960784313725428e-01 2.337920980392156707e+03
1.238590604026845732e-01 1.795171342281879333e+03
1.404228855721393054e-01 1.406270597014925443e+03
1.630075187969924899e-01 1.215464593984962448e+03
1.808858858858858887e-01 1.010471087087086971e+03
2.036394557823129059e-01 7.642807369614513391e+02
2.190557939914163088e-01 6.527754141630900904e+02
2.426502732240437277e-01 5.093897449908924955e+02
2.596589259796807103e-01 4.736273294629897919e+02
2.811171662125340753e-01 4.590266648501362283e+02
3.008784530386739986e-01 4.234828574585635010e+02
3.206315289648623001e-01 3.842710208926875453e+02
3.399619047619047429e-01 3.361151752380952189e+02
3.619689737470166979e-01 2.884675489260143308e+02
3.799070887818307152e-01 2.806265209910529848e+02
4.013341804320203487e-01 2.527391556543837225e+02
4.195595854922279933e-01 2.162689073114565304e+02
4.407771883289124948e-01 2.031766148541113921e+02
4.600780487804878027e-01 1.936638053658536478e+02
4.807973648341663520e-01 1.788748359836438055e+02
5.009150981177412643e-01 1.648620032038446084e+02
5.204555984555984116e-01 1.564550602316602408e+02
5.419053527118044000e-01 1.454516171570365088e+02
5.606541598694942952e-01 1.354993334420881013e+02
5.706576338400528581e-01 1.343940865829477787e+02
