2.166666666666666741e-02 5.430533883333333506e+03
4.454545454545454780e-02 6.098490454545453758e+03
6.211111111111110999e-02 5.946986444444444714e+03
8.302469135802469091e-02 4.249819012345678857e+03
1.001960784313725428e-01 3.189077843137255059e+03
1.238590604026845732e-01 2.434271409395973023e+03
1.404228855721393054e-01 1.931224477611940301e+03
1.630075187969924899e-01 1.557986428571428632e+03
1.808858858858858887e-01 1.316790600600600555e+03
2.036394557823129059e-01 1.066489061224489660e+03
2.190557939914163088e-01 9.075140472103004186e+02
2.426502732240437277e-01 7.167918797814206755e+02
2.596589259796807103e-01 6.885662409288825074e+02
2.811171662125340753e-01 6.595535926430517293e+02
3.008784530386739986e-01 6.138918596685083457e+02
3.206315289648623001e-01 5.607128907882241720e+02
3.399619047619047429e-01 4.762166361904762084e+02
3.619689737470166979e-01 4.111583818615752079e+02
3.799070887818307152e-01 3.913167095664143176e+02
4.013341804320203487e-01 3.565579218551461054e+02
4.195595854922279933e-01 3.218813367875647486e+02
4.407771883289124948e-01 3.091782180371352524e+02
4.600780487804878027e-01 2.964854243902438498e+02
4.807973648341663520e-01 2.685321812812358075e+02
5.009150981177412643e-01 2.487836111333600400e+02
5.204555984555984116e-01 2.395850150579150579e+02
5.419053527118044000e-01 2.270766536689117174e+02
5.606541598694942952e-01 2.116973197389885399e+02
5.706576338400528581e-01 2.067344910773298352e+02
