2.166666666666666741e-02 4.242796849999999722e+03
4.454545454545454780e-02 6.149984545454545696e+03
6.211111111111110999e-02 6.457298888888889451e+03
8.302469135802469091e-02 4.608933209876542605e+03
1.001960784313725428e-01 3.485436960784313669e+03
1.238590604026845732e-01 2.672699463087248205e+03
1.404228855721393054e-01 2.131045074626865699e+03
1.630075187969924899e-01 1.720433609022556311e+03
1.808858858858858887e-01 1.466775375375375461e+03
2.036394557823129059e-01 1.235010657596371857e+03
2.190557939914163088e-01 1.066546510729613829e+03
2.426502732240437277e-01 8.223762877959927664e+02
2.596589259796807103e-01 7.801997111756169261e+02
2.811171662125340753e-01 7.578307670299726624e+02
3.008784530386739986e-01 7.094437944751381337e+02
3.206315289648623001e-01 6.419553950617283817e+02
3.399619047619047429e-01 5.476584076190475798e+02
3.619689737470166979e-01 4.789326563245823536e+02
3.799070887818307152e-01 4.521535203028217893e+02
4.013341804320203487e-01 4.124323754764930072e+02
4.195595854922279933e-01 3.723219585492228703e+02
4.407771883289124948e-01 3.602183395225464437e+02
4.600780487804878027e-01 3.443729707317073121e+02
4.807973648341663520e-01 3.080837800999545948e+02
5.009150981177412643e-01 2.841207833400080744e+02
5.204555984555984116e-01 2.783793776061776271e+02
5.419053527118044000e-01 2.695005444877702985e+02
5.606541598694942952e-01 2.467277703099510404e+02
5.706576338400528581e-01 2.372356192994051298e+02
