2.166666666666666741e-02 8.181455699999998615e+03
4.454545454545454780e-02 7.142489999999999782e+03
6.211111111111110999e-02 5.802198222222222284e+03
8.302469135802469091e-02 3.948768765432098462e+03
1.001960784313725428e-01 3.018170490196077935e+03
1.238590604026845732e-01 2.321362416107382614e+03
1.404228855721393054e-01 1.829451194029850740e+03
1.630075187969924899e-01 1.539903496240601498e+03
1.808858858858858887e-01 1.347722162162162022e+03
2.036394557823129059e-01 1.037263011337868420e+03
2.190557939914163088e-01 8.619437660944205390e+02
2.426502732240437277e-01 7.054788542805100633e+02
2.596589259796807103e-01 6.728601582002903569e+02
2.811171662125340753e-01 6.335011852861035777e+02
3.008784530386739986e-01 5.901153955801104303e+02
3.206315289648623001e-01 5.396730313390313540e+02
3.399619047619047429e-01 4.582447771428571741e+02
3.619689737470166979e-01 3.997930262529833385e+02
3.799070887818307152e-01 3.821228162422573291e+02
4.013341804320203487e-01 3.405028926302413765e+02
4.195595854922279933e-01 3.110221813471502514e+02
4.407771883289124948e-01 2.934432153846153142e+02
4.600780487804878027e-01 2.739499248780487619e+02
4.807973648341663520e-01 2.589210908677873704e+02
5.009150981177412643e-01 2.340463456147377315e+02
5.204555984555984116e-01 2.245470969111969168e+02
5.419053527118044000e-01 2.130331201701524435e+02
5.606541598694942952e-01 1.932114877650897142e+02
5.706576338400528581e-01 1.904973126239259784e+02
