2.166666666666666741e-02 3.914578849999999875e+03
4.454545454545454780e-02 4.290604090909090701e+03
6.211111111111110999e-02 3.931624000000000251e+03
8.302469135802469091e-02 2.780702098765431856e+03
1.001960784313725428e-01 2.208998137254901849e+03
1.238590604026845732e-01 1.659266442953020260e+03
1.404228855721393054e-01 1.294512218905472764e+03
1.630075187969924899e-01 1.118537127819548914e+03
1.808858858858858887e-01 9.504682882882882495e+02
2.036394557823129059e-01 7.259680022675736382e+02
2.190557939914163088e-01 6.124732038626609665e+02
2.426502732240437277e-01 4.725405100182150022e+02
2.596589259796807103e-01 4.497974165457184199e+02
2.811171662125340753e-01 4.466347397820163110e+02
3.008784530386739986e-01 4.039229602209944687e+02
3.206315289648623001e-01 3.682668195631528647e+02
3.399619047619047429e-01 3.178874876190475902e+02
3.619689737470166979e-01 2.695258400954654121e+02
3.799070887818307152e-01 2.601082071576049657e+02
4.013341804320203487e-01 2.302400400254129522e+02
4.195595854922279933e-01 2.019625757052389190e+02
4.407771883289124948e-01 1.958644047745358421e+02
4.600780487804878027e-01 1.876752809756097520e+02
4.807973648341663520e-01 1.696514016356201751e+02
5.009150981177412643e-01 1.538565430516620154e+02
5.204555984555984116e-01 1.467033868725868615e+02
5.419053527118044000e-01 1.396663821339950289e+02
5.606541598694942952e-01 1.284337742251223347e+02
5.706576338400528581e-01 1.244081625908790443e+02
