2.166666666666666741e-02 9.020037333333333663e+03
4.454545454545454780e-02 7.366825454545454704e+03
6.211111111111110999e-02 5.869531111111111386e+03
8.302469135802469091e-02 4.063687283950617257e+03
1.001960784313725428e-01 3.313982549019607632e+03
1.238590604026845732e-01 2.491236711409395866e+03
1.404228855721393054e-01 1.869120248756218871e+03
1.630075187969924899e-01 1.633740639097744406e+03
1.808858858858858887e-01 1.423460900900900924e+03
2.036394557823129059e-01 1.080657632653061000e+03
2.190557939914163088e-01 9.127211008583692546e+02
2.426502732240437277e-01 7.012974808743169888e+02
2.596589259796807103e-01 6.773611132075471915e+02
2.811171662125340753e-01 6.872917057220709012e+02
3.008784530386739986e-01 6.148595856353591671e+02
3.206315289648623001e-01 5.474935716999049191e+02
3.399619047619047429e-01 4.631488047619047279e+02
3.619689737470166979e-01 4.012173603818615675e+02
3.799070887818307152e-01 3.909153344803853543e+02
4.013341804320203487e-01 3.548862331639135732e+02
4.195595854922279933e-01 3.179957063903281664e+02
4.407771883289124948e-01 3.074177994694959466e+02
4.600780487804878027e-01 2.901112712195121617e+02
4.807973648341663520e-01 2.480261181281235849e+02
5.009150981177412643e-01 2.293301317581097010e+02
5.204555984555984116e-01 2.302183305019305237e+02
5.419053527118044000e-01 2.126893899326480266e+02
5.606541598694942952e-01 1.908581595432300446e+02
5.706576338400528581e-01 1.854118935888962483e+02
