2.166666666666666741e-02 3.728056833333333543e+03
4.454545454545454780e-02 3.617695454545454595e+03
6.211111111111110999e-02 2.888798222222222648e+03
8.302469135802469091e-02 1.929077037037036916e+03
1.001960784313725428e-01 1.606980294117646963e+03
1.238590604026845732e-01 1.195631315436241493e+03
1.404228855721393054e-01 9.063242786069650947e+02
1.630075187969924899e-01 8.286677744360902125e+02
1.808858858858858887e-01 6.970459459459459595e+02
2.036394557823129059e-01 5.136377165532881008e+02
2.190557939914163088e-01 4.458191781115880303e+02
2.426502732240437277e-01 3.406000947176684690e+02
2.596589259796807103e-01 3.097905312046444237e+02
2.811171662125340753e-01 3.038458160762942839e+02
3.008784530386739986e-01 2.760030066298342604e+02
3.206315289648623001e-01 2.516904539411206088e+02
3.399619047619047429e-01 2.264034323809523812e+02
3.619689737470166979e-01 1.854160668257756299e+02
3.799070887818307152e-01 1.759333654507914559e+02
4.013341804320203487e-01 1.613467287166454867e+02
4.195595854922279933e-01 1.390513891767415089e+02
4.407771883289124948e-01 1.341207522546419284e+02
4.600780487804878027e-01 1.291854053658536543e+02
4.807973648341663520e-01 1.121579386642435310e+02
5.009150981177412643e-01 1.008402688826592026e+02
5.204555984555984116e-01 9.977126270270269970e+01
5.419053527118044000e-01 9.248119567529244023e+01
5.606541598694942952e-01 8.463502831973899276e+01
5.706576338400528581e-01 8.362852597488434014e+01
