2.166666666666666741e-02 3.462235249999999724e+03
4.454545454545454780e-02 3.011247727272726934e+03
6.211111111111110999e-02 2.350586666666666588e+03
8.302469135802469091e-02 1.627791481481481242e+03
1.001960784313725428e-01 1.405813431372549076e+03
1.238590604026845732e-01 1.065046174496644426e+03
1.404228855721393054e-01 8.023684079601990788e+02
1.630075187969924899e-01 7.165367932330827898e+02
1.808858858858858887e-01 6.009104534534534423e+02
2.036394557823129059e-01 4.401936122448980200e+02
2.190557939914163088e-01 3.824380772532188644e+02
2.426502732240437277e-01 2.891779690346083385e+02
2.596589259796807103e-01 2.735749143686502407e+02
2.811171662125340753e-01 2.738184318801089603e+02
3.008784530386739986e-01 2.355948563535911262e+02
3.206315289648623001e-01 2.186066011396011390e+02
3.399619047619047429e-01 1.978474599999999839e+02
3.619689737470166979e-01 1.548766157517899558e+02
3.799070887818307152e-01 1.464730502408809230e+02
4.013341804320203487e-01 1.387583290978398907e+02
4.195595854922279933e-01 1.175766378814047215e+02
4.407771883289124948e-01 1.126404923076923126e+02
4.600780487804878027e-01 1.100605060487804820e+02
4.807973648341663520e-01 9.536283353021353548e+01
5.009150981177412643e-01 8.641054008810571929e+01
5.204555984555984116e-01 8.635372548262547809e+01
5.419053527118044000e-01 7.915328550159517818e+01
5.606541598694942952e-01 7.083692535073409147e+01
5.706576338400528581e-01 7.058079008592201831e+01
