2.166666666666666741e-02 7.138368666666666286e+03
4.454545454545454780e-02 6.774270454545455323e+03
6.211111111111110999e-02 5.513346888888888316e+03
8.302469135802469091e-02 3.688033950617284063e+03
1.001960784313725428e-01 2.838951470588235679e+03
1.238590604026845732e-01 2.238832080536912599e+03
1.404228855721393054e-01 1.804611442786069574e+03
1.630075187969924899e-01 1.526725676691729404e+03
1.808858858858858887e-01 1.288114984984985085e+03
2.036394557823129059e-01 1.035779106575963851e+03
2.190557939914163088e-01 8.918803154506438204e+02
2.426502732240437277e-01 6.645004025500910529e+02
2.596589259796807103e-01 6.351990072568941059e+02
2.811171662125340753e-01 6.510159877384196534e+02
3.008784530386739986e-01 5.989934839779006097e+02
3.206315289648623001e-01 5.105143276353275610e+02
3.399619047619047429e-01 4.313043685714285971e+02
3.619689737470166979e-01 3.887469116945107430e+02
3.799070887818307152e-01 3.732006572608395913e+02
4.013341804320203487e-01 3.272610921219822444e+02
4.195595854922279933e-01 2.952076315486471572e+02
4.407771883289124948e-01 2.837560265251989335e+02
4.600780487804878027e-01 2.676698448780488206e+02
4.807973648341663520e-01 2.435310477055883780e+02
5.009150981177412643e-01 2.245487577092511060e+02
5.204555984555984116e-01 2.160349660231659925e+02
5.419053527118044000e-01 2.059339447004608417e+02
5.606541598694942952e-01 1.928573621533441838e+02
5.706576338400528581e-01 1.876454771976206075e+02
