2.166666666666666741e-02 8.717154333333333852e+03
4.454545454545454780e-02 6.969331363636363676e+03
6.211111111111110999e-02 6.110202444444444154e+03
8.302469135802469091e-02 4.259162716049382652e+03
1.001960784313725428e-01 3.298085588235293926e+03
1.238590604026845732e-01 2.518771744966443293e+03
1.404228855721393054e-01 1.962517611940298593e+03
1.630075187969924899e-01 1.713126691729323056e+03
1.808858858858858887e-01 1.438632732732732848e+03
2.036394557823129059e-01 1.122914281179138470e+03
2.190557939914163088e-01 9.719110300429183553e+02
2.426502732240437277e-01 8.021523242258651862e+02
2.596589259796807103e-01 7.577311582002902242e+02
2.811171662125340753e-01 7.151799073569483198e+02
3.008784530386739986e-01 6.606226342541436907e+02
3.206315289648623001e-01 5.666294150047483527e+02
3.399619047619047429e-01 4.806567533333333699e+02
3.619689737470166979e-01 4.502739164677803956e+02
3.799070887818307152e-01 4.232071706813489413e+02
4.013341804320203487e-01 3.568006099110546643e+02
4.195595854922279933e-01 3.097651404720783148e+02
4.407771883289124948e-01 3.019312424403182717e+02
4.600780487804878027e-01 2.910182063414633831e+02
4.807973648341663520e-01 2.677589945479327866e+02
5.009150981177412643e-01 2.532866175410492531e+02
5.204555984555984116e-01 2.453073413127413005e+02
5.419053527118044000e-01 2.308113952499113850e+02
5.606541598694942952e-01 2.130437177814029610e+02
5.706576338400528581e-01 2.067387620621282451e+02
