4.110000000000000142e+01 1.259512395768995985e+00 9.317523926096070788e-03
4.129999999999999716e+01 1.265977114177220253e+00 1.146298106504093674e-02
4.150000000000000000e+01 1.281212000543374030e+00 1.465220738483098868e-02
4.170000000000000284e+01 1.259108256908361811e+00 2.181791808059778751e-02
4.189999999999999858e+01 1.390495148032190542e+00 3.882993179913338255e-02
4.210000000000000142e+01 1.512357432183910833e+00 9.412470632879105237e-02
4.229999999999999716e+01 1.593488070665029177e+00 3.284576755174674623e-01
4.250000000000000000e+01 2.965831658869034992e+00 4.522161301658476629e-01
4.270000000000000284e+01 2.999372798123991490e+00 9.831694407846545136e-01
4.289999999999999858e+01 4.448070195282547878e+00 2.323221303368249391e+00
