2.166666666666666741e-02 7.242966166666666140e+03
4.454545454545454780e-02 7.194551363636363931e+03
6.211111111111110999e-02 6.158346888888888316e+03
8.302469135802469091e-02 4.678232716049382361e+03
1.001960784313725428e-01 3.662764411764705983e+03
1.238590604026845732e-01 2.626519731543624403e+03
1.404228855721393054e-01 2.206775223880596968e+03
1.630075187969924899e-01 1.799313458646616482e+03
1.808858858858858887e-01 1.438292852852853002e+03
2.036394557823129059e-01 1.155394539682539516e+03
2.190557939914163088e-01 9.712906995708154909e+02
2.426502732240437277e-01 7.488072240437157916e+02
2.596589259796807103e-01 7.272649796806966833e+02
2.811171662125340753e-01 6.834233950953678232e+02
3.008784530386739986e-01 6.509977823204419565e+02
3.206315289648623001e-01 5.871836856600190231e+02
3.399619047619047429e-01 5.211620304761904663e+02
3.619689737470166979e-01 4.752460167064439247e+02
3.799070887818307152e-01 4.354689153475567878e+02
4.013341804320203487e-01 3.968708113087674860e+02
4.195595854922279933e-01 3.328572107081175204e+02
4.407771883289124948e-01 2.972753538461538483e+02
4.600780487804878027e-01 2.993507336585366261e+02
4.807973648341663520e-01 3.055069795547478293e+02
5.009150981177412643e-01 2.871730384461353651e+02
5.204555984555984116e-01 2.442765969111968900e+02
5.419053527118044000e-01 2.138141045728464746e+02
5.606541598694942952e-01 2.084634179445350810e+02
5.706576338400528581e-01 2.129360581625908821e+02
