2.166666666666666741e-02 7.644505033333334723e+03
4.454545454545454780e-02 6.985793636363637233e+03
6.211111111111110999e-02 5.809801111111111823e+03
8.302469135802469091e-02 3.853792345679012215e+03
1.001960784313725428e-01 2.925582058823529223e+03
1.238590604026845732e-01 2.308479664429530203e+03
1.404228855721393054e-01 1.872188805970149360e+03
1.630075187969924899e-01 1.573547481203007465e+03
1.808858858858858887e-01 1.314058738738738839e+03
2.036394557823129059e-01 1.060797192743764299e+03
2.190557939914163088e-01 9.055894592274677279e+02
2.426502732240437277e-01 6.833651839708560374e+02
2.596589259796807103e-01 6.586313802612480686e+02
2.811171662125340753e-01 6.527215871934605502e+02
3.008784530386739986e-01 5.981270320441988133e+02
3.206315289648623001e-01 5.169458005698006673e+02
3.399619047619047429e-01 4.342275342857142277e+02
3.619689737470166979e-01 3.865414152744630201e+02
3.799070887818307152e-01 3.696268602890571060e+02
4.013341804320203487e-01 3.379254942820838892e+02
4.195595854922279933e-01 3.032971836499712026e+02
4.407771883289124948e-01 2.877007946949601660e+02
4.600780487804878027e-01 2.770026165853658995e+02
4.807973648341663520e-01 2.499376892321672301e+02
5.009150981177412643e-01 2.303535826992391264e+02
5.204555984555984116e-01 2.265839011583011597e+02
5.419053527118044000e-01 2.168322679900744276e+02
5.606541598694942952e-01 1.964677184339314806e+02
5.706576338400528581e-01 1.868360033046926674e+02
