2.166666666666666741e-02 6.011014200000000528e+03
4.454545454545454780e-02 5.495063636363635851e+03
6.211111111111110999e-02 4.512357333333333372e+03
8.302469135802469091e-02 3.025294320987653919e+03
1.001960784313725428e-01 2.435558333333332939e+03
1.238590604026845732e-01 1.876903825503355620e+03
1.404228855721393054e-01 1.448806218905472633e+03
1.630075187969924899e-01 1.252516082706766838e+03
1.808858858858858887e-01 1.042276456456456572e+03
2.036394557823129059e-01 7.857432925170068074e+02
2.190557939914163088e-01 6.745256394849784556e+02
2.426502732240437277e-01 5.292383825136612359e+02
2.596589259796807103e-01 4.999511378809870052e+02
2.811171662125340753e-01 4.864519468664850592e+02
3.008784530386739986e-01 4.417552254143646451e+02
3.206315289648623001e-01 3.955524245014244684e+02
3.399619047619047429e-01 3.464273142857143171e+02
3.619689737470166979e-01 3.011134868735083501e+02
3.799070887818307152e-01 2.882770798348244625e+02
4.013341804320203487e-01 2.557285082592121626e+02
4.195595854922279933e-01 2.195268364997121466e+02
4.407771883289124948e-01 2.088972435013262725e+02
4.600780487804878027e-01 2.006716209756097555e+02
4.807973648341663520e-01 1.853704438891413133e+02
5.009150981177412643e-01 1.702374477372847537e+02
5.204555984555984116e-01 1.609365760617760941e+02
5.419053527118044000e-01 1.504686908897554076e+02
5.606541598694942952e-01 1.405871517128874473e+02
5.706576338400528581e-01 1.391959101123595417e+02
