2.166666666666666741e-02 6.095228833333333569e+03
4.454545454545454780e-02 6.003364999999999782e+03
6.211111111111110999e-02 5.177216000000000349e+03
8.302469135802469091e-02 3.450939135802469082e+03
1.001960784313725428e-01 2.719050686274509644e+03
1.238590604026845732e-01 2.138894362416107469e+03
1.404228855721393054e-01 1.630698059701492639e+03
1.630075187969924899e-01 1.397947330827067617e+03
1.808858858858858887e-01 1.217155735735735789e+03
2.036394557823129059e-01 9.148610975056691359e+02
2.190557939914163088e-01 7.676213390557940102e+02
2.426502732240437277e-01 6.097909945355190757e+02
2.596589259796807103e-01 5.727069288824383193e+02
2.811171662125340753e-01 5.524917779291553188e+02
3.008784530386739986e-01 5.131931922651933746e+02
3.206315289648623001e-01 4.746742962962962906e+02
3.399619047619047429e-01 4.113098742857143293e+02
3.619689737470166979e-01 3.541827159904534597e+02
3.799070887818307152e-01 3.346918506538196425e+02
4.013341804320203487e-01 2.968664523506988644e+02
4.195595854922279933e-01 2.674701329879102332e+02
4.407771883289124948e-01 2.554019671087532970e+02
4.600780487804878027e-01 2.425369019512195052e+02
4.807973648341663520e-01 2.173653961835529742e+02
5.009150981177412643e-01 2.019957633159791897e+02
5.204555984555984116e-01 1.979751158301158398e+02
5.419053527118044000e-01 1.858012041829138639e+02
5.606541598694942952e-01 1.731340848287112522e+02
5.706576338400528581e-01 1.693404507600793352e+02
