2.166666666666666741e-02 -1.518957500000000255e+04
4.454545454545454780e-02 8.718886363636363512e+02
6.211111111111110999e-02 5.073029333333333852e+03
8.302469135802469091e-02 2.904095555555555620e+03
1.001960784313725428e-01 1.533881568627451088e+03
1.238590604026845732e-01 2.872342147651006599e+03
1.404228855721393054e-01 1.398824925373134420e+03
1.630075187969924899e-01 -2.270517308270676949e+03
1.808858858858858887e-01 -4.644527129129129207e+03
2.036394557823129059e-01 3.197265306122436357e+01
2.190557939914163088e-01 4.438792021459227726e+03
2.426502732240437277e-01 2.313515333333333274e+03
2.596589259796807103e-01 4.767043047895498376e+02
2.811171662125340753e-01 1.706147452316076169e+03
3.008784530386739986e-01 1.687823270718232379e+03
3.206315289648623001e-01 1.456128528015194661e+03
3.399619047619047429e-01 2.339516123809523833e+03
3.619689737470166979e-01 1.717381217183771241e+03
3.799070887818307152e-01 6.155651830695114768e+02
4.013341804320203487e-01 -3.472579218551460940e+02
4.195595854922279933e-01 -6.128756476683937535e+02
4.407771883289124948e-01 3.404560371352784642e+01
4.600780487804878027e-01 1.070278171707316915e+03
4.807973648341663520e-01 1.941891571558382793e+03
5.009150981177412643e-01 7.293226163396072934e+02
5.204555984555984116e-01 5.519604374517375618e+02
5.419053527118044000e-01 6.410525629209502085e+01
5.606541598694942952e-01 -7.486136711256116314e+02
5.706576338400528581e-01 -1.622214871116985364e+02
