2.166666666666666741e-02 6.553395166666666228e+03
4.454545454545454780e-02 6.405690454545454486e+03
6.211111111111110999e-02 6.153988444444444212e+03
8.302469135802469091e-02 4.305043086419753308e+03
1.001960784313725428e-01 3.260063529411764648e+03
1.238590604026845732e-01 2.478640201342282126e+03
1.404228855721393054e-01 1.969009303482587256e+03
1.630075187969924899e-01 1.612163947368421077e+03
1.808858858858858887e-01 1.346535795795795821e+03
2.036394557823129059e-01 1.091320639455782384e+03
2.190557939914163088e-01 9.120635064377682966e+02
2.426502732240437277e-01 7.227350455373406248e+02
2.596589259796807103e-01 7.053744179970973391e+02
2.811171662125340753e-01 6.842859809264305113e+02
3.008784530386739986e-01 6.248052066298341742e+02
3.206315289648623001e-01 5.533510389363722197e+02
3.399619047619047429e-01 4.839157733333333908e+02
3.619689737470166979e-01 4.055371789976133527e+02
3.799070887818307152e-01 3.961706820371645108e+02
4.013341804320203487e-01 3.773904841168995858e+02
4.195595854922279933e-01 3.001827570523891495e+02
4.407771883289124948e-01 2.762034116710875651e+02
4.600780487804878027e-01 2.699017634146341607e+02
4.807973648341663520e-01 2.503143789186733841e+02
5.009150981177412643e-01 2.347608157789347558e+02
5.204555984555984116e-01 2.306708003861003817e+02
5.419053527118044000e-01 2.226563530662885739e+02
5.606541598694942952e-01 2.000576424143556267e+02
5.706576338400528581e-01 1.944995518836748545e+02
