2.166666666666666741e-02 9.718890499999999520e+03
4.454545454545454780e-02 7.397918181818182347e+03
6.211111111111110999e-02 5.539140000000000327e+03
8.302469135802469091e-02 3.815502716049382343e+03
1.001960784313725428e-01 3.101033921568627193e+03
1.238590604026845732e-01 2.384078791946308684e+03
1.404228855721393054e-01 1.830827512437811038e+03
1.630075187969924899e-01 1.611024586466165601e+03
1.808858858858858887e-01 1.393336966966966884e+03
2.036394557823129059e-01 1.015936634920634901e+03
2.190557939914163088e-01 8.425973605150214780e+02
2.426502732240437277e-01 6.803795810564662361e+02
2.596589259796807103e-01 6.542860174165457465e+02
2.811171662125340753e-01 6.462844264305177830e+02
3.008784530386739986e-01 5.855933646408841469e+02
3.206315289648623001e-01 5.120217492877493441e+02
3.399619047619047429e-01 4.409794571428571430e+02
3.619689737470166979e-01 4.022731837708830653e+02
3.799070887818307152e-01 3.823537756366138751e+02
4.013341804320203487e-01 3.370700285895807724e+02
4.195595854922279933e-01 3.099001134139320470e+02
4.407771883289124948e-01 2.982451167108752657e+02
4.600780487804878027e-01 2.807531736585366389e+02
4.807973648341663520e-01 2.580920767832803904e+02
5.009150981177412643e-01 2.369449391269523630e+02
5.204555984555984116e-01 2.222827969111968685e+02
5.419053527118044000e-01 2.013135409429280287e+02
5.606541598694942952e-01 1.876946150081566316e+02
5.706576338400528581e-01 1.895134613350958261e+02
