2.166666666666666741e-02 6.801143583333334391e+03
4.454545454545454780e-02 5.781134545454545332e+03
6.211111111111110999e-02 4.900932444444444627e+03
8.302469135802469091e-02 3.405596666666666806e+03
1.001960784313725428e-01 2.654447843137254949e+03
1.238590604026845732e-01 2.006805302013422761e+03
1.404228855721393054e-01 1.560111194029850594e+03
1.630075187969924899e-01 1.358630827067669316e+03
1.808858858858858887e-01 1.151919369369369406e+03
2.036394557823129059e-01 8.731787891156462820e+02
2.190557939914163088e-01 7.574476287553649172e+02
2.426502732240437277e-01 5.933966284153005972e+02
2.596589259796807103e-01 5.443384658925979238e+02
2.811171662125340753e-01 5.260168378746594726e+02
3.008784530386739986e-01 4.966831469613259173e+02
3.206315289648623001e-01 4.594743323836657396e+02
3.399619047619047429e-01 3.937336419047619529e+02
3.619689737470166979e-01 3.362321050119331858e+02
3.799070887818307152e-01 3.238889463179628478e+02
4.013341804320203487e-01 2.899756531130876738e+02
4.195595854922279933e-01 2.523463644214162400e+02
4.407771883289124948e-01 2.411059904509283456e+02
4.600780487804878027e-01 2.318956351219512442e+02
4.807973648341663520e-01 2.084125688323489385e+02
5.009150981177412643e-01 1.887553548257909313e+02
5.204555984555984116e-01 1.846971613899613942e+02
5.419053527118044000e-01 1.726220854306983199e+02
5.606541598694942952e-01 1.574419154975529977e+02
5.706576338400528581e-01 1.550227726371447545e+02
