2.166666666666666741e-02 5.955374349999999140e+03
4.454545454545454780e-02 5.884499545454545114e+03
6.211111111111110999e-02 5.001387111111111153e+03
8.302469135802469091e-02 3.308125802469136033e+03
1.001960784313725428e-01 2.583688431372548621e+03
1.238590604026845732e-01 2.008860604026845522e+03
1.404228855721393054e-01 1.554900497512437823e+03
1.630075187969924899e-01 1.325429639097744257e+03
1.808858858858858887e-01 1.120209081081080967e+03
2.036394557823129059e-01 8.740751609977324961e+02
2.190557939914163088e-01 7.573724012875537710e+02
2.426502732240437277e-01 5.817748142076503655e+02
2.596589259796807103e-01 5.503645863570391157e+02
2.811171662125340753e-01 5.364470844686646842e+02
3.008784530386739986e-01 4.869748773480662862e+02
3.206315289648623001e-01 4.414792241215574791e+02
3.399619047619047429e-01 3.822621619047619106e+02
3.619689737470166979e-01 3.342761264916467780e+02
3.799070887818307152e-01 3.188538575361321818e+02
4.013341804320203487e-01 2.789577852604828649e+02
4.195595854922279933e-01 2.470829539435808613e+02
4.407771883289124948e-01 2.383254843501326263e+02
4.600780487804878027e-01 2.304547092682926746e+02
4.807973648341663520e-01 2.106926796910495057e+02
5.009150981177412643e-01 1.918084032839407485e+02
5.204555984555984116e-01 1.850807934362934191e+02
5.419053527118044000e-01 1.726865792272243709e+02
5.606541598694942952e-01 1.603405543230016406e+02
5.706576338400528581e-01 1.590665637805684014e+02
