2.166666666666666741e-02 3.255766666666666879e+03
4.454545454545454780e-02 5.786574090909090955e+03
6.211111111111110999e-02 5.977459333333333234e+03
8.302469135802469091e-02 4.446647530864197506e+03
1.001960784313725428e-01 3.490725784313725853e+03
1.238590604026845732e-01 2.775021342281878788e+03
1.404228855721393054e-01 2.149571442786069383e+03
1.630075187969924899e-01 1.729575864661654350e+03
1.808858858858858887e-01 1.511469789789789729e+03
2.036394557823129059e-01 1.151971809523809497e+03
2.190557939914163088e-01 9.770820429184548175e+02
2.426502732240437277e-01 7.482672058287795380e+02
2.596589259796807103e-01 6.846317910014513473e+02
2.811171662125340753e-01 6.902145599455042202e+02
3.008784530386739986e-01 6.495711900552486213e+02
3.206315289648623001e-01 5.724860664767330718e+02
3.399619047619047429e-01 5.183557752380952479e+02
3.619689737470166979e-01 4.771047828162291466e+02
3.799070887818307152e-01 4.348161541637990126e+02
4.013341804320203487e-01 3.750807306226175797e+02
4.195595854922279933e-01 3.465063385146804649e+02
4.407771883289124948e-01 3.186051623342175390e+02
4.600780487804878027e-01 3.152130795121951223e+02
4.807973648341663520e-01 3.269139454793275945e+02
5.009150981177412643e-01 2.984171273528232859e+02
5.204555984555984116e-01 2.513643698841698892e+02
5.419053527118044000e-01 2.122419805033676425e+02
5.606541598694942952e-01 2.097863507340946398e+02
5.706576338400528581e-01 2.182499623265036064e+02
