9.100000000000001421e+00 1.202929023054989610e+00 4.048885161538496313e-01 9.514955188424575883e-02 9.514955188424575883e-02
9.300000000000002487e+00 1.225578824180146853e+00 4.194847725597881660e-01 6.262714609653384501e-02 6.262714609653384501e-02
9.500000000000001776e+00 1.255395934636756028e+00 4.488366563036140233e-01 3.892452218982830892e-02 3.892452218982830892e-02
9.700000000000001066e+00 1.292853975291113455e+00 4.698044665007350407e-01 2.371288197818810159e-02 2.371288197818810159e-02
9.900000000000002132e+00 1.333512946468203841e+00 4.718305837983232665e-01 1.411348666450707237e-02 1.411348666450707237e-02
1.010000000000000320e+01 1.373225142323720949e+00 4.863124716218379939e-01 8.102796674225245729e-03 8.102796674225245729e-03
1.030000000000000249e+01 1.406711539084669615e+00 4.793058548878003644e-01 3.974732750242954485e-03 3.974732750242954485e-03
1.050000000000000178e+01 1.433968457504290139e+00 5.751821910163568141e-01 1.349206349206349314e-03 1.349206349206349314e-03
1.070000000000000284e+01 1.616640532627415139e+00 1.050601262937797875e+00 1.565705647338300394e-04 1.565705647338300394e-04
1.090000000000000391e+01 1.981314846861683909e+00 7.856819296764211424e-01 1.187776697980779646e-05 1.187776697980779646e-05
