2.166666666666666741e-02 3.412837399999999889e+03
4.454545454545454780e-02 3.208742727272727279e+03
6.211111111111110999e-02 2.431964444444444325e+03
8.302469135802469091e-02 1.666696913580247156e+03
1.001960784313725428e-01 1.447567450980392096e+03
1.238590604026845732e-01 1.072886161073825406e+03
1.404228855721393054e-01 8.053902139303481817e+02
1.630075187969924899e-01 7.313154887218043996e+02
1.808858858858858887e-01 6.154916486486487202e+02
2.036394557823129059e-01 4.541962154195011863e+02
2.190557939914163088e-01 3.981217424892704457e+02
2.426502732240437277e-01 3.049179908925319182e+02
2.596589259796807103e-01 2.819484412191582123e+02
2.811171662125340753e-01 2.843452057220708298e+02
3.008784530386739986e-01 2.510932828729281425e+02
3.206315289648623001e-01 2.239029316239316358e+02
3.399619047619047429e-01 2.015967228571428791e+02
3.619689737470166979e-01 1.626757136038186218e+02
3.799070887818307152e-01 1.558544418444597568e+02
4.013341804320203487e-01 1.453677401524777792e+02
4.195595854922279933e-01 1.228074052964881986e+02
4.407771883289124948e-01 1.176253612732095348e+02
4.600780487804878027e-01 1.147282024390243862e+02
4.807973648341663520e-01 1.011367666515220378e+02
5.009150981177412643e-01 9.154944148978773910e+01
5.204555984555984116e-01 9.007967814671815177e+01
5.419053527118044000e-01 8.260116958525345865e+01
5.606541598694942952e-01 7.474484446982056340e+01
5.706576338400528581e-01 7.433840469266358753e+01
