2.166666666666666741e-02 4.362891816666666273e+03
4.454545454545454780e-02 4.122818636363635960e+03
6.211111111111110999e-02 3.366972666666667010e+03
8.302469135802469091e-02 2.286020740740740621e+03
1.001960784313725428e-01 1.884543137254901694e+03
1.238590604026845732e-01 1.438120805369127538e+03
1.404228855721393054e-01 1.101040109452736260e+03
1.630075187969924899e-01 9.744130225563909562e+02
1.808858858858858887e-01 8.240412072072072078e+02
2.036394557823129059e-01 6.124334058956915214e+02
2.190557939914163088e-01 5.226790472103003822e+02
2.426502732240437277e-01 4.017905500910746355e+02
2.596589259796807103e-01 3.785424281567488833e+02
2.811171662125340753e-01 3.660479509536784803e+02
3.008784530386739986e-01 3.335893027624309752e+02
3.206315289648623001e-01 3.043084491927825184e+02
3.399619047619047429e-01 2.647996190476190463e+02
3.619689737470166979e-01 2.226761837708830569e+02
3.799070887818307152e-01 2.132573723331039162e+02
4.013341804320203487e-01 1.938356378653112984e+02
4.195595854922279933e-01 1.655592377662636636e+02
4.407771883289124948e-01 1.580746466843501423e+02
4.600780487804878027e-01 1.531288887804878129e+02
4.807973648341663520e-01 1.365210345297592198e+02
5.009150981177412643e-01 1.243053488185823028e+02
5.204555984555984116e-01 1.208729841698841625e+02
5.419053527118044000e-01 1.118569999999999993e+02
5.606541598694942952e-01 1.024557706362153198e+02
5.706576338400528581e-01 1.007338697951090580e+02
