2.166666666666666741e-02 4.618772299999999632e+03
4.454545454545454780e-02 4.296226363636364113e+03
6.211111111111110999e-02 3.636826444444444405e+03
8.302469135802469091e-02 2.460279629629629653e+03
1.001960784313725428e-01 1.958444509803921619e+03
1.238590604026845732e-01 1.484469328859060397e+03
1.404228855721393054e-01 1.153459402985074576e+03
1.630075187969924899e-01 9.984209548872180449e+02
1.808858858858858887e-01 8.361586846846846584e+02
2.036394557823129059e-01 6.491278820861678014e+02
2.190557939914163088e-01 5.691141437768239939e+02
2.426502732240437277e-01 4.512876193078324150e+02
2.596589259796807103e-01 4.275651291727140233e+02
2.811171662125340753e-01 4.151792370572206323e+02
3.008784530386739986e-01 3.763679668508286795e+02
3.206315289648623001e-01 3.473415441595441848e+02
3.399619047619047429e-01 3.055679400000000214e+02
3.619689737470166979e-01 2.550903412887828097e+02
3.799070887818307152e-01 2.495080880935994401e+02
4.013341804320203487e-01 2.335680654383735657e+02
4.195595854922279933e-01 2.017212107081174395e+02
4.407771883289124948e-01 1.929764541114058432e+02
4.600780487804878027e-01 1.848929756097560926e+02
4.807973648341663520e-01 1.651735084052703257e+02
5.009150981177412643e-01 1.567360752903484240e+02
5.204555984555984116e-01 1.547050339768339597e+02
5.419053527118044000e-01 1.418892683445586727e+02
5.606541598694942952e-01 1.312244893964111156e+02
5.706576338400528581e-01 1.303765789821546832e+02
