2.166666666666666741e-02 -1.468133333333333394e+04
4.454545454545454780e-02 3.740372727272727207e+04
6.211111111111110999e-02 3.700281777777778188e+04
8.302469135802469091e-02 1.699996854320987768e+04
1.001960784313725428e-01 -2.247699949019607811e+04
1.238590604026845732e-01 4.329923865771812416e+04
1.404228855721393054e-01 8.417438388059701538e+04
1.630075187969924899e-01 4.603509849624060007e+04
1.808858858858858887e-01 3.483757897897897783e+04
2.036394557823129059e-01 -2.132565532879819330e+03
2.190557939914163088e-01 -3.691233111587983149e+04
2.426502732240437277e-01 -1.758765045537340848e+04
2.596589259796807103e-01 -8.275335413642960702e+03
2.811171662125340753e-01 6.215916485013623969e+03
3.008784530386739986e-01 9.171124861878450929e+02
3.206315289648623001e-01 1.095122364672364711e+04
3.399619047619047429e-01 2.444777057142857302e+04
3.619689737470166979e-01 -1.507020811455846570e+03
3.799070887818307152e-01 2.552896311080522537e+03
4.013341804320203487e-01 -8.572545743329104653e+02
4.195595854922279933e-01 -9.631731078871616774e+03
4.407771883289124948e-01 2.626253062068965392e+03
4.600780487804878027e-01 -2.341911792195121507e+03
4.807973648341663520e-01 -1.268983002271694386e+04
5.009150981177412643e-01 -7.355971125350420152e+03
5.204555984555984116e-01 -6.819052822393821771e+03
5.419053527118044000e-01 -1.706548192484934407e+04
5.606541598694942952e-01 -1.637899784665579136e+04
5.706576338400528581e-01 -1.004810786516854023e+04
