2.166666666666666741e-02 3.410392716666666729e+03
4.454545454545454780e-02 3.274283181818181674e+03
6.211111111111110999e-02 2.605273555555555504e+03
8.302469135802469091e-02 1.764544074074074160e+03
1.001960784313725428e-01 1.458584705882352864e+03
1.238590604026845732e-01 1.088034966442952964e+03
1.404228855721393054e-01 8.376805273631840691e+02
1.630075187969924899e-01 7.577383646616541455e+02
1.808858858858858887e-01 6.316700510510510185e+02
2.036394557823129059e-01 4.647899160997732224e+02
2.190557939914163088e-01 4.097384806866952545e+02
2.426502732240437277e-01 3.169352841530055116e+02
2.596589259796807103e-01 2.934407460087082882e+02
2.811171662125340753e-01 2.897349523160762601e+02
3.008784530386739986e-01 2.540475546961326074e+02
3.206315289648623001e-01 2.294909202279202134e+02
3.399619047619047429e-01 2.090802799999999877e+02
3.619689737470166979e-01 1.708145322195703955e+02
3.799070887818307152e-01 1.605271108052305635e+02
4.013341804320203487e-01 1.491031410419313943e+02
4.195595854922279933e-01 1.261690385722510115e+02
4.407771883289124948e-01 1.179919029177718812e+02
4.600780487804878027e-01 1.161682590243902524e+02
4.807973648341663520e-01 1.036377510222625915e+02
5.009150981177412643e-01 9.346590845014017646e+01
5.204555984555984116e-01 9.293821988416988233e+01
5.419053527118044000e-01 8.547389950372209455e+01
5.606541598694942952e-01 7.686991725938010234e+01
5.706576338400528581e-01 7.623421678783873290e+01
