2.166666666666666741e-02 1.298364749999999913e+04
4.454545454545454780e-02 7.941867727272727279e+03
6.211111111111110999e-02 6.358744222222221651e+03
8.302469135802469091e-02 4.852471728395062200e+03
1.001960784313725428e-01 3.495206568627450906e+03
1.238590604026845732e-01 2.677362281879194597e+03
1.404228855721393054e-01 2.165657761194030172e+03
1.630075187969924899e-01 1.786282255639097684e+03
1.808858858858858887e-01 1.574645015015015133e+03
2.036394557823129059e-01 1.264759115646258579e+03
2.190557939914163088e-01 1.070534499999999753e+03
2.426502732240437277e-01 8.096588324225864426e+02
2.596589259796807103e-01 7.903684107402031032e+02
2.811171662125340753e-01 7.639314427792916149e+02
3.008784530386739986e-01 6.706056486187844712e+02
3.206315289648623001e-01 6.179744311490977680e+02
3.399619047619047429e-01 5.427924238095238252e+02
3.619689737470166979e-01 4.765413818615751893e+02
3.799070887818307152e-01 4.502468389538885276e+02
4.013341804320203487e-01 4.014989529860229140e+02
4.195595854922279933e-01 3.606667236614853209e+02
4.407771883289124948e-01 3.571900212201591103e+02
4.600780487804878027e-01 3.494063721951218895e+02
4.807973648341663520e-01 3.163825483870967332e+02
5.009150981177412643e-01 2.912400112134561141e+02
5.204555984555984116e-01 2.713250463320463268e+02
5.419053527118044000e-01 2.520084388514711122e+02
5.606541598694942952e-01 2.366077057096248097e+02
5.706576338400528581e-01 2.302277316589557188e+02
