7.099999999999999645e+00 1.134362679237550298e+00 4.626856481732942970e-03
7.299999999999999822e+00 9.598324533464176467e-01 3.639747848009060576e-03
7.500000000000000000e+00 8.504387078355970520e-01 2.825024633128376313e-03
7.700000000000000178e+00 8.072818501652767598e-01 2.336538915940344387e-03
7.900000000000000355e+00 8.201902776060630007e-01 2.157093768483534305e-03
8.099999999999999645e+00 8.651008041014642824e-01 2.221026196718588544e-03
8.300000000000000711e+00 9.337325566080492134e-01 2.478259370027943199e-03
8.500000000000001776e+00 1.006044832961112467e+00 2.878527455511965902e-03
8.700000000000001066e+00 1.075303900114304767e+00 3.389279776625474250e-03
8.900000000000000355e+00 1.135537380475539981e+00 4.018778144199360546e-03
9.100000000000001421e+00 1.183297400562517199e+00 4.814615943664570484e-03
9.300000000000002487e+00 1.225260998471706886e+00 5.956350977711862872e-03
9.500000000000001776e+00 1.255337898309103029e+00 7.606904779504109100e-03
9.700000000000001066e+00 1.305779773222903062e+00 9.844279530942049924e-03
9.900000000000002132e+00 1.337358440029307038e+00 1.297496509208023903e-02
1.010000000000000320e+01 1.328273460979638276e+00 1.769949073272625989e-02
1.030000000000000249e+01 1.349391529101186871e+00 2.693459737029469531e-02
1.050000000000000178e+01 1.420477352664214710e+00 5.428924927510200837e-02
1.070000000000000284e+01 2.238235629844003149e+00 2.552002287575785289e-01
1.090000000000000391e+01 6.304959310679137729e+00 1.357504098718909979e+00
