2.166666666666666741e-02 6.790342883333333702e+03
4.454545454545454780e-02 6.199778181818182020e+03
6.211111111111110999e-02 5.298819333333332906e+03
8.302469135802469091e-02 3.735284444444444034e+03
1.001960784313725428e-01 2.988901372549020380e+03
1.238590604026845732e-01 2.296549664429529912e+03
1.404228855721393054e-01 1.797752835820895598e+03
1.630075187969924899e-01 1.522086503759398511e+03
1.808858858858858887e-01 1.291317267267267198e+03
2.036394557823129059e-01 9.912252290249433599e+02
2.190557939914163088e-01 8.484335579399141807e+02
2.426502732240437277e-01 6.703381202185793200e+02
2.596589259796807103e-01 6.158340537010160460e+02
2.811171662125340753e-01 6.056543474114441779e+02
3.008784530386739986e-01 5.700357790055248870e+02
3.206315289648623001e-01 5.086786039886039248e+02
3.399619047619047429e-01 4.328264399999999910e+02
3.619689737470166979e-01 3.773061193317422521e+02
3.799070887818307152e-01 3.605123255333792258e+02
4.013341804320203487e-01 3.230744059720457813e+02
4.195595854922279933e-01 2.880940437535982142e+02
4.407771883289124948e-01 2.782975941644561999e+02
4.600780487804878027e-01 2.674609531707317274e+02
4.807973648341663520e-01 2.456932707860063374e+02
5.009150981177412643e-01 2.285883580296355149e+02
5.204555984555984116e-01 2.184986822393822479e+02
5.419053527118044000e-01 2.056824165189649420e+02
5.606541598694942952e-01 1.887091298531810821e+02
5.706576338400528581e-01 1.815984791804362146e+02
