2.166666666666666741e-02 8.365763983333332362e+03
4.454545454545454780e-02 6.976838636363637306e+03
6.211111111111110999e-02 5.654412222222222226e+03
8.302469135802469091e-02 4.048979506172839137e+03
1.001960784313725428e-01 3.177416078431372171e+03
1.238590604026845732e-01 2.413702147651006726e+03
1.404228855721393054e-01 1.907524179104477298e+03
1.630075187969924899e-01 1.631249511278195541e+03
1.808858858858858887e-01 1.400279309309309610e+03
2.036394557823129059e-01 1.074736598639455678e+03
2.190557939914163088e-01 9.103047253218883270e+02
2.426502732240437277e-01 7.228296867030966268e+02
2.596589259796807103e-01 6.720473599419448192e+02
2.811171662125340753e-01 6.518234250681198318e+02
3.008784530386739986e-01 6.140815281767954730e+02
3.206315289648623001e-01 5.503047692307692387e+02
3.399619047619047429e-01 4.726918114285714410e+02
3.619689737470166979e-01 4.185202768496420163e+02
3.799070887818307152e-01 3.968729883000688687e+02
4.013341804320203487e-01 3.633875235069885434e+02
4.195595854922279933e-01 3.299587691421991735e+02
4.407771883289124948e-01 3.056276360742705833e+02
4.600780487804878027e-01 2.852200443902439133e+02
4.807973648341663520e-01 2.599460122671512750e+02
5.009150981177412643e-01 2.431258978774529851e+02
5.204555984555984116e-01 2.350229166023166272e+02
5.419053527118044000e-01 2.176416926621765242e+02
5.606541598694942952e-01 1.966608277324633036e+02
5.706576338400528581e-01 1.904185439524124206e+02
