7.099999999999999645e+00 1.157267723009423932e+00 4.833782204426713691e-01 1.030126336248785163e-01 1.030126336248785163e-01
7.299999999999999822e+00 1.135347282854157980e+00 4.254343884394787834e-01 1.661127308066083497e-01 1.661127308066083497e-01
7.500000000000000000e+00 1.114946801374046004e+00 3.572501186543911023e-01 2.748725839542165983e-01 2.748725839542165983e-01
7.700000000000000178e+00 1.107041330215099428e+00 3.213949123838851785e-01 4.009097289709534495e-01 4.009097289709534495e-01
7.900000000000000355e+00 1.106577898936507820e+00 3.047668254523045461e-01 4.699314328906165628e-01 4.699314328906165628e-01
8.099999999999999645e+00 1.115538969596840069e+00 3.112481805128174961e-01 4.432420904869884271e-01 4.432420904869884271e-01
8.300000000000000711e+00 1.130155358750733585e+00 3.326745410689161964e-01 3.560609005506964464e-01 3.560609005506964464e-01
8.500000000000001776e+00 1.149388166110653309e+00 3.609619504021437941e-01 2.641280639239823036e-01 2.641280639239823036e-01
8.700000000000001066e+00 1.167239177729680000e+00 3.802250360188625389e-01 1.907688154626930033e-01 1.907688154626930033e-01
8.900000000000000355e+00 1.185815906437282630e+00 4.000558102315960318e-01 1.360274268437533796e-01 1.360274268437533796e-01
9.100000000000001421e+00 1.202929023054989610e+00 4.048885161538496313e-01 9.514955188424575883e-02 9.514955188424575883e-02
9.300000000000002487e+00 1.225578824180146853e+00 4.194847725597881660e-01 6.262714609653384501e-02 6.262714609653384501e-02
9.500000000000001776e+00 1.255395934636756028e+00 4.488366563036140233e-01 3.892452218982830892e-02 3.892452218982830892e-02
9.700000000000001066e+00 1.292853975291113455e+00 4.698044665007350407e-01 2.371288197818810159e-02 2.371288197818810159e-02
9.900000000000002132e+00 1.333512946468203841e+00 4.718305837983232665e-01 1.411348666450707237e-02 1.411348666450707237e-02
1.010000000000000320e+01 1.373225142323720949e+00 4.863124716218379939e-01 8.102796674225245729e-03 8.102796674225245729e-03
1.030000000000000249e+01 1.406711539084669615e+00 4.793058548878003644e-01 3.974732750242954485e-03 3.974732750242954485e-03
1.050000000000000178e+01 1.433968457504290139e+00 5.751821910163568141e-01 1.349206349206349314e-03 1.349206349206349314e-03
1.070000000000000284e+01 1.616640532627415139e+00 1.050601262937797875e+00 1.565705647338300394e-04 1.565705647338300394e-04
1.090000000000000391e+01 1.981314846861683909e+00 7.856819296764211424e-01 1.187776697980779646e-05 1.187776697980779646e-05
