2.166666666666666741e-02 3.686658783333333758e+03
4.454545454545454780e-02 3.434376363636363749e+03
6.211111111111110999e-02 2.780256222222222277e+03
8.302469135802469091e-02 1.918764444444444280e+03
1.001960784313725428e-01 1.571078627450980321e+03
1.238590604026845732e-01 1.164588536912751806e+03
1.404228855721393054e-01 9.110434328358211360e+02
1.630075187969924899e-01 8.051989586466165747e+02
1.808858858858858887e-01 6.722559309309309583e+02
2.036394557823129059e-01 5.111401179138322277e+02
2.190557939914163088e-01 4.372173862660944224e+02
2.426502732240437277e-01 3.408438870673953147e+02
2.596589259796807103e-01 3.243735820029027650e+02
2.811171662125340753e-01 3.111134645776566572e+02
3.008784530386739986e-01 2.738418441988950462e+02
3.206315289648623001e-01 2.509795280151946599e+02
3.399619047619047429e-01 2.254354380952380836e+02
3.619689737470166979e-01 1.869846897374701484e+02
3.799070887818307152e-01 1.753848651066758180e+02
4.013341804320203487e-01 1.644964987293519698e+02
4.195595854922279933e-01 1.440066850892343382e+02
4.407771883289124948e-01 1.382981681697612544e+02
4.600780487804878027e-01 1.340918429268292584e+02
4.807973648341663520e-01 1.174543021353930072e+02
5.009150981177412643e-01 1.062974579895875138e+02
5.204555984555984116e-01 1.044844384555984647e+02
5.419053527118044000e-01 9.864062609003899240e+01
5.606541598694942952e-01 8.898049624796082924e+01
5.706576338400528581e-01 8.629230786516853868e+01
