2.166666666666666741e-02 4.021649016666666284e+04
4.454545454545454780e-02 1.595100999999999840e+04
6.211111111111110999e-02 6.831584444444445580e+03
8.302469135802469091e-02 4.734088888888889414e+03
1.001960784313725428e-01 3.494480686274509935e+03
1.238590604026845732e-01 2.670298187919463089e+03
1.404228855721393054e-01 2.055068308457711282e+03
1.630075187969924899e-01 1.942615075187969978e+03
1.808858858858858887e-01 1.757665705705705477e+03
2.036394557823129059e-01 1.361328049886621102e+03
2.190557939914163088e-01 1.109550259656652315e+03
2.426502732240437277e-01 8.193973169398907430e+02
2.596589259796807103e-01 8.104580928882438684e+02
2.811171662125340753e-01 8.269359686648501793e+02
3.008784530386739986e-01 7.347089138121547194e+02
3.206315289648623001e-01 6.436973637226971050e+02
3.399619047619047429e-01 5.549647847619047525e+02
3.619689737470166979e-01 4.630738042959426934e+02
3.799070887818307152e-01 4.445773943565038167e+02
4.013341804320203487e-01 4.359260088945361531e+02
4.195595854922279933e-01 3.933467587795049099e+02
4.407771883289124948e-01 3.502519766578249687e+02
4.600780487804878027e-01 3.188873643902439312e+02
4.807973648341663520e-01 2.960197333030440632e+02
5.009150981177412643e-01 3.007655462555065924e+02
5.204555984555984116e-01 3.130444563706563486e+02
5.419053527118044000e-01 3.055340407656859156e+02
5.606541598694942952e-01 2.800011298531810553e+02
5.706576338400528581e-01 2.709008982154659861e+02
