9.100000000000001421e+00 1.183297400562517199e+00 4.814615943664570484e-03
9.300000000000002487e+00 1.225260998471706886e+00 5.956350977711862872e-03
9.500000000000001776e+00 1.255337898309103029e+00 7.606904779504109100e-03
9.700000000000001066e+00 1.305779773222903062e+00 9.844279530942049924e-03
9.900000000000002132e+00 1.337358440029307038e+00 1.297496509208023903e-02
1.010000000000000320e+01 1.328273460979638276e+00 1.769949073272625989e-02
1.030000000000000249e+01 1.349391529101186871e+00 2.693459737029469531e-02
1.050000000000000178e+01 1.420477352664214710e+00 5.428924927510200837e-02
1.070000000000000284e+01 2.238235629844003149e+00 2.552002287575785289e-01
1.090000000000000391e+01 6.304959310679137729e+00 1.357504098718909979e+00
