2.166666666666666741e-02 9.979481333333333168e+03
4.454545454545454780e-02 7.750047272727271775e+03
6.211111111111110999e-02 6.371299111111111415e+03
8.302469135802469091e-02 4.199572098765431292e+03
1.001960784313725428e-01 3.261058333333333394e+03
1.238590604026845732e-01 2.578728389261745178e+03
1.404228855721393054e-01 1.957250995024875692e+03
1.630075187969924899e-01 1.677877218045112841e+03
1.808858858858858887e-01 1.440936006006005982e+03
2.036394557823129059e-01 1.139640331065759483e+03
2.190557939914163088e-01 9.619741523605149496e+02
2.426502732240437277e-01 7.768857067395264266e+02
2.596589259796807103e-01 7.645385341074021426e+02
2.811171662125340753e-01 7.195262561307903297e+02
3.008784530386739986e-01 6.536954408839779944e+02
3.206315289648623001e-01 5.859293494776827629e+02
3.399619047619047429e-01 4.974961561904761993e+02
3.619689737470166979e-01 4.374903985680191454e+02
3.799070887818307152e-01 4.134229249827941999e+02
4.013341804320203487e-01 3.778781823379924276e+02
4.195595854922279933e-01 3.400624830166954666e+02
4.407771883289124948e-01 3.010936238726790748e+02
4.600780487804878027e-01 2.854029356097561276e+02
4.807973648341663520e-01 2.755685765561108838e+02
5.009150981177412643e-01 2.599335210252302772e+02
5.204555984555984116e-01 2.546326803088803103e+02
5.419053527118044000e-01 2.353085955334987318e+02
5.606541598694942952e-01 2.169289243066884296e+02
5.706576338400528581e-01 2.165751255783212343e+02
