2.166666666666666741e-02 1.819017733333333308e+04
4.454545454545454780e-02 1.021931909090908994e+04
6.211111111111110999e-02 6.530501777777776624e+03
8.302469135802469091e-02 4.561483333333333576e+03
1.001960784313725428e-01 3.619644803921568837e+03
1.238590604026845732e-01 2.906086308724832179e+03
1.404228855721393054e-01 2.277217711442785912e+03
1.630075187969924899e-01 1.886848533834586533e+03
1.808858858858858887e-01 1.651891141141141134e+03
2.036394557823129059e-01 1.287178326530612139e+03
2.190557939914163088e-01 1.130521184549356121e+03
2.426502732240437277e-01 9.261976721311476695e+02
2.596589259796807103e-01 8.418317126269956816e+02
2.811171662125340753e-01 7.920050599455041720e+02
3.008784530386739986e-01 7.079162651933701227e+02
3.206315289648623001e-01 6.427542155745488799e+02
3.399619047619047429e-01 5.419054561904762295e+02
3.619689737470166979e-01 4.822562673031026179e+02
3.799070887818307152e-01 4.725548286304198200e+02
4.013341804320203487e-01 4.184896810673443497e+02
4.195595854922279933e-01 3.787890685089234921e+02
4.407771883289124948e-01 3.536763013262599316e+02
4.600780487804878027e-01 3.368986843902439432e+02
4.807973648341663520e-01 3.306780895047705258e+02
5.009150981177412643e-01 3.159608137765318361e+02
5.204555984555984116e-01 3.059744335907335540e+02
5.419053527118044000e-01 2.741392708259482447e+02
5.606541598694942952e-01 2.445855024469820478e+02
5.706576338400528581e-01 2.449560456047587422e+02
