2.166666666666666741e-02 5.021343050000000403e+03
4.454545454545454780e-02 4.764766818181818053e+03
6.211111111111110999e-02 4.006038000000000011e+03
8.302469135802469091e-02 2.718172469135802658e+03
1.001960784313725428e-01 2.186930784313725326e+03
1.238590604026845732e-01 1.675583959731543700e+03
1.404228855721393054e-01 1.284890049751243851e+03
1.630075187969924899e-01 1.104952578947368465e+03
1.808858858858858887e-01 9.422078258258258074e+02
2.036394557823129059e-01 7.130859251700680943e+02
2.190557939914163088e-01 6.043349506437767786e+02
2.426502732240437277e-01 4.697937304189434826e+02
2.596589259796807103e-01 4.452391335268504804e+02
2.811171662125340753e-01 4.419926348773842619e+02
3.008784530386739986e-01 3.961702928176795240e+02
3.206315289648623001e-01 3.569732924976258346e+02
3.399619047619047429e-01 3.104775590476190814e+02
3.619689737470166979e-01 2.658720954653938406e+02
3.799070887818307152e-01 2.567373007570543564e+02
4.013341804320203487e-01 2.330202249047013936e+02
4.195595854922279933e-01 2.036636085204375490e+02
4.407771883289124948e-01 1.905854106100795775e+02
4.600780487804878027e-01 1.817217580487805151e+02
4.807973648341663520e-01 1.635708318945933684e+02
5.009150981177412643e-01 1.490584817781337392e+02
5.204555984555984116e-01 1.461958552123552124e+02
5.419053527118044000e-01 1.378464898971995751e+02
5.606541598694942952e-01 1.246279964110929939e+02
5.706576338400528581e-01 1.211722835426305380e+02
