2.166666666666666741e-02 7.601819999999999709e+04
4.454545454545454780e-02 2.627702727272727134e+04
6.211111111111110999e-02 6.867672888888889247e+03
8.302469135802469091e-02 4.555013456790123200e+03
1.001960784313725428e-01 3.565903039215686022e+03
1.238590604026845732e-01 2.962467248322147498e+03
1.404228855721393054e-01 2.304827263681591830e+03
1.630075187969924899e-01 2.009628796992481284e+03
1.808858858858858887e-01 1.733540120120120491e+03
2.036394557823129059e-01 1.317611256235827796e+03
2.190557939914163088e-01 1.138859622317596632e+03
2.426502732240437277e-01 9.007035846994535859e+02
2.596589259796807103e-01 9.127337851959360933e+02
2.811171662125340753e-01 8.003526362397819867e+02
3.008784530386739986e-01 7.104137558011050260e+02
3.206315289648623001e-01 6.952275650522316255e+02
3.399619047619047429e-01 6.062706380952381551e+02
3.619689737470166979e-01 5.245262816229117107e+02
3.799070887818307152e-01 4.160425443909153955e+02
4.013341804320203487e-01 3.323129904701397663e+02
4.195595854922279933e-01 3.301619355210132198e+02
4.407771883289124948e-01 3.310348907161803709e+02
4.600780487804878027e-01 2.972502468292682920e+02
4.807973648341663520e-01 2.735393989095865095e+02
5.009150981177412643e-01 2.584209347216660149e+02
5.204555984555984116e-01 2.779713521235521512e+02
5.419053527118044000e-01 2.782234356611130579e+02
5.606541598694942952e-01 2.783490358890701373e+02
5.706576338400528581e-01 3.122060984798413870e+02
