2.166666666666666741e-02 3.527584866666666348e+05
4.454545454545454780e-02 1.168087181818181998e+05
6.211111111111110999e-02 2.223740444444444438e+04
8.302469135802469091e-02 1.402212098765432165e+04
1.001960784313725428e-01 1.080561078431372334e+04
1.238590604026845732e-01 7.976223758389262002e+03
1.404228855721393054e-01 7.072987064676616683e+03
1.630075187969924899e-01 6.084377593984962004e+03
1.808858858858858887e-01 4.999964924924925072e+03
2.036394557823129059e-01 4.319932811791383756e+03
2.190557939914163088e-01 3.296631072961373775e+03
2.426502732240437277e-01 2.602312331511840057e+03
2.596589259796807103e-01 2.526007271407837379e+03
2.811171662125340753e-01 2.520384959128065020e+03
3.008784530386739986e-01 2.602034906077347841e+03
3.206315289648623001e-01 2.276956115859449255e+03
3.399619047619047429e-01 1.854906990476190231e+03
3.619689737470166979e-01 1.788445847255370154e+03
3.799070887818307152e-01 1.802165182381279919e+03
4.013341804320203487e-01 1.571564199491740737e+03
4.195595854922279933e-01 1.543843431203223872e+03
4.407771883289124948e-01 1.662878244031830263e+03
4.600780487804878027e-01 1.469186365853658344e+03
4.807973648341663520e-01 1.128709259427532970e+03
5.009150981177412643e-01 1.081141085302362853e+03
5.204555984555984116e-01 1.143629274131274315e+03
5.419053527118044000e-01 1.024073286777738531e+03
5.606541598694942952e-01 9.080780867862969217e+02
5.706576338400528581e-01 9.179500356906808065e+02
