2.166666666666666741e-02 4.694313000000000102e+03
4.454545454545454780e-02 4.973283636363636106e+03
6.211111111111110999e-02 4.261830888888888694e+03
8.302469135802469091e-02 2.845300987654321034e+03
1.001960784313725428e-01 2.276970392156862545e+03
1.238590604026845732e-01 1.743302550335570686e+03
1.404228855721393054e-01 1.341954009950248746e+03
1.630075187969924899e-01 1.151601022556390944e+03
1.808858858858858887e-01 9.704233753753753717e+02
2.036394557823129059e-01 7.300162947845805093e+02
2.190557939914163088e-01 6.225864334763948591e+02
2.426502732240437277e-01 4.912569763205827940e+02
2.596589259796807103e-01 4.579807329462989287e+02
2.811171662125340753e-01 4.400295490463214492e+02
3.008784530386739986e-01 3.998362209944751839e+02
3.206315289648623001e-01 3.652825109211775612e+02
3.399619047619047429e-01 3.292003752380952051e+02
3.619689737470166979e-01 2.796012267303102590e+02
3.799070887818307152e-01 2.607986276668961523e+02
4.013341804320203487e-01 2.367903659466327895e+02
4.195595854922279933e-01 2.063875912492804048e+02
4.407771883289124948e-01 1.927117119363395545e+02
4.600780487804878027e-01 1.854019034146341482e+02
4.807973648341663520e-01 1.703116969559291363e+02
5.009150981177412643e-01 1.537378065678814494e+02
5.204555984555984116e-01 1.473766571428571410e+02
5.419053527118044000e-01 1.381518252392768602e+02
5.606541598694942952e-01 1.266394721044045752e+02
5.706576338400528581e-01 1.242209134170522304e+02
