2.166666666666666741e-02 -8.457758333333333721e+05
4.454545454545454780e-02 -3.932403636363636469e+05
6.211111111111110999e-02 -1.977221777777777970e+04
8.302469135802469091e-02 -1.328397876543210004e+05
1.001960784313725428e-01 -3.923407843137255259e+04
1.238590604026845732e-01 1.031561208053691225e+05
1.404228855721393054e-01 5.549957711442786240e+04
1.630075187969924899e-01 -8.216727819548871776e+04
1.808858858858858887e-01 -6.976839339339338767e+04
2.036394557823129059e-01 1.918103219954648375e+04
2.190557939914163088e-01 4.005210836909871432e+04
2.426502732240437277e-01 3.229841038251366263e+04
2.596589259796807103e-01 2.477024281567489379e+04
2.811171662125340753e-01 -1.529044332425067842e+04
3.008784530386739986e-01 -3.458559812154696556e+04
3.206315289648623001e-01 1.066939221272553141e+03
3.399619047619047429e-01 6.187709790476190392e+04
3.619689737470166979e-01 -1.371994224343675342e+04
3.799070887818307152e-01 -4.077855719201651664e+04
4.013341804320203487e-01 3.024377700127064963e+04
4.195595854922279933e-01 2.034406804835924049e+04
4.407771883289124948e-01 -6.682607427055683047e+02
4.600780487804878027e-01 -1.160288946341462906e+04
4.807973648341663520e-01 -2.202531063153112336e+04
5.009150981177412643e-01 -1.086963684421305697e+04
5.204555984555984116e-01 -7.768825482625500172e+02
5.419053527118044000e-01 8.823376178660049845e+03
5.606541598694942952e-01 3.833662055464926198e+03
5.706576338400528581e-01 -1.216103146067415764e+04
