2.166666666666666741e-02 7.408627833333333001e+03
4.454545454545454780e-02 6.829162727272728262e+03
6.211111111111110999e-02 5.758657555555556428e+03
8.302469135802469091e-02 4.085954197530863894e+03
1.001960784313725428e-01 3.313601372549019288e+03
1.238590604026845732e-01 2.536753624161073731e+03
1.404228855721393054e-01 1.934624427860696187e+03
1.630075187969924899e-01 1.672625488721804459e+03
1.808858858858858887e-01 1.450888498498498393e+03
2.036394557823129059e-01 1.049840371882086174e+03
2.190557939914163088e-01 8.841786931330472044e+02
2.426502732240437277e-01 7.138917723132968831e+02
2.596589259796807103e-01 6.829672859216254892e+02
2.811171662125340753e-01 6.842369509536783880e+02
3.008784530386739986e-01 6.356436530386739605e+02
3.206315289648623001e-01 5.629474463437798022e+02
3.399619047619047429e-01 4.714475161904761649e+02
3.619689737470166979e-01 4.316984558472553886e+02
3.799070887818307152e-01 4.212054301445285773e+02
4.013341804320203487e-01 3.739316296060991363e+02
4.195595854922279933e-01 3.373453995394358458e+02
4.407771883289124948e-01 3.311568838196286038e+02
4.600780487804878027e-01 3.112289326829267679e+02
4.807973648341663520e-01 2.677387124034529506e+02
5.009150981177412643e-01 2.441926631958350242e+02
5.204555984555984116e-01 2.381426957528957757e+02
5.419053527118044000e-01 2.230485735554767928e+02
5.606541598694942952e-01 2.009253990212071699e+02
5.706576338400528581e-01 1.915681163251817622e+02
