2.166666666666666741e-02 7.099860233333332872e+03
4.454545454545454780e-02 6.867994545454545914e+03
6.211111111111110999e-02 5.886922888888888338e+03
8.302469135802469091e-02 4.046509382716049004e+03
1.001960784313725428e-01 3.130816274509803407e+03
1.238590604026845732e-01 2.349507382550335478e+03
1.404228855721393054e-01 1.879045771144278660e+03
1.630075187969924899e-01 1.590909473684210752e+03
1.808858858858858887e-01 1.336437477477477387e+03
2.036394557823129059e-01 1.035448780045351441e+03
2.190557939914163088e-01 8.818184678111589392e+02
2.426502732240437277e-01 7.192516320582878961e+02
2.596589259796807103e-01 6.767316371552975625e+02
2.811171662125340753e-01 6.524487901907357355e+02
3.008784530386739986e-01 6.110575712707181992e+02
3.206315289648623001e-01 5.472424283000949572e+02
3.399619047619047429e-01 4.630985323809523493e+02
3.619689737470166979e-01 4.010529403341288344e+02
3.799070887818307152e-01 3.824218045423261856e+02
4.013341804320203487e-01 3.471889332909784116e+02
4.195595854922279933e-01 3.215194029936672564e+02
4.407771883289124948e-01 3.078712164456233609e+02
4.600780487804878027e-01 2.836791307317072892e+02
4.807973648341663520e-01 2.611169700136302367e+02
5.009150981177412643e-01 2.360338329995995252e+02
5.204555984555984116e-01 2.302272768339768447e+02
5.419053527118044000e-01 2.221534087203119725e+02
5.606541598694942952e-01 2.018135800978792815e+02
5.706576338400528581e-01 1.992055935228023600e+02
