2.166666666666666741e-02 4.204917416666666213e+03
4.454545454545454780e-02 4.425492272727273303e+03
6.211111111111110999e-02 3.792224666666666508e+03
8.302469135802469091e-02 2.561695061728395103e+03
1.001960784313725428e-01 2.048924901960784609e+03
1.238590604026845732e-01 1.549144697986577057e+03
1.404228855721393054e-01 1.202867283582089385e+03
1.630075187969924899e-01 1.040084834586466059e+03
1.808858858858858887e-01 8.734296396396396176e+02
2.036394557823129059e-01 6.515528231292518058e+02
2.190557939914163088e-01 5.626587746781116266e+02
2.426502732240437277e-01 4.374247103825136378e+02
2.596589259796807103e-01 4.108108955007256213e+02
2.811171662125340753e-01 4.077052247956402766e+02
3.008784530386739986e-01 3.625408220994475528e+02
3.206315289648623001e-01 3.328955944919277954e+02
3.399619047619047429e-01 2.922310476190476720e+02
3.619689737470166979e-01 2.439917255369928171e+02
3.799070887818307152e-01 2.350303998623537609e+02
4.013341804320203487e-01 2.115468831003811943e+02
4.195595854922279933e-01 1.836135515256188739e+02
4.407771883289124948e-01 1.734135066312997253e+02
4.600780487804878027e-01 1.658393873170731752e+02
4.807973648341663520e-01 1.505026696955929140e+02
5.009150981177412643e-01 1.373123368041649996e+02
5.204555984555984116e-01 1.315358945945945948e+02
5.419053527118044000e-01 1.204796348812477760e+02
5.606541598694942952e-01 1.120206411092985377e+02
5.706576338400528581e-01 1.127496239259748876e+02
