2.166666666666666741e-02 6.065534233333332850e+03
4.454545454545454780e-02 6.155654545454544859e+03
6.211111111111110999e-02 5.372975777777778603e+03
8.302469135802469091e-02 3.672112962962963138e+03
1.001960784313725428e-01 2.857512352941176687e+03
1.238590604026845732e-01 2.172882348993288360e+03
1.404228855721393054e-01 1.716657064676616756e+03
1.630075187969924899e-01 1.471665526315789293e+03
1.808858858858858887e-01 1.231530750750750713e+03
2.036394557823129059e-01 9.442998730158730041e+02
2.190557939914163088e-01 8.131893969957080799e+02
2.426502732240437277e-01 6.558170255009107450e+02
2.596589259796807103e-01 6.247044426705369915e+02
2.811171662125340753e-01 6.022957779291552924e+02
3.008784530386739986e-01 5.552649591160220552e+02
3.206315289648623001e-01 4.981711614434947819e+02
3.399619047619047429e-01 4.228254047619047356e+02
3.619689737470166979e-01 3.725358806682577892e+02
3.799070887818307152e-01 3.655184514796971484e+02
4.013341804320203487e-01 3.309309663278272069e+02
4.195595854922279933e-01 2.881874099021301276e+02
4.407771883289124948e-01 2.701445639257294147e+02
4.600780487804878027e-01 2.564585999999999899e+02
4.807973648341663520e-01 2.283350617900953807e+02
5.009150981177412643e-01 2.127552995594713821e+02
5.204555984555984116e-01 2.093473208494208393e+02
5.419053527118044000e-01 1.993861432116271146e+02
5.606541598694942952e-01 1.856729004893964259e+02
5.706576338400528581e-01 1.795395346992729628e+02
