2.166666666666666741e-02 7.639844333333333452e+03
4.454545454545454780e-02 8.295313181818182784e+03
6.211111111111110999e-02 7.620032222222222117e+03
8.302469135802469091e-02 5.285098641975308965e+03
1.001960784313725428e-01 4.004630490196077972e+03
1.238590604026845732e-01 3.004928053691275181e+03
1.404228855721393054e-01 2.430454925373134301e+03
1.630075187969924899e-01 2.106565375939849673e+03
1.808858858858858887e-01 1.877720810810810917e+03
2.036394557823129059e-01 1.467785941043083767e+03
2.190557939914163088e-01 1.254547188841201660e+03
2.426502732240437277e-01 1.008439114754098455e+03
2.596589259796807103e-01 9.156500928882437620e+02
2.811171662125340753e-01 8.970843596730244371e+02
3.008784530386739986e-01 8.486108486187845301e+02
3.206315289648623001e-01 7.795984007597339769e+02
3.399619047619047429e-01 6.621840561904760989e+02
3.619689737470166979e-01 5.649704081145583814e+02
3.799070887818307152e-01 5.521020509291122380e+02
4.013341804320203487e-01 4.955937674714104446e+02
4.195595854922279933e-01 4.352690005757052063e+02
4.407771883289124948e-01 4.064605167108753676e+02
4.600780487804878027e-01 3.848830512195121969e+02
4.807973648341663520e-01 3.781413980009086799e+02
5.009150981177412643e-01 3.723792703243892674e+02
5.204555984555984116e-01 3.549696416988417127e+02
5.419053527118044000e-01 3.279781800779865080e+02
5.606541598694942952e-01 3.075328110929852983e+02
5.706576338400528581e-01 3.021769319233310966e+02
