2.166666666666666741e-02 8.849455633333332662e+04
4.454545454545454780e-02 3.202415227272727134e+04
6.211111111111110999e-02 1.074730999999999949e+04
8.302469135802469091e-02 7.405549629629629635e+03
1.001960784313725428e-01 5.698782843137255441e+03
1.238590604026845732e-01 4.728860469798657505e+03
1.404228855721393054e-01 3.849163034825870909e+03
1.630075187969924899e-01 3.080362969924812205e+03
1.808858858858858887e-01 2.539598018018018138e+03
2.036394557823129059e-01 2.185779999999999745e+03
2.190557939914163088e-01 1.856644356223175919e+03
2.426502732240437277e-01 1.477022750455373398e+03
2.596589259796807103e-01 1.401200667634252568e+03
2.811171662125340753e-01 1.257561934604904536e+03
3.008784530386739986e-01 1.168300861878453134e+03
3.206315289648623001e-01 1.126094814814814754e+03
3.399619047619047429e-01 1.008965039999999931e+03
3.619689737470166979e-01 9.184615083532219160e+02
3.799070887818307152e-01 8.217414150034410341e+02
4.013341804320203487e-01 6.950430679796695586e+02
4.195595854922279933e-01 6.358241801957398138e+02
4.407771883289124948e-01 6.300108509283820695e+02
4.600780487804878027e-01 6.450301546341463563e+02
4.807973648341663520e-01 5.703426310767832774e+02
5.009150981177412643e-01 5.047066888265919715e+02
5.204555984555984116e-01 5.069094428571428352e+02
5.419053527118044000e-01 4.693213622828784537e+02
5.606541598694942952e-01 4.380536127243067313e+02
5.706576338400528581e-01 4.564838063450099526e+02
