2.166666666666666741e-02 2.234776716666666834e+04
4.454545454545454780e-02 1.196990318181818111e+04
6.211111111111110999e-02 7.851154444444443470e+03
8.302469135802469091e-02 5.439891481481481605e+03
1.001960784313725428e-01 3.675735882352941189e+03
1.238590604026845732e-01 2.966599261744966498e+03
1.404228855721393054e-01 2.478511641791044440e+03
1.630075187969924899e-01 2.110730676691729059e+03
1.808858858858858887e-01 1.745544264264264257e+03
2.036394557823129059e-01 1.350253378684807331e+03
2.190557939914163088e-01 1.221705107296137612e+03
2.426502732240437277e-01 9.721986958105646863e+02
2.596589259796807103e-01 9.634896139332366829e+02
2.811171662125340753e-01 9.257278882833787748e+02
3.008784530386739986e-01 7.993186497237569483e+02
3.206315289648623001e-01 7.444861196581197191e+02
3.399619047619047429e-01 6.425182800000000043e+02
3.619689737470166979e-01 5.894737517899761770e+02
3.799070887818307152e-01 5.638083234686855576e+02
4.013341804320203487e-01 5.010860775095299005e+02
4.195595854922279933e-01 4.671609579735175544e+02
4.407771883289124948e-01 4.583368190981432235e+02
4.600780487804878027e-01 4.310048463414634625e+02
4.807973648341663520e-01 3.752861004089050425e+02
5.009150981177412643e-01 3.539469703644373340e+02
5.204555984555984116e-01 3.328449857142856558e+02
5.419053527118044000e-01 3.071203133640552778e+02
5.606541598694942952e-01 2.899493337683523464e+02
5.706576338400528581e-01 2.859285816259088051e+02
