2.166666666666666741e-02 5.702738616666666530e+03
4.454545454545454780e-02 6.746875454545454886e+03
6.211111111111110999e-02 6.105472666666667465e+03
8.302469135802469091e-02 4.270171604938272139e+03
1.001960784313725428e-01 3.279324313725490356e+03
1.238590604026845732e-01 2.438951543624161332e+03
1.404228855721393054e-01 1.968966666666666697e+03
1.630075187969924899e-01 1.716222556390977388e+03
1.808858858858858887e-01 1.472104564564564498e+03
2.036394557823129059e-01 1.099124317460317570e+03
2.190557939914163088e-01 9.149094313304722164e+02
2.426502732240437277e-01 7.527510072859744241e+02
2.596589259796807103e-01 6.976783309143686438e+02
2.811171662125340753e-01 6.870122043596729782e+02
3.008784530386739986e-01 6.650070232044197382e+02
3.206315289648623001e-01 5.886805830959165178e+02
3.399619047619047429e-01 4.970582476190476200e+02
3.619689737470166979e-01 4.379897040572791980e+02
3.799070887818307152e-01 4.277762126634549418e+02
4.013341804320203487e-01 3.850872064803049852e+02
4.195595854922279933e-01 3.444827461139896627e+02
4.407771883289124948e-01 3.281707427055703192e+02
4.600780487804878027e-01 3.079489326829267952e+02
4.807973648341663520e-01 2.849530804179918277e+02
5.009150981177412643e-01 2.657109615538645926e+02
5.204555984555984116e-01 2.590415150579150350e+02
5.419053527118044000e-01 2.405857259836937203e+02
5.606541598694942952e-01 2.180902636215334098e+02
5.706576338400528581e-01 2.144599986781229291e+02
