2.166666666666666741e-02 5.503247349999998733e+03
4.454545454545454780e-02 5.946212727272726625e+03
6.211111111111110999e-02 5.301005333333333510e+03
8.302469135802469091e-02 3.613852098765431492e+03
1.001960784313725428e-01 2.770352058823529205e+03
1.238590604026845732e-01 2.140252416107382487e+03
1.404228855721393054e-01 1.661807810945273559e+03
1.630075187969924899e-01 1.389552293233082764e+03
1.808858858858858887e-01 1.206437957957958133e+03
2.036394557823129059e-01 9.226488707482993732e+02
2.190557939914163088e-01 7.660068755364806066e+02
2.426502732240437277e-01 6.109147759562841884e+02
2.596589259796807103e-01 5.847483584905659200e+02
2.811171662125340753e-01 5.597355558583105903e+02
3.008784530386739986e-01 5.133862795580110969e+02
3.206315289648623001e-01 4.644097549857549438e+02
3.399619047619047429e-01 3.990869371428571526e+02
3.619689737470166979e-01 3.529215274463007290e+02
3.799070887818307152e-01 3.335114535443909176e+02
4.013341804320203487e-01 2.957691238881830031e+02
4.195595854922279933e-01 2.692291139896373693e+02
4.407771883289124948e-01 2.573980732095490680e+02
4.600780487804878027e-01 2.434037292682926648e+02
4.807973648341663520e-01 2.188569509313948060e+02
5.009150981177412643e-01 2.054569343211854004e+02
5.204555984555984116e-01 2.017580320463320334e+02
5.419053527118044000e-01 1.845787614321162664e+02
5.606541598694942952e-01 1.673513722675367035e+02
5.706576338400528581e-01 1.634827706543291583e+02
