7.099999999999999645e+00 1.025590474560954313e+00 3.400635310889120379e-03
7.299999999999999822e+00 1.069448653834235596e+00 3.727134733989451686e-03
7.500000000000000000e+00 1.113011842976715293e+00 4.157666166968549196e-03
7.700000000000000178e+00 1.140708393467120274e+00 4.566173788230879632e-03
7.900000000000000355e+00 1.170612952958470565e+00 5.006439259795011573e-03
8.099999999999999645e+00 1.208144979819758769e+00 5.570456878361356411e-03
8.300000000000000711e+00 1.213002441592744285e+00 6.252848397428565838e-03
8.500000000000001776e+00 1.232720669969102012e+00 7.236437073513407245e-03
8.700000000000001066e+00 1.284840570632996837e+00 8.777006022479740682e-03
8.900000000000000355e+00 1.305813127662292628e+00 1.058766251394217123e-02
9.100000000000001421e+00 1.338145172207842126e+00 1.221573431399600521e-02
9.300000000000002487e+00 1.391509613852393912e+00 1.368512429038333533e-02
9.500000000000001776e+00 1.389632922857218178e+00 1.566935030370361290e-02
9.700000000000001066e+00 1.401908658333222091e+00 1.755658594936998149e-02
9.900000000000002132e+00 1.409980293409233143e+00 1.960382801953078000e-02
1.010000000000000320e+01 1.372035118574753687e+00 2.511002004176615329e-02
1.030000000000000249e+01 1.404709261431648093e+00 3.968604102725528660e-02
1.050000000000000178e+01 1.891354442039349326e+00 1.094287831799007904e-01
1.070000000000000284e+01 3.116636535541092989e+00 1.012939058229759048e+00
1.090000000000000391e+01 7.419712764789170301e+00 4.630832243575969898e+00
