2.166666666666666741e-02 6.730159999999999854e+03
4.454545454545454780e-02 6.742710909090909809e+03
6.211111111111110999e-02 7.500753111111111139e+03
8.302469135802469091e-02 5.050515432098765814e+03
1.001960784313725428e-01 3.527702450980391859e+03
1.238590604026845732e-01 2.879282550335570249e+03
1.404228855721393054e-01 2.238609452736318417e+03
1.630075187969924899e-01 1.853969812030074991e+03
1.808858858858858887e-01 1.545461951951951960e+03
2.036394557823129059e-01 1.292699841269841045e+03
2.190557939914163088e-01 1.150231995708154500e+03
2.426502732240437277e-01 9.055941857923496627e+02
2.596589259796807103e-01 8.461033062409288732e+02
2.811171662125340753e-01 7.677612193460490744e+02
3.008784530386739986e-01 6.892953425414365256e+02
3.206315289648623001e-01 6.594383086419753681e+02
3.399619047619047429e-01 6.006916580952381537e+02
3.619689737470166979e-01 4.912260763723151058e+02
3.799070887818307152e-01 4.800608616655196101e+02
4.013341804320203487e-01 4.452900082592121862e+02
4.195595854922279933e-01 3.764783425446171918e+02
4.407771883289124948e-01 3.771139602122015617e+02
4.600780487804878027e-01 3.699552419512195343e+02
4.807973648341663520e-01 3.210631399363925311e+02
5.009150981177412643e-01 2.959467288746496365e+02
5.204555984555984116e-01 2.925385347490347385e+02
5.419053527118044000e-01 2.713202718894009422e+02
5.606541598694942952e-01 2.406137086460032606e+02
5.706576338400528581e-01 2.282808783873099969e+02
