2.166666666666666741e-02 6.368252916666665442e+03
4.454545454545454780e-02 6.877474090909090592e+03
6.211111111111110999e-02 6.124691555555555169e+03
8.302469135802469091e-02 4.182130987654320961e+03
1.001960784313725428e-01 3.141500588235294799e+03
1.238590604026845732e-01 2.424821812080536802e+03
1.404228855721393054e-01 1.955882089552238767e+03
1.630075187969924899e-01 1.626792631578947521e+03
1.808858858858858887e-01 1.370935075075075019e+03
2.036394557823129059e-01 1.074353723356008913e+03
2.190557939914163088e-01 9.161073283261802089e+02
2.426502732240437277e-01 7.235864171220400749e+02
2.596589259796807103e-01 7.077971204644412637e+02
2.811171662125340753e-01 6.947315354223431996e+02
3.008784530386739986e-01 6.373430486187845645e+02
3.206315289648623001e-01 5.736953808167141915e+02
3.399619047619047429e-01 4.827308876190476212e+02
3.619689737470166979e-01 4.113812696897374508e+02
3.799070887818307152e-01 3.860391865106675482e+02
4.013341804320203487e-01 3.471085660736975456e+02
4.195595854922279933e-01 3.156351070811744535e+02
4.407771883289124948e-01 3.051160843501326099e+02
4.600780487804878027e-01 2.931826253658536530e+02
4.807973648341663520e-01 2.665306074511585734e+02
5.009150981177412643e-01 2.412316235482578861e+02
5.204555984555984116e-01 2.373653081081081382e+02
5.419053527118044000e-01 2.298197376816731605e+02
5.606541598694942952e-01 2.066051738988580837e+02
5.706576338400528581e-01 1.978261744877726187e+02
