2.166666666666666741e-02 5.676715349999999489e+03
4.454545454545454780e-02 6.326438636363635851e+03
6.211111111111110999e-02 5.674811111111111131e+03
8.302469135802469091e-02 3.913313086419752835e+03
1.001960784313725428e-01 3.028444019607843074e+03
1.238590604026845732e-01 2.334643288590603788e+03
1.404228855721393054e-01 1.868817114427860588e+03
1.630075187969924899e-01 1.553361015037594143e+03
1.808858858858858887e-01 1.303210420420420405e+03
2.036394557823129059e-01 1.050531990929705216e+03
2.190557939914163088e-01 9.169729442060086058e+02
2.426502732240437277e-01 7.185353952641165733e+02
2.596589259796807103e-01 6.674337010159651982e+02
2.811171662125340753e-01 6.292998637602180452e+02
3.008784530386739986e-01 5.895881237569060431e+02
3.206315289648623001e-01 5.341158471035137154e+02
3.399619047619047429e-01 4.516072295238095649e+02
3.619689737470166979e-01 3.998799236276850024e+02
3.799070887818307152e-01 3.813056992429455931e+02
4.013341804320203487e-01 3.468288189326556221e+02
4.195595854922279933e-01 3.125862590673575596e+02
4.407771883289124948e-01 2.916884949602122106e+02
4.600780487804878027e-01 2.809734014634146320e+02
4.807973648341663520e-01 2.596749513857337206e+02
5.009150981177412643e-01 2.360716519823788246e+02
5.204555984555984116e-01 2.276093324324324101e+02
5.419053527118044000e-01 2.178524367245657629e+02
5.606541598694942952e-01 2.022427406199021220e+02
5.706576338400528581e-01 1.974009015201586408e+02
