2.166666666666666741e-02 5.384683166666666693e+03
4.454545454545454780e-02 6.790674090909091319e+03
6.211111111111110999e-02 7.318596888888888316e+03
8.302469135802469091e-02 5.083727901234567980e+03
1.001960784313725428e-01 3.794755098039215682e+03
1.238590604026845732e-01 3.021416778523490393e+03
1.404228855721393054e-01 2.365996616915423147e+03
1.630075187969924899e-01 2.021172556390977434e+03
1.808858858858858887e-01 1.769761861861861689e+03
2.036394557823129059e-01 1.361785600907029448e+03
2.190557939914163088e-01 1.135103379828326069e+03
2.426502732240437277e-01 8.854704353369762657e+02
2.596589259796807103e-01 8.478880609579099428e+02
2.811171662125340753e-01 8.699828950953676667e+02
3.008784530386739986e-01 8.003302044198895828e+02
3.206315289648623001e-01 7.096474093067427020e+02
3.399619047619047429e-01 6.154831904761904298e+02
3.619689737470166979e-01 5.294106825775655807e+02
3.799070887818307152e-01 5.201884542326221208e+02
4.013341804320203487e-01 4.606875635324014979e+02
4.195595854922279933e-01 4.010511439263097486e+02
4.407771883289124948e-01 4.031020647214854193e+02
4.600780487804878027e-01 3.773703092682926581e+02
4.807973648341663520e-01 3.487425651976374184e+02
5.009150981177412643e-01 3.368114849819783672e+02
5.204555984555984116e-01 3.315464671814672215e+02
5.419053527118044000e-01 3.093841814959234284e+02
5.606541598694942952e-01 2.707310287112561014e+02
5.706576338400528581e-01 2.581881209517515003e+02
