2.166666666666666741e-02 5.803755299999999806e+03
4.454545454545454780e-02 5.619621363636363640e+03
6.211111111111110999e-02 4.947254666666666708e+03
8.302469135802469091e-02 3.379463703703703686e+03
1.001960784313725428e-01 2.646358823529411438e+03
1.238590604026845732e-01 2.018999463087248614e+03
1.404228855721393054e-01 1.552554776119402959e+03
1.630075187969924899e-01 1.335508157894736769e+03
1.808858858858858887e-01 1.136018378378378429e+03
2.036394557823129059e-01 8.715642562358276564e+02
2.190557939914163088e-01 7.539123690987125883e+02
2.426502732240437277e-01 5.926540965391621967e+02
2.596589259796807103e-01 5.476419274310594574e+02
2.811171662125340753e-01 5.339803514986375603e+02
3.008784530386739986e-01 5.017905966850828463e+02
3.206315289648623001e-01 4.587510864197530509e+02
3.399619047619047429e-01 3.935885895238095031e+02
3.619689737470166979e-01 3.324930954653937647e+02
3.799070887818307152e-01 3.203274012388162646e+02
4.013341804320203487e-01 2.868563576874205978e+02
4.195595854922279933e-01 2.496525164075993075e+02
4.407771883289124948e-01 2.421975029177718568e+02
4.600780487804878027e-01 2.347736102439024251e+02
4.807973648341663520e-01 2.098894120854157279e+02
5.009150981177412643e-01 1.885610696836203601e+02
5.204555984555984116e-01 1.845005065637065798e+02
5.419053527118044000e-01 1.732506760014179292e+02
5.606541598694942952e-01 1.588474880913539948e+02
5.706576338400528581e-01 1.567148202247190909e+02
