2.166666666666666741e-02 4.653355166666667174e+03
4.454545454545454780e-02 6.283883636363636469e+03
6.211111111111110999e-02 6.484709333333333234e+03
8.302469135802469091e-02 4.708147160493826959e+03
1.001960784313725428e-01 3.610864803921568637e+03
1.238590604026845732e-01 2.703896979865771755e+03
1.404228855721393054e-01 2.123170696517413035e+03
1.630075187969924899e-01 1.829004812030074845e+03
1.808858858858858887e-01 1.659393423423423428e+03
2.036394557823129059e-01 1.306551360544217459e+03
2.190557939914163088e-01 1.089953373390557999e+03
2.426502732240437277e-01 9.029872896174863399e+02
2.596589259796807103e-01 8.457430159651668191e+02
2.811171662125340753e-01 7.644999904632152266e+02
3.008784530386739986e-01 6.993529801104971284e+02
3.206315289648623001e-01 6.580729857549857797e+02
3.399619047619047429e-01 5.697837742857142302e+02
3.619689737470166979e-01 5.164828233890215188e+02
3.799070887818307152e-01 4.860770474879560084e+02
4.013341804320203487e-01 4.230786664548920157e+02
4.195595854922279933e-01 3.714302423719055923e+02
4.407771883289124948e-01 3.664788419098143777e+02
4.600780487804878027e-01 3.579925775609755192e+02
4.807973648341663520e-01 3.161597850976828568e+02
5.009150981177412643e-01 2.887830716860232201e+02
5.204555984555984116e-01 2.837741177606177416e+02
5.419053527118044000e-01 2.777745703651187341e+02
5.606541598694942952e-01 2.561857119086459988e+02
5.706576338400528581e-01 2.496021064111037902e+02
