2.166666666666666741e-02 1.003369799999999959e+05
4.454545454545454780e-02 3.346149818181818409e+04
6.211111111111110999e-02 6.884569777777777745e+03
8.302469135802469091e-02 4.815528148148147920e+03
1.001960784313725428e-01 3.760761568627450742e+03
1.238590604026845732e-01 2.744453020134228154e+03
1.404228855721393054e-01 2.161484029850746538e+03
1.630075187969924899e-01 1.986343909774436042e+03
1.808858858858858887e-01 1.758890540540540769e+03
2.036394557823129059e-01 1.495989365079365143e+03
2.190557939914163088e-01 1.327008927038626780e+03
2.426502732240437277e-01 9.522437340619306951e+02
2.596589259796807103e-01 8.919081422351233641e+02
2.811171662125340753e-01 8.246907084468664380e+02
3.008784530386739986e-01 7.738794055248617951e+02
3.206315289648623001e-01 7.732720465337131373e+02
3.399619047619047429e-01 6.610983723809523553e+02
3.619689737470166979e-01 5.255350692124104626e+02
3.799070887818307152e-01 4.764906799724707298e+02
4.013341804320203487e-01 3.750964498094027704e+02
4.195595854922279933e-01 3.471849591249280138e+02
4.407771883289124948e-01 3.721207623342174884e+02
4.600780487804878027e-01 3.235227131707316630e+02
4.807973648341663520e-01 2.956895797364833811e+02
5.009150981177412643e-01 2.804757673207848825e+02
5.204555984555984116e-01 3.083432671814671266e+02
5.419053527118044000e-01 3.400980202056008466e+02
5.606541598694942952e-01 3.307536342577487289e+02
5.706576338400528581e-01 3.428172828816919946e+02
