9.100000000000001421e+00 1.353530458159059924e+00 6.460146982598092835e-01 3.036875067487312257e-02 3.036875067487312257e-02
9.300000000000002487e+00 1.379986593923210769e+00 6.541143100509878572e-01 2.501997624446604049e-02 2.501997624446604049e-02
9.500000000000001776e+00 1.414696453335620552e+00 6.908676407684873899e-01 2.105604146420473125e-02 2.105604146420473125e-02
9.700000000000001066e+00 1.429645644896820222e+00 6.764140087020105163e-01 1.657704351581902602e-02 1.657704351581902602e-02
9.900000000000002132e+00 1.460619318640703046e+00 6.865824107005252808e-01 1.253752294568621049e-02 1.253752294568621049e-02
1.010000000000000320e+01 1.512705223031142854e+00 7.109067348254758389e-01 9.963286902062412631e-03 9.963286902062412631e-03
1.030000000000000249e+01 1.555849436410060349e+00 7.085860891880587653e-01 8.659432026778966091e-03 8.659432026778966091e-03
1.050000000000000178e+01 1.630933050041404320e+00 7.450425701114548049e-01 7.626606198034769322e-03 7.626606198034769322e-03
1.070000000000000284e+01 1.717221007603279670e+00 7.381538887033083363e-01 6.746571644530827833e-03 6.746571644530827833e-03
1.090000000000000391e+01 1.915659919529354882e+00 7.214134297931601436e-01 3.156786524133462727e-03 3.156786524133462727e-03
1.110000000000000320e+01 2.347487915676877090e+00 8.273805421463309440e-01 1.000431918799265813e-03 1.000431918799265813e-03
1.130000000000000249e+01 3.134658448287490629e+00 1.094830652233131696e+00 2.445740200842241668e-04 2.445740200842241668e-04
1.150000000000000355e+01 4.526792589606714934e+00 1.312608580214375653e+00 4.697116942014901319e-05 4.697116942014901319e-05
1.170000000000000462e+01 6.375253067926891504e+00 1.713257794347200713e+00 7.558578987150415312e-06 7.558578987150415312e-06
