9.100000000000001421e+00 1.323289925455505056e+00 8.635465396425777776e-03
9.300000000000002487e+00 1.367964916076677362e+00 9.546412154314669329e-03
9.500000000000001776e+00 1.425657368250148993e+00 1.042929753888267343e-02
9.700000000000001066e+00 1.408958923664596963e+00 1.184795672505077960e-02
9.900000000000002132e+00 1.418263730656313504e+00 1.376719475165977605e-02
1.010000000000000320e+01 1.523794065438746070e+00 1.552024742159552502e-02
1.030000000000000249e+01 1.525566139699572776e+00 1.676204086826877174e-02
1.050000000000000178e+01 1.567833008947450812e+00 1.792054915226905590e-02
1.070000000000000284e+01 1.704090327890100509e+00 1.900418385531285614e-02
1.090000000000000391e+01 1.867285410440750359e+00 2.893962706449494313e-02
1.110000000000000320e+01 2.335924059050032309e+00 5.575888819009910957e-02
1.130000000000000249e+01 3.130659890800946865e+00 1.312318096470344031e-01
1.150000000000000355e+01 4.369504218571796272e+00 4.268910476348217187e-01
1.170000000000000462e+01 1.027078045824206498e+01 1.307431816141091829e+00
