2.166666666666666741e-02 3.642570966666666664e+03
4.454545454545454780e-02 3.851118181818182165e+03
6.211111111111110999e-02 3.272391777777777861e+03
8.302469135802469091e-02 2.225101604938271521e+03
1.001960784313725428e-01 1.864220098039215827e+03
1.238590604026845732e-01 1.429066442953020214e+03
1.404228855721393054e-01 1.066700815920398099e+03
1.630075187969924899e-01 9.297921804511278197e+02
1.808858858858858887e-01 8.010030390390389812e+02
2.036394557823129059e-01 6.075886984126984771e+02
2.190557939914163088e-01 5.163486201716738151e+02
2.426502732240437277e-01 3.947594990892532110e+02
2.596589259796807103e-01 3.679569593613933307e+02
2.811171662125340753e-01 3.615885871934604552e+02
3.008784530386739986e-01 3.285530099447513521e+02
3.206315289648623001e-01 2.977286144349477581e+02
3.399619047619047429e-01 2.624070761904761753e+02
3.619689737470166979e-01 2.192743412887827787e+02
3.799070887818307152e-01 2.097035526496902946e+02
4.013341804320203487e-01 1.909499618805590728e+02
4.195595854922279933e-01 1.627151790443293180e+02
4.407771883289124948e-01 1.534612424403183013e+02
4.600780487804878027e-01 1.474515292682926884e+02
4.807973648341663520e-01 1.308024520672421431e+02
5.009150981177412643e-01 1.195766824189026920e+02
5.204555984555984116e-01 1.164842579150578956e+02
5.419053527118044000e-01 1.062715451258418966e+02
5.606541598694942952e-01 9.618511836867861575e+01
5.706576338400528581e-01 9.466619101123595215e+01
