2.166666666666666741e-02 6.110205100000000130e+03
4.454545454545454780e-02 6.503539545454545078e+03
6.211111111111110999e-02 5.876125555555556275e+03
8.302469135802469091e-02 3.926371358024691745e+03
1.001960784313725428e-01 2.901879607843136910e+03
1.238590604026845732e-01 2.325199999999999818e+03
1.404228855721393054e-01 1.920009701492537260e+03
1.630075187969924899e-01 1.586289736842105185e+03
1.808858858858858887e-01 1.317878678678678625e+03
2.036394557823129059e-01 1.060018507936508058e+03
2.190557939914163088e-01 9.113322274678110944e+02
2.426502732240437277e-01 6.855506156648451679e+02
2.596589259796807103e-01 6.530853584905661364e+02
2.811171662125340753e-01 6.515224986376020979e+02
3.008784530386739986e-01 6.027015182320441227e+02
3.206315289648623001e-01 5.356782953466287154e+02
3.399619047619047429e-01 4.588511819047618587e+02
3.619689737470166979e-01 4.041334988066825531e+02
3.799070887818307152e-01 3.792014033035099487e+02
4.013341804320203487e-01 3.420814517153748398e+02
4.195595854922279933e-01 3.086979101899827356e+02
4.407771883289124948e-01 2.913689188328912678e+02
4.600780487804878027e-01 2.775253639024390395e+02
4.807973648341663520e-01 2.484667860063607350e+02
5.009150981177412643e-01 2.258277709251100873e+02
5.204555984555984116e-01 2.259977567567567291e+02
5.419053527118044000e-01 2.173930088621056598e+02
5.606541598694942952e-01 1.937006828711256219e+02
5.706576338400528581e-01 1.851398816920026320e+02
