2.166666666666666741e-02 5.798496666666666897e+03
4.454545454545454780e-02 6.313124545454545114e+03
6.211111111111110999e-02 6.111840000000000146e+03
8.302469135802469091e-02 4.656189506172839174e+03
1.001960784313725428e-01 3.732696078431372371e+03
1.238590604026845732e-01 2.786854832214764883e+03
1.404228855721393054e-01 2.191196368159204212e+03
1.630075187969924899e-01 1.861905375939849591e+03
1.808858858858858887e-01 1.602615735735735825e+03
2.036394557823129059e-01 1.228041519274376242e+03
2.190557939914163088e-01 1.010324843347639444e+03
2.426502732240437277e-01 8.295723406193078517e+02
2.596589259796807103e-01 7.797297924528302246e+02
2.811171662125340753e-01 7.305974591280652248e+02
3.008784530386739986e-01 6.753135646408838966e+02
3.206315289648623001e-01 6.254846809116808117e+02
3.399619047619047429e-01 5.492988142857143430e+02
3.619689737470166979e-01 4.745703436754176892e+02
3.799070887818307152e-01 4.479954542326221940e+02
4.013341804320203487e-01 4.063831944091487003e+02
4.195595854922279933e-01 3.755635215889465144e+02
4.407771883289124948e-01 3.520439623342174968e+02
4.600780487804878027e-01 3.341851795121951341e+02
4.807973648341663520e-01 3.024229900045434078e+02
5.009150981177412643e-01 2.737565955146175725e+02
5.204555984555984116e-01 2.684600208494208573e+02
5.419053527118044000e-01 2.493369978730946457e+02
5.606541598694942952e-01 2.287719778140293556e+02
5.706576338400528581e-01 2.275499933906146737e+02
