#          k/h    CDM            baryon         photon         nu             mass_nu        total          no_nu          total_de       Weyl           v_CDM          v_b            v_b-v_c     
   0.740631E-04   0.198539E+08   0.198539E+08   0.257696E+08   0.257685E+08   0.000000E+00   0.198539E+08   0.198539E+08   0.198615E+08  -0.471804E+00   0.104120E+08   0.104120E+08   0.415589E-01
   0.103363E-03   0.198527E+08   0.198527E+08   0.251180E+08   0.251161E+08   0.000000E+00   0.198527E+08   0.198527E+08   0.198601E+08  -0.471766E+00   0.104114E+08   0.104114E+08   0.579308E-01
   0.144255E-03   0.198502E+08   0.198502E+08   0.238920E+08   0.238885E+08   0.000000E+00   0.198502E+08   0.198502E+08   0.198572E+08  -0.471691E+00   0.104100E+08   0.104100E+08   0.806609E-01
   0.201324E-03   0.198454E+08   0.198454E+08   0.216601E+08   0.216540E+08   0.000000E+00   0.198454E+08   0.198454E+08   0.198517E+08  -0.471547E+00   0.104075E+08   0.104075E+08   0.112072E+00
   0.280971E-03   0.198362E+08   0.198362E+08   0.178538E+08   0.178448E+08   0.000000E+00   0.198362E+08   0.198362E+08   0.198414E+08  -0.471278E+00   0.104026E+08   0.104026E+08   0.155109E+00
   0.392126E-03   0.198188E+08   0.198188E+08   0.121619E+08   0.121522E+08   0.000000E+00   0.198188E+08   0.198188E+08   0.198224E+08  -0.470784E+00   0.103933E+08   0.103933E+08   0.213229E+00
   0.547256E-03   0.197869E+08   0.197869E+08   0.568251E+07   0.567903E+07   0.000000E+00   0.197869E+08   0.197869E+08   0.197886E+08  -0.469918E+00   0.103763E+08   0.103763E+08   0.290120E+00
   0.763758E-03   0.197303E+08   0.197302E+08   0.166004E+07   0.166449E+07   0.000000E+00   0.197303E+08   0.197303E+08   0.197308E+08  -0.468478E+00   0.103462E+08   0.103462E+08   0.389690E+00
   0.106591E-02   0.196346E+08   0.196345E+08   0.930498E+06   0.926519E+06   0.000000E+00   0.196346E+08   0.196346E+08   0.196349E+08  -0.466163E+00   0.102955E+08   0.102955E+08   0.517605E+00
   0.148760E-02   0.194794E+08   0.194791E+08   0.226114E+06   0.217706E+06   0.000000E+00   0.194793E+08   0.194793E+08   0.194794E+08  -0.462457E+00   0.102137E+08   0.102137E+08   0.682351E+00
   0.207611E-02   0.192356E+08   0.192351E+08  -0.111650E+06  -0.111692E+06   0.000000E+00   0.192356E+08   0.192356E+08   0.192355E+08  -0.456658E+00   0.100858E+08   0.100858E+08   0.894005E+00
   0.289744E-02   0.188652E+08   0.188643E+08  -0.562091E+05  -0.562302E+05   0.000000E+00   0.188650E+08   0.188650E+08   0.188650E+08  -0.447859E+00   0.989137E+07   0.989136E+07   0.116505E+01
   0.404371E-02   0.183216E+08   0.183198E+08  -0.280243E+05  -0.280349E+05   0.000000E+00   0.183213E+08   0.183213E+08   0.183213E+08  -0.434949E+00   0.960622E+07   0.960620E+07   0.151012E+01
   0.418077E-02   0.182557E+08   0.182538E+08  -0.261225E+05  -0.261324E+05   0.000000E+00   0.182554E+08   0.182554E+08   0.182554E+08  -0.433385E+00   0.957167E+07   0.957165E+07   0.154931E+01
   0.432248E-02   0.181876E+08   0.181855E+08  -0.243464E+05  -0.243556E+05   0.000000E+00   0.181872E+08   0.181872E+08   0.181872E+08  -0.431766E+00   0.953591E+07   0.953589E+07   0.158941E+01
   0.446899E-02   0.181170E+08   0.181149E+08  -0.226877E+05  -0.226963E+05   0.000000E+00   0.181167E+08   0.181167E+08   0.181167E+08  -0.430091E+00   0.949892E+07   0.949889E+07   0.163043E+01
   0.462047E-02   0.180441E+08   0.180418E+08  -0.211389E+05  -0.211469E+05   0.000000E+00   0.180437E+08   0.180437E+08   0.180437E+08  -0.428358E+00   0.946065E+07   0.946063E+07   0.167240E+01
   0.477708E-02   0.179687E+08   0.179662E+08  -0.196929E+05  -0.197003E+05   0.000000E+00   0.179683E+08   0.179683E+08   0.179683E+08  -0.426567E+00   0.942110E+07   0.942107E+07   0.171533E+01
   0.493900E-02   0.178907E+08   0.178881E+08  -0.183428E+05  -0.183497E+05   0.000000E+00   0.178903E+08   0.178903E+08   0.178903E+08  -0.424716E+00   0.938021E+07   0.938019E+07   0.175922E+01
   0.510640E-02   0.178102E+08   0.178074E+08  -0.170825E+05  -0.170889E+05   0.000000E+00   0.178098E+08   0.178098E+08   0.178098E+08  -0.422804E+00   0.933798E+07   0.933795E+07   0.180409E+01
   0.527949E-02   0.177270E+08   0.177241E+08  -0.159061E+05  -0.159121E+05   0.000000E+00   0.177266E+08   0.177266E+08   0.177266E+08  -0.420829E+00   0.929436E+07   0.929433E+07   0.184994E+01
   0.545844E-02   0.176412E+08   0.176380E+08  -0.148081E+05  -0.148137E+05   0.000000E+00   0.176407E+08   0.176407E+08   0.176407E+08  -0.418790E+00   0.924933E+07   0.924930E+07   0.189680E+01
   0.564345E-02   0.175526E+08   0.175492E+08  -0.137834E+05  -0.137886E+05   0.000000E+00   0.175521E+08   0.175521E+08   0.175521E+08  -0.416686E+00   0.920286E+07   0.920283E+07   0.194466E+01
   0.583473E-02   0.174612E+08   0.174576E+08  -0.128273E+05  -0.128321E+05   0.000000E+00   0.174607E+08   0.174607E+08   0.174607E+08  -0.414516E+00   0.915493E+07   0.915489E+07   0.199354E+01
   0.603250E-02   0.173670E+08   0.173631E+08  -0.119352E+05  -0.119397E+05   0.000000E+00   0.173664E+08   0.173664E+08   0.173664E+08  -0.412278E+00   0.910549E+07   0.910546E+07   0.204343E+01
   0.623698E-02   0.172698E+08   0.172658E+08  -0.111030E+05  -0.111071E+05   0.000000E+00   0.172692E+08   0.172692E+08   0.172692E+08  -0.409971E+00   0.905454E+07   0.905450E+07   0.209434E+01
   0.644838E-02   0.171697E+08   0.171654E+08  -0.103266E+05  -0.103305E+05   0.000000E+00   0.171690E+08   0.171690E+08   0.171690E+08  -0.407593E+00   0.900202E+07   0.900198E+07   0.214626E+01
   0.666695E-02   0.170666E+08   0.170620E+08  -0.960256E+04  -0.960618E+04   0.000000E+00   0.170659E+08   0.170659E+08   0.170659E+08  -0.405144E+00   0.894793E+07   0.894788E+07   0.219920E+01
   0.689293E-02   0.169604E+08   0.169555E+08  -0.892732E+04  -0.893068E+04   0.000000E+00   0.169596E+08   0.169596E+08   0.169596E+08  -0.402621E+00   0.889222E+07   0.889217E+07   0.225314E+01
   0.712656E-02   0.168511E+08   0.168458E+08  -0.829770E+04  -0.830082E+04   0.000000E+00   0.168503E+08   0.168503E+08   0.168503E+08  -0.400025E+00   0.883487E+07   0.883482E+07   0.230808E+01
   0.736812E-02   0.167386E+08   0.167330E+08  -0.771069E+04  -0.771359E+04   0.000000E+00   0.167377E+08   0.167377E+08   0.167377E+08  -0.397353E+00   0.877586E+07   0.877581E+07   0.236400E+01
   0.761786E-02   0.166229E+08   0.166169E+08  -0.716349E+04  -0.716619E+04   0.000000E+00   0.166219E+08   0.166219E+08   0.166219E+08  -0.394604E+00   0.871515E+07   0.871509E+07   0.242088E+01
   0.787607E-02   0.165038E+08   0.164975E+08  -0.665348E+04  -0.665599E+04   0.000000E+00   0.165028E+08   0.165028E+08   0.165028E+08  -0.391777E+00   0.865271E+07   0.865266E+07   0.247870E+01
   0.814303E-02   0.163815E+08   0.163748E+08  -0.617820E+04  -0.618052E+04   0.000000E+00   0.163804E+08   0.163804E+08   0.163804E+08  -0.388871E+00   0.858853E+07   0.858846E+07   0.253743E+01
   0.841904E-02   0.162557E+08   0.162486E+08  -0.573535E+04  -0.573751E+04   0.000000E+00   0.162546E+08   0.162546E+08   0.162546E+08  -0.385884E+00   0.852256E+07   0.852249E+07   0.259703E+01
   0.870440E-02   0.161265E+08   0.161190E+08  -0.532278E+04  -0.532479E+04   0.000000E+00   0.161253E+08   0.161253E+08   0.161253E+08  -0.382815E+00   0.845478E+07   0.845471E+07   0.265746E+01
   0.899944E-02   0.159938E+08   0.159858E+08  -0.493850E+04  -0.494036E+04   0.000000E+00   0.159926E+08   0.159926E+08   0.159926E+08  -0.379663E+00   0.838516E+07   0.838509E+07   0.271867E+01
   0.930448E-02   0.158576E+08   0.158491E+08  -0.458061E+04  -0.458234E+04   0.000000E+00   0.158562E+08   0.158562E+08   0.158562E+08  -0.376426E+00   0.831368E+07   0.831361E+07   0.278061E+01
   0.961985E-02   0.157177E+08   0.157087E+08  -0.424738E+04  -0.424898E+04   0.000000E+00   0.157163E+08   0.157163E+08   0.157163E+08  -0.373104E+00   0.824031E+07   0.824023E+07   0.284320E+01
   0.994592E-02   0.155742E+08   0.155646E+08  -0.393714E+04  -0.393863E+04   0.000000E+00   0.155727E+08   0.155727E+08   0.155727E+08  -0.369695E+00   0.816502E+07   0.816494E+07   0.290637E+01
   0.102830E-01   0.154270E+08   0.154168E+08  -0.364838E+04  -0.364976E+04   0.000000E+00   0.154254E+08   0.154254E+08   0.154254E+08  -0.366198E+00   0.808779E+07   0.808770E+07   0.297004E+01
   0.106316E-01   0.152760E+08   0.152652E+08  -0.337966E+04  -0.338094E+04   0.000000E+00   0.152743E+08   0.152743E+08   0.152743E+08  -0.362612E+00   0.800858E+07   0.800848E+07   0.303410E+01
   0.109919E-01   0.151212E+08   0.151098E+08  -0.312964E+04  -0.313082E+04   0.000000E+00   0.151194E+08   0.151194E+08   0.151194E+08  -0.358935E+00   0.792738E+07   0.792727E+07   0.309844E+01
   0.113645E-01   0.149626E+08   0.149505E+08  -0.289706E+04  -0.289815E+04   0.000000E+00   0.149607E+08   0.149607E+08   0.149607E+08  -0.355167E+00   0.784415E+07   0.784404E+07   0.316295E+01
   0.117497E-01   0.148001E+08   0.147873E+08  -0.268076E+04  -0.268177E+04   0.000000E+00   0.147981E+08   0.147981E+08   0.147981E+08  -0.351305E+00   0.775887E+07   0.775876E+07   0.322747E+01
   0.121480E-01   0.146336E+08   0.146200E+08  -0.247964E+04  -0.248057E+04   0.000000E+00   0.146315E+08   0.146315E+08   0.146315E+08  -0.347351E+00   0.767153E+07   0.767141E+07   0.329186E+01
   0.125597E-01   0.144632E+08   0.144488E+08  -0.229268E+04  -0.229354E+04   0.000000E+00   0.144609E+08   0.144609E+08   0.144609E+08  -0.343301E+00   0.758209E+07   0.758196E+07   0.335594E+01
   0.129854E-01   0.142887E+08   0.142735E+08  -0.211892E+04  -0.211972E+04   0.000000E+00   0.142863E+08   0.142863E+08   0.142863E+08  -0.339156E+00   0.749054E+07   0.749041E+07   0.341953E+01
   0.134256E-01   0.141101E+08   0.140941E+08  -0.195747E+04  -0.195821E+04   0.000000E+00   0.141076E+08   0.141076E+08   0.141076E+08  -0.334914E+00   0.739686E+07   0.739672E+07   0.348241E+01
   0.138806E-01   0.139275E+08   0.139106E+08  -0.180751E+04  -0.180819E+04   0.000000E+00   0.139248E+08   0.139248E+08   0.139248E+08  -0.330575E+00   0.730103E+07   0.730089E+07   0.354435E+01
   0.143511E-01   0.137408E+08   0.137229E+08  -0.166825E+04  -0.166887E+04   0.000000E+00   0.137380E+08   0.137380E+08   0.137380E+08  -0.326139E+00   0.720305E+07   0.720289E+07   0.360511E+01
   0.148376E-01   0.135499E+08   0.135311E+08  -0.153896E+04  -0.153954E+04   0.000000E+00   0.135469E+08   0.135469E+08   0.135469E+08  -0.321604E+00   0.710290E+07   0.710273E+07   0.366442E+01
   0.153405E-01   0.133549E+08   0.133351E+08  -0.141897E+04  -0.141950E+04   0.000000E+00   0.133518E+08   0.133518E+08   0.133518E+08  -0.316971E+00   0.700057E+07   0.700040E+07   0.372196E+01
   0.158605E-01   0.131558E+08   0.131349E+08  -0.130764E+04  -0.130813E+04   0.000000E+00   0.131525E+08   0.131525E+08   0.131525E+08  -0.312239E+00   0.689607E+07   0.689589E+07   0.377743E+01
   0.163980E-01   0.129525E+08   0.129305E+08  -0.120439E+04  -0.120484E+04   0.000000E+00   0.129490E+08   0.129490E+08   0.129490E+08  -0.307410E+00   0.678941E+07   0.678922E+07   0.383048E+01
   0.169539E-01   0.127451E+08   0.127220E+08  -0.110866E+04  -0.110907E+04   0.000000E+00   0.127415E+08   0.127415E+08   0.127415E+08  -0.302482E+00   0.668058E+07   0.668038E+07   0.388072E+01
   0.175285E-01   0.125337E+08   0.125094E+08  -0.101993E+04  -0.102031E+04   0.000000E+00   0.125298E+08   0.125298E+08   0.125298E+08  -0.297458E+00   0.656962E+07   0.656941E+07   0.392777E+01
   0.181226E-01   0.123182E+08   0.122927E+08  -0.937731E+03  -0.938084E+03   0.000000E+00   0.123142E+08   0.123142E+08   0.123142E+08  -0.292338E+00   0.645654E+07   0.645632E+07   0.397120E+01
   0.187369E-01   0.120987E+08   0.120720E+08  -0.861610E+03  -0.861935E+03   0.000000E+00   0.120945E+08   0.120945E+08   0.120945E+08  -0.287124E+00   0.634139E+07   0.634116E+07   0.401056E+01
   0.193720E-01   0.118754E+08   0.118475E+08  -0.791149E+03  -0.791447E+03   0.000000E+00   0.118710E+08   0.118710E+08   0.118710E+08  -0.281818E+00   0.622420E+07   0.622396E+07   0.404537E+01
   0.200286E-01   0.116484E+08   0.116192E+08  -0.725958E+03  -0.726232E+03   0.000000E+00   0.116438E+08   0.116438E+08   0.116438E+08  -0.276423E+00   0.610504E+07   0.610480E+07   0.407512E+01
   0.207075E-01   0.114177E+08   0.113872E+08  -0.665674E+03  -0.665925E+03   0.000000E+00   0.114129E+08   0.114129E+08   0.114129E+08  -0.270941E+00   0.598398E+07   0.598373E+07   0.409930E+01
   0.214094E-01   0.111835E+08   0.111518E+08  -0.609958E+03  -0.610187E+03   0.000000E+00   0.111785E+08   0.111785E+08   0.111785E+08  -0.265378E+00   0.586111E+07   0.586085E+07   0.411737E+01
   0.221350E-01   0.109461E+08   0.109130E+08  -0.558492E+03  -0.558703E+03   0.000000E+00   0.109409E+08   0.109409E+08   0.109409E+08  -0.259737E+00   0.573653E+07   0.573625E+07   0.412875E+01
   0.228853E-01   0.107057E+08   0.106713E+08  -0.510983E+03  -0.511175E+03   0.000000E+00   0.107003E+08   0.107003E+08   0.107003E+08  -0.254023E+00   0.561035E+07   0.561006E+07   0.413289E+01
   0.236610E-01   0.104624E+08   0.104268E+08  -0.467155E+03  -0.467331E+03   0.000000E+00   0.104568E+08   0.104568E+08   0.104568E+08  -0.248244E+00   0.548272E+07   0.548242E+07   0.412920E+01
   0.244630E-01   0.102167E+08   0.101798E+08  -0.426752E+03  -0.426912E+03   0.000000E+00   0.102109E+08   0.102109E+08   0.102109E+08  -0.242407E+00   0.535379E+07   0.535349E+07   0.411710E+01
   0.252922E-01   0.996890E+07   0.993079E+07  -0.389534E+03  -0.389680E+03   0.000000E+00   0.996290E+07   0.996290E+07   0.996290E+07  -0.236519E+00   0.522375E+07   0.522344E+07   0.409603E+01
   0.261495E-01   0.971933E+07   0.968004E+07  -0.355278E+03  -0.355412E+03   0.000000E+00   0.971315E+07   0.971315E+07   0.971315E+07  -0.230590E+00   0.509280E+07   0.509248E+07   0.406541E+01
   0.270358E-01   0.946846E+07   0.942806E+07  -0.323776E+03  -0.323898E+03   0.000000E+00   0.946211E+07   0.946211E+07   0.946211E+07  -0.224630E+00   0.496118E+07   0.496085E+07   0.402474E+01
   0.279522E-01   0.921678E+07   0.917533E+07  -0.294834E+03  -0.294945E+03   0.000000E+00   0.921026E+07   0.921026E+07   0.921026E+07  -0.218651E+00   0.482913E+07   0.482880E+07   0.397350E+01
   0.288996E-01   0.896481E+07   0.892240E+07  -0.268270E+03  -0.268371E+03   0.000000E+00   0.895814E+07   0.895814E+07   0.895814E+07  -0.212666E+00   0.469694E+07   0.469660E+07   0.391127E+01
   0.298792E-01   0.871314E+07   0.866989E+07  -0.243915E+03  -0.244007E+03   0.000000E+00   0.870634E+07   0.870634E+07   0.870634E+07  -0.206688E+00   0.456492E+07   0.456457E+07   0.383767E+01
   0.308919E-01   0.846241E+07   0.841843E+07  -0.221611E+03  -0.221695E+03   0.000000E+00   0.845549E+07   0.845549E+07   0.845549E+07  -0.200733E+00   0.443340E+07   0.443305E+07   0.375241E+01
   0.319390E-01   0.821330E+07   0.816872E+07  -0.201209E+03  -0.201285E+03   0.000000E+00   0.820629E+07   0.820629E+07   0.820629E+07  -0.194817E+00   0.430273E+07   0.430238E+07   0.365531E+01
   0.330216E-01   0.796652E+07   0.792150E+07  -0.182572E+03  -0.182640E+03   0.000000E+00   0.795944E+07   0.795944E+07   0.795944E+07  -0.188957E+00   0.417331E+07   0.417296E+07   0.354629E+01
   0.341409E-01   0.772284E+07   0.767755E+07  -0.165568E+03  -0.165630E+03   0.000000E+00   0.771572E+07   0.771572E+07   0.771572E+07  -0.183171E+00   0.404552E+07   0.404517E+07   0.342542E+01
   0.352981E-01   0.748304E+07   0.743767E+07  -0.150076E+03  -0.150132E+03   0.000000E+00   0.747590E+07   0.747590E+07   0.747590E+07  -0.177477E+00   0.391978E+07   0.391943E+07   0.329295E+01
   0.364945E-01   0.724789E+07   0.720264E+07  -0.135982E+03  -0.136033E+03   0.000000E+00   0.724077E+07   0.724077E+07   0.724077E+07  -0.171896E+00   0.379650E+07   0.379616E+07   0.314928E+01
   0.377315E-01   0.701743E+07   0.697252E+07  -0.123164E+03  -0.123210E+03   0.000000E+00   0.701036E+07   0.701036E+07   0.701036E+07  -0.166426E+00   0.367569E+07   0.367535E+07   0.299510E+01
   0.390104E-01   0.679216E+07   0.674782E+07  -0.111520E+03  -0.111562E+03   0.000000E+00   0.678519E+07   0.678519E+07   0.678519E+07  -0.161080E+00   0.355763E+07   0.355730E+07   0.283126E+01
   0.403327E-01   0.657379E+07   0.653025E+07  -0.100972E+03  -0.101010E+03   0.000000E+00   0.656694E+07   0.656694E+07   0.656694E+07  -0.155899E+00   0.344320E+07   0.344287E+07   0.265874E+01
   0.416998E-01   0.636316E+07   0.632066E+07  -0.914327E+02  -0.914671E+02   0.000000E+00   0.635647E+07   0.635647E+07   0.635647E+07  -0.150902E+00   0.333284E+07   0.333253E+07   0.247879E+01
   0.431132E-01   0.616098E+07   0.611976E+07  -0.828178E+02  -0.828490E+02   0.000000E+00   0.615450E+07   0.615450E+07   0.615450E+07  -0.146107E+00   0.322694E+07   0.322664E+07   0.229297E+01
   0.445745E-01   0.596774E+07   0.592803E+07  -0.750468E+02  -0.750751E+02   0.000000E+00   0.596150E+07   0.596150E+07   0.596150E+07  -0.141526E+00   0.312575E+07   0.312547E+07   0.210306E+01
   0.460854E-01   0.578370E+07   0.574572E+07  -0.680423E+02  -0.680679E+02   0.000000E+00   0.577772E+07   0.577772E+07   0.577772E+07  -0.137163E+00   0.302939E+07   0.302912E+07   0.191108E+01
   0.476474E-01   0.560881E+07   0.557276E+07  -0.617303E+02  -0.617535E+02   0.000000E+00   0.560314E+07   0.560314E+07   0.560314E+07  -0.133018E+00   0.293785E+07   0.293760E+07   0.171928E+01
   0.492625E-01   0.544279E+07   0.540885E+07  -0.560411E+02  -0.560622E+02   0.000000E+00   0.543745E+07   0.543745E+07   0.543745E+07  -0.129085E+00   0.285097E+07   0.285074E+07   0.153009E+01
   0.509322E-01   0.528511E+07   0.525342E+07  -0.509095E+02  -0.509287E+02   0.000000E+00   0.528012E+07   0.528012E+07   0.528012E+07  -0.125350E+00   0.276848E+07   0.276827E+07   0.134605E+01
   0.526586E-01   0.513507E+07   0.510573E+07  -0.462758E+02  -0.462933E+02   0.000000E+00   0.513045E+07   0.513045E+07   0.513045E+07  -0.121797E+00   0.269000E+07   0.268982E+07   0.116976E+01
   0.544434E-01   0.499186E+07   0.496492E+07  -0.420858E+02  -0.421016E+02   0.000000E+00   0.498762E+07   0.498762E+07   0.498762E+07  -0.118406E+00   0.261511E+07   0.261495E+07   0.100386E+01
   0.562888E-01   0.485462E+07   0.483008E+07  -0.382908E+02  -0.383053E+02   0.000000E+00   0.485076E+07   0.485076E+07   0.485076E+07  -0.115157E+00   0.254335E+07   0.254321E+07   0.850800E+00
   0.581967E-01   0.472331E+07   0.470110E+07  -0.348540E+02  -0.348672E+02   0.000000E+00   0.471982E+07   0.471982E+07   0.471982E+07  -0.112048E+00   0.247469E+07   0.247457E+07   0.712876E+00
   0.609398E-01   0.455241E+07   0.453321E+07  -0.306387E+02  -0.306503E+02   0.000000E+00   0.454939E+07   0.454939E+07   0.454939E+07  -0.108002E+00   0.238533E+07   0.238523E+07   0.550418E+00
   0.636829E-01   0.438956E+07   0.437285E+07  -0.270540E+02  -0.270642E+02   0.000000E+00   0.438693E+07   0.438693E+07   0.438693E+07  -0.104146E+00   0.230015E+07   0.230007E+07   0.429329E+00
   0.664259E-01   0.423354E+07   0.421876E+07  -0.239829E+02  -0.239920E+02   0.000000E+00   0.423122E+07   0.423122E+07   0.423122E+07  -0.100449E+00   0.221850E+07   0.221843E+07   0.345994E+00
   0.691690E-01   0.408105E+07   0.406762E+07  -0.213224E+02  -0.213304E+02   0.000000E+00   0.407894E+07   0.407894E+07   0.407894E+07  -0.968338E-01   0.213866E+07   0.213860E+07   0.295698E+00
   0.719121E-01   0.392993E+07   0.391727E+07  -0.189964E+02  -0.190036E+02   0.000000E+00   0.392794E+07   0.392794E+07   0.392794E+07  -0.932490E-01   0.205948E+07   0.205943E+07   0.272805E+00
   0.746552E-01   0.377914E+07   0.376676E+07  -0.169497E+02  -0.169560E+02   0.000000E+00   0.377719E+07   0.377719E+07   0.377719E+07  -0.896703E-01   0.198045E+07   0.198039E+07   0.271182E+00
   0.773983E-01   0.362874E+07   0.361621E+07  -0.151416E+02  -0.151473E+02   0.000000E+00   0.362677E+07   0.362677E+07   0.362677E+07  -0.860992E-01   0.190158E+07   0.190151E+07   0.284592E+00
   0.801413E-01   0.347957E+07   0.346658E+07  -0.135418E+02  -0.135469E+02   0.000000E+00   0.347753E+07   0.347753E+07   0.347753E+07  -0.825563E-01   0.182333E+07   0.182326E+07   0.307082E+00
   0.828844E-01   0.333298E+07   0.331932E+07  -0.121264E+02  -0.121309E+02   0.000000E+00   0.333083E+07   0.333083E+07   0.333083E+07  -0.790738E-01   0.174642E+07   0.174634E+07   0.333277E+00
   0.856275E-01   0.319051E+07   0.317609E+07  -0.108756E+02  -0.108797E+02   0.000000E+00   0.318824E+07   0.318824E+07   0.318824E+07  -0.756887E-01   0.167166E+07   0.167157E+07   0.358623E+00
   0.883706E-01   0.305369E+07   0.303853E+07  -0.977243E+01  -0.977611E+01   0.000000E+00   0.305130E+07   0.305130E+07   0.305130E+07  -0.724378E-01   0.159986E+07   0.159976E+07   0.379531E+00
   0.911136E-01   0.292395E+07   0.290817E+07  -0.880179E+01  -0.880511E+01   0.000000E+00   0.292146E+07   0.292146E+07   0.292146E+07  -0.693554E-01   0.153178E+07   0.153168E+07   0.393448E+00
   0.938567E-01   0.280256E+07   0.278635E+07  -0.795006E+01  -0.795305E+01   0.000000E+00   0.280001E+07   0.280001E+07   0.280001E+07  -0.664721E-01   0.146811E+07   0.146799E+07   0.398846E+00
   0.965998E-01   0.269057E+07   0.267416E+07  -0.720476E+01  -0.720748E+01   0.000000E+00   0.268799E+07   0.268799E+07   0.268799E+07  -0.638128E-01   0.140937E+07   0.140926E+07   0.395159E+00
   0.993429E-01   0.258869E+07   0.257234E+07  -0.655421E+01  -0.655668E+01   0.000000E+00   0.258612E+07   0.258612E+07   0.258612E+07  -0.613943E-01   0.135596E+07   0.135584E+07   0.382654E+00
   0.102086E+00   0.249717E+07   0.248116E+07  -0.598722E+01  -0.598947E+01   0.000000E+00   0.249465E+07   0.249465E+07   0.249465E+07  -0.592230E-01   0.130800E+07   0.130789E+07   0.362288E+00
   0.104829E+00   0.241580E+07   0.240037E+07  -0.549296E+01  -0.549503E+01   0.000000E+00   0.241337E+07   0.241337E+07   0.241337E+07  -0.572932E-01   0.126538E+07   0.126528E+07   0.335534E+00
   0.107572E+00   0.234384E+07   0.232920E+07  -0.506110E+01  -0.506300E+01   0.000000E+00   0.234153E+07   0.234153E+07   0.234153E+07  -0.555879E-01   0.122772E+07   0.122762E+07   0.304198E+00
   0.110315E+00   0.228020E+07   0.226652E+07  -0.468201E+01  -0.468378E+01   0.000000E+00   0.227805E+07   0.227805E+07   0.227805E+07  -0.540808E-01   0.119443E+07   0.119434E+07   0.270243E+00
   0.113058E+00   0.222357E+07   0.221094E+07  -0.434704E+01  -0.434868E+01   0.000000E+00   0.222158E+07   0.222158E+07   0.222158E+07  -0.527402E-01   0.116482E+07   0.116474E+07   0.235621E+00
   0.115801E+00   0.217251E+07   0.216099E+07  -0.404859E+01  -0.405011E+01   0.000000E+00   0.217070E+07   0.217070E+07   0.217070E+07  -0.515322E-01   0.113814E+07   0.113807E+07   0.202134E+00
   0.118544E+00   0.212560E+07   0.211516E+07  -0.378017E+01  -0.378159E+01   0.000000E+00   0.212396E+07   0.212396E+07   0.212396E+07  -0.504227E-01   0.111363E+07   0.111357E+07   0.171320E+00
   0.121288E+00   0.208146E+07   0.207202E+07  -0.353630E+01  -0.353763E+01   0.000000E+00   0.207997E+07   0.207997E+07   0.207997E+07  -0.493785E-01   0.109057E+07   0.109052E+07   0.144381E+00
   0.124031E+00   0.203876E+07   0.203020E+07  -0.331238E+01  -0.331363E+01   0.000000E+00   0.203741E+07   0.203741E+07   0.203741E+07  -0.483680E-01   0.106825E+07   0.106821E+07   0.122136E+00
   0.126774E+00   0.199630E+07   0.198847E+07  -0.310468E+01  -0.310585E+01   0.000000E+00   0.199507E+07   0.199507E+07   0.199507E+07  -0.473628E-01   0.104605E+07   0.104601E+07   0.105009E+00
   0.129517E+00   0.195311E+07   0.194582E+07  -0.291028E+01  -0.291137E+01   0.000000E+00   0.195196E+07   0.195196E+07   0.195196E+07  -0.463395E-01   0.102345E+07   0.102341E+07   0.930492E-01
   0.132260E+00   0.190851E+07   0.190160E+07  -0.272712E+01  -0.272815E+01   0.000000E+00   0.190742E+07   0.190742E+07   0.190742E+07  -0.452821E-01   0.100009E+07   0.100006E+07   0.859687E-01
   0.135003E+00   0.186222E+07   0.185550E+07  -0.255396E+01  -0.255492E+01   0.000000E+00   0.186117E+07   0.186117E+07   0.186117E+07  -0.441840E-01   0.975843E+06   0.975809E+06   0.832012E-01
   0.137746E+00   0.181436E+07   0.180767E+07  -0.239018E+01  -0.239108E+01   0.000000E+00   0.181331E+07   0.181331E+07   0.181331E+07  -0.430479E-01   0.950751E+06   0.950716E+06   0.839742E-01
   0.140489E+00   0.176535E+07   0.175856E+07  -0.223563E+01  -0.223647E+01   0.000000E+00   0.176428E+07   0.176428E+07   0.176428E+07  -0.418839E-01   0.925043E+06   0.925006E+06   0.873871E-01
   0.143232E+00   0.171580E+07   0.170881E+07  -0.209039E+01  -0.209118E+01   0.000000E+00   0.171470E+07   0.171470E+07   0.171470E+07  -0.407068E-01   0.899048E+06   0.899008E+06   0.924892E-01
   0.145975E+00   0.166640E+07   0.165916E+07  -0.195455E+01  -0.195529E+01   0.000000E+00   0.166526E+07   0.166526E+07   0.166526E+07  -0.395331E-01   0.873126E+06   0.873083E+06   0.983514E-01
   0.148718E+00   0.161780E+07   0.161028E+07  -0.182813E+01  -0.182881E+01   0.000000E+00   0.161662E+07   0.161662E+07   0.161662E+07  -0.383784E-01   0.847624E+06   0.847578E+06   0.104127E+00
   0.151461E+00   0.157060E+07   0.156282E+07  -0.171102E+01  -0.171166E+01   0.000000E+00   0.156938E+07   0.156938E+07   0.156938E+07  -0.372569E-01   0.822855E+06   0.822806E+06   0.109097E+00
   0.154204E+00   0.152532E+07   0.151731E+07  -0.160304E+01  -0.160364E+01   0.000000E+00   0.152406E+07   0.152406E+07   0.152406E+07  -0.361812E-01   0.799097E+06   0.799045E+06   0.112706E+00
   0.156948E+00   0.148244E+07   0.147427E+07  -0.150393E+01  -0.150450E+01   0.000000E+00   0.148115E+07   0.148115E+07   0.148115E+07  -0.351625E-01   0.776600E+06   0.776546E+06   0.114574E+00
   0.159691E+00   0.144237E+07   0.143413E+07  -0.141340E+01  -0.141393E+01   0.000000E+00   0.144107E+07   0.144107E+07   0.144107E+07  -0.342110E-01   0.755584E+06   0.755529E+06   0.114503E+00
   0.162434E+00   0.140543E+07   0.139722E+07  -0.133106E+01  -0.133157E+01   0.000000E+00   0.140414E+07   0.140414E+07   0.140414E+07  -0.333343E-01   0.736222E+06   0.736167E+06   0.112470E+00
   0.165177E+00   0.137182E+07   0.136372E+07  -0.125642E+01  -0.125690E+01   0.000000E+00   0.137054E+07   0.137054E+07   0.137054E+07  -0.325367E-01   0.718605E+06   0.718552E+06   0.108603E+00
   0.167920E+00   0.134150E+07   0.133362E+07  -0.118885E+01  -0.118930E+01   0.000000E+00   0.134026E+07   0.134026E+07   0.134026E+07  -0.318178E-01   0.702729E+06   0.702677E+06   0.103159E+00
   0.170663E+00   0.131428E+07   0.130669E+07  -0.112760E+01  -0.112802E+01   0.000000E+00   0.131309E+07   0.131309E+07   0.131309E+07  -0.311726E-01   0.688479E+06   0.688430E+06   0.964869E-01
   0.173406E+00   0.128976E+07   0.128251E+07  -0.107185E+01  -0.107225E+01   0.000000E+00   0.128862E+07   0.128862E+07   0.128862E+07  -0.305918E-01   0.675650E+06   0.675604E+06   0.889940E-01
   0.176149E+00   0.126744E+07   0.126058E+07  -0.102078E+01  -0.102116E+01   0.000000E+00   0.126636E+07   0.126636E+07   0.126636E+07  -0.300634E-01   0.663979E+06   0.663936E+06   0.811078E-01
   0.178892E+00   0.124678E+07   0.124034E+07  -0.973611E+00  -0.973978E+00   0.000000E+00   0.124577E+07   0.124577E+07   0.124577E+07  -0.295745E-01   0.653181E+06   0.653142E+06   0.732438E-01
   0.181635E+00   0.122726E+07   0.122122E+07  -0.929671E+00  -0.930022E+00   0.000000E+00   0.122631E+07   0.122631E+07   0.122631E+07  -0.291126E-01   0.642980E+06   0.642944E+06   0.657770E-01
   0.184378E+00   0.120842E+07   0.120276E+07  -0.888388E+00  -0.888722E+00   0.000000E+00   0.120753E+07   0.120753E+07   0.120753E+07  -0.286666E-01   0.633129E+06   0.633097E+06   0.590200E-01
   0.187121E+00   0.118984E+07   0.118453E+07  -0.849296E+00  -0.849616E+00   0.000000E+00   0.118900E+07   0.118900E+07   0.118900E+07  -0.282269E-01   0.623417E+06   0.623387E+06   0.532085E-01
   0.189864E+00   0.117119E+07   0.116618E+07  -0.812026E+00  -0.812332E+00   0.000000E+00   0.117041E+07   0.117041E+07   0.117041E+07  -0.277854E-01   0.613665E+06   0.613638E+06   0.484936E-01
   0.192608E+00   0.115222E+07   0.114744E+07  -0.776291E+00  -0.776584E+00   0.000000E+00   0.115147E+07   0.115147E+07   0.115147E+07  -0.273358E-01   0.603735E+06   0.603709E+06   0.449407E-01
   0.195351E+00   0.113272E+07   0.112811E+07  -0.741882E+00  -0.742161E+00   0.000000E+00   0.113200E+07   0.113200E+07   0.113200E+07  -0.268735E-01   0.593526E+06   0.593501E+06   0.425343E-01
   0.198094E+00   0.111260E+07   0.110809E+07  -0.708665E+00  -0.708932E+00   0.000000E+00   0.111189E+07   0.111189E+07   0.111189E+07  -0.263963E-01   0.582986E+06   0.582961E+06   0.411870E-01
   0.200837E+00   0.109185E+07   0.108739E+07  -0.676579E+00  -0.676834E+00   0.000000E+00   0.109115E+07   0.109115E+07   0.109115E+07  -0.259039E-01   0.572111E+06   0.572087E+06   0.407537E-01
   0.203580E+00   0.107057E+07   0.106611E+07  -0.645627E+00  -0.645870E+00   0.000000E+00   0.106987E+07   0.106987E+07   0.106987E+07  -0.253986E-01   0.560951E+06   0.560926E+06   0.410472E-01
   0.206323E+00   0.104892E+07   0.104442E+07  -0.615853E+00  -0.616085E+00   0.000000E+00   0.104821E+07   0.104821E+07   0.104821E+07  -0.248845E-01   0.549598E+06   0.549572E+06   0.418560E-01
   0.209066E+00   0.102714E+07   0.102257E+07  -0.587329E+00  -0.587551E+00   0.000000E+00   0.102642E+07   0.102642E+07   0.102642E+07  -0.243671E-01   0.538170E+06   0.538143E+06   0.429610E-01
   0.211809E+00   0.100547E+07   0.100082E+07  -0.560133E+00  -0.560344E+00   0.000000E+00   0.100474E+07   0.100474E+07   0.100474E+07  -0.238525E-01   0.526805E+06   0.526777E+06   0.441517E-01
   0.214552E+00   0.984184E+06   0.979450E+06  -0.534331E+00  -0.534532E+00   0.000000E+00   0.983439E+06   0.983439E+06   0.983439E+06  -0.233468E-01   0.515636E+06   0.515607E+06   0.452392E-01
   0.217295E+00   0.963512E+06   0.958708E+06  -0.509972E+00  -0.510164E+00   0.000000E+00   0.962756E+06   0.962756E+06   0.962756E+06  -0.228558E-01   0.504792E+06   0.504762E+06   0.460666E-01
   0.225986E+00   0.904209E+06   0.899348E+06  -0.442459E+00  -0.442626E+00   0.000000E+00   0.903444E+06   0.903444E+06   0.903444E+06  -0.214477E-01   0.473694E+06   0.473663E+06   0.458890E-01
   0.235024E+00   0.854786E+06   0.850207E+06  -0.386723E+00  -0.386869E+00   0.000000E+00   0.854066E+06   0.854066E+06   0.854066E+06  -0.202755E-01   0.447804E+06   0.447775E+06   0.409421E-01
   0.244424E+00   0.814367E+06   0.810319E+06  -0.340661E+00  -0.340789E+00   0.000000E+00   0.813730E+06   0.813730E+06   0.813730E+06  -0.193179E-01   0.426655E+06   0.426630E+06   0.332955E-01
   0.254200E+00   0.777192E+06   0.773660E+06  -0.300602E+00  -0.300716E+00   0.000000E+00   0.776636E+06   0.776636E+06   0.776636E+06  -0.184373E-01   0.407205E+06   0.407185E+06   0.266804E-01
   0.264366E+00   0.737725E+06   0.734471E+06  -0.263818E+00  -0.263917E+00   0.000000E+00   0.737213E+06   0.737213E+06   0.737213E+06  -0.175014E-01   0.386535E+06   0.386516E+06   0.235444E-01
   0.274940E+00   0.694699E+06   0.691471E+06  -0.229684E+00  -0.229771E+00   0.000000E+00   0.694191E+06   0.694191E+06   0.694191E+06  -0.164801E-01   0.363978E+06   0.363959E+06   0.233468E-01
   0.285936E+00   0.651732E+06   0.648476E+06  -0.199215E+00  -0.199290E+00   0.000000E+00   0.651220E+06   0.651220E+06   0.651220E+06  -0.154599E-01   0.341448E+06   0.341428E+06   0.234490E-01
   0.297372E+00   0.613751E+06   0.610615E+06  -0.173450E+00  -0.173516E+00   0.000000E+00   0.613257E+06   0.613257E+06   0.613257E+06  -0.145587E-01   0.321543E+06   0.321524E+06   0.217548E-01
   0.309265E+00   0.581595E+06   0.578742E+06  -0.151968E+00  -0.152025E+00   0.000000E+00   0.581146E+06   0.581146E+06   0.581146E+06  -0.137964E-01   0.304706E+06   0.304689E+06   0.185323E-01
   0.321634E+00   0.552085E+06   0.549515E+06  -0.133380E+00  -0.133430E+00   0.000000E+00   0.551680E+06   0.551680E+06   0.551680E+06  -0.130969E-01   0.289257E+06   0.289242E+06   0.156577E-01
   0.334498E+00   0.521526E+06   0.519100E+06  -0.116493E+00  -0.116536E+00   0.000000E+00   0.521144E+06   0.521144E+06   0.521144E+06  -0.123719E-01   0.273246E+06   0.273232E+06   0.143034E-01
   0.347876E+00   0.490264E+06   0.487889E+06  -0.101246E+00  -0.101284E+00   0.000000E+00   0.489891E+06   0.489891E+06   0.489891E+06  -0.116300E-01   0.256859E+06   0.256845E+06   0.137904E-01
   0.361789E+00   0.461282E+06   0.458999E+06  -0.880738E-01  -0.881070E-01   0.000000E+00   0.460922E+06   0.460922E+06   0.460922E+06  -0.109423E-01   0.241671E+06   0.241657E+06   0.128212E-01
   0.376259E+00   0.435812E+06   0.433702E+06  -0.769349E-01  -0.769639E-01   0.000000E+00   0.435480E+06   0.435480E+06   0.435480E+06  -0.103383E-01   0.228331E+06   0.228318E+06   0.112278E-01
   0.391307E+00   0.411970E+06   0.410023E+06  -0.672410E-01  -0.672663E-01   0.000000E+00   0.411663E+06   0.411663E+06   0.411663E+06  -0.977287E-02   0.215843E+06   0.215832E+06   0.985801E-02
   0.406957E+00   0.388058E+06   0.386205E+06  -0.585599E-01  -0.585819E-01   0.000000E+00   0.387766E+06   0.387766E+06   0.387766E+06  -0.920555E-02   0.203313E+06   0.203302E+06   0.909922E-02
   0.423233E+00   0.364971E+06   0.363195E+06  -0.509207E-01  -0.509398E-01   0.000000E+00   0.364691E+06   0.364691E+06   0.364691E+06  -0.865775E-02   0.191215E+06   0.191204E+06   0.845178E-02
   0.440160E+00   0.343973E+06   0.342310E+06  -0.443710E-01  -0.443877E-01   0.000000E+00   0.343711E+06   0.343711E+06   0.343711E+06  -0.815968E-02   0.180214E+06   0.180204E+06   0.756828E-02
   0.457765E+00   0.324403E+06   0.322854E+06  -0.386902E-01  -0.387048E-01   0.000000E+00   0.324159E+06   0.324159E+06   0.324159E+06  -0.769553E-02   0.169963E+06   0.169954E+06   0.673887E-02
   0.476073E+00   0.305351E+06   0.303885E+06  -0.336706E-01  -0.336833E-01   0.000000E+00   0.305120E+06   0.305120E+06   0.305120E+06  -0.724353E-02   0.159980E+06   0.159972E+06   0.616059E-02
   0.495113E+00   0.287260E+06   0.285872E+06  -0.292862E-01  -0.292972E-01   0.000000E+00   0.287041E+06   0.287041E+06   0.287041E+06  -0.681434E-02   0.150501E+06   0.150493E+06   0.562181E-02
   0.514915E+00   0.270509E+06   0.269210E+06  -0.254982E-01  -0.255078E-01   0.000000E+00   0.270305E+06   0.270305E+06   0.270305E+06  -0.641702E-02   0.141726E+06   0.141718E+06   0.504213E-02
   0.535509E+00   0.254608E+06   0.253387E+06  -0.221890E-01  -0.221974E-01   0.000000E+00   0.254416E+06   0.254416E+06   0.254416E+06  -0.603983E-02   0.133395E+06   0.133388E+06   0.455580E-02
   0.556927E+00   0.239437E+06   0.238284E+06  -0.192928E-01  -0.193000E-01   0.000000E+00   0.239256E+06   0.239256E+06   0.239256E+06  -0.567992E-02   0.125447E+06   0.125440E+06   0.414384E-02
   0.579201E+00   0.225237E+06   0.224155E+06  -0.167796E-01  -0.167859E-01   0.000000E+00   0.225067E+06   0.225067E+06   0.225067E+06  -0.534308E-02   0.118007E+06   0.118001E+06   0.373665E-02
   0.602366E+00   0.211834E+06   0.210817E+06  -0.145907E-01  -0.145962E-01   0.000000E+00   0.211674E+06   0.211674E+06   0.211674E+06  -0.502514E-02   0.110985E+06   0.110979E+06   0.337464E-02
   0.626457E+00   0.199130E+06   0.198172E+06  -0.126810E-01  -0.126858E-01   0.000000E+00   0.198979E+06   0.198979E+06   0.198979E+06  -0.472376E-02   0.104329E+06   0.104323E+06   0.305701E-02
   0.651512E+00   0.187192E+06   0.186292E+06  -0.110215E-01  -0.110256E-01   0.000000E+00   0.187050E+06   0.187050E+06   0.187050E+06  -0.444056E-02   0.980740E+05   0.980686E+05   0.275895E-02
   0.813640E+00   0.131320E+06   0.130690E+06  -0.495754E-02  -0.495941E-02   0.000000E+00   0.131221E+06   0.131221E+06   0.131221E+06  -0.311518E-02   0.688017E+05   0.687980E+05   0.154970E-02
   0.101611E+01   0.915824E+05   0.911427E+05  -0.221680E-02  -0.221764E-02   0.000000E+00   0.915132E+05   0.915132E+05   0.915132E+05  -0.217252E-02   0.479822E+05   0.479795E+05   0.865620E-03
   0.126897E+01   0.635310E+05   0.632261E+05  -0.986009E-03  -0.986380E-03   0.000000E+00   0.634830E+05   0.634830E+05   0.634830E+05  -0.150708E-02   0.332854E+05   0.332836E+05   0.481314E-03
   0.158475E+01   0.438605E+05   0.436499E+05  -0.436464E-03  -0.436628E-03   0.000000E+00   0.438273E+05   0.438273E+05   0.438273E+05  -0.104046E-02   0.229795E+05   0.229783E+05   0.266629E-03
   0.197912E+01   0.301497E+05   0.300050E+05  -0.192370E-03  -0.192443E-03   0.000000E+00   0.301269E+05   0.301269E+05   0.301269E+05  -0.715211E-03   0.157961E+05   0.157952E+05   0.147293E-03
   0.247162E+01   0.206436E+05   0.205446E+05  -0.844544E-04  -0.844862E-04   0.000000E+00   0.206280E+05   0.206280E+05   0.206280E+05  -0.489709E-03   0.108157E+05   0.108151E+05   0.812383E-04
   0.308668E+01   0.140845E+05   0.140169E+05  -0.369452E-04  -0.369591E-04   0.000000E+00   0.140739E+05   0.140739E+05   0.140739E+05  -0.334113E-03   0.737920E+04   0.737878E+04   0.448051E-04
   0.385480E+01   0.957828E+04   0.953227E+04  -0.161096E-04  -0.161156E-04   0.000000E+00   0.957104E+04   0.957104E+04   0.957104E+04  -0.227216E-03   0.501828E+04   0.501800E+04   0.247635E-04
   0.481406E+01   0.649448E+04   0.646327E+04  -0.700361E-05  -0.700625E-05   0.000000E+00   0.648957E+04   0.648957E+04   0.648957E+04  -0.154062E-03   0.340261E+04   0.340241E+04   0.137567E-04
   0.601203E+01   0.439162E+04   0.437048E+04  -0.303656E-05  -0.303771E-05   0.000000E+00   0.438829E+04   0.438829E+04   0.438829E+04  -0.104178E-03   0.230087E+04   0.230073E+04   0.771329E-05
