2.166666666666666741e-02 4.309668333666666626e+02
4.454545454545454780e-02 9.119569090909092210e+02
6.211111111111110999e-02 1.053177200000000084e+03
8.302469135802469091e-02 7.409757037037037435e+02
1.001960784313725428e-01 5.269078333333333148e+02
1.238590604026845732e-01 4.273020604026845604e+02
1.404228855721393054e-01 3.559145920398009935e+02
1.630075187969924899e-01 2.737090902255638412e+02
1.808858858858858887e-01 2.424720390390390321e+02
2.036394557823129059e-01 2.025476780045351290e+02
2.190557939914163088e-01 1.635773862660944076e+02
2.426502732240437277e-01 1.286364808743169306e+02
2.596589259796807103e-01 1.189819448476052202e+02
2.811171662125340753e-01 1.077119768392370531e+02
3.008784530386739986e-01 1.008247714917127098e+02
3.206315289648623001e-01 9.034167730294397813e+01
3.399619047619047429e-01 7.527407495238095692e+01
3.619689737470166979e-01 6.548653150357995401e+01
3.799070887818307152e-01 6.131757639366826851e+01
4.013341804320203487e-01 5.456057357052096535e+01
4.195595854922279933e-01 5.074015331030511788e+01
4.407771883289124948e-01 4.746419777188328482e+01
4.600780487804878027e-01 4.331229156097560917e+01
4.807973648341663520e-01 3.907397205815538399e+01
5.009150981177412643e-01 3.696120460552663189e+01
5.204555984555984116e-01 3.530028382239382267e+01
5.419053527118044000e-01 3.177744898971995369e+01
5.606541598694942952e-01 2.984580244698205576e+01
5.752995082700044227e-01 2.911329749664729860e+01
