3.910000000000000142e+01 1.011910815865469271e+00 2.999055447017691667e-01 7.490227837166613112e-02 7.490227837166613112e-02
3.930000000000000426e+01 9.721779703000169581e-01 2.165648507218545238e-01 1.330282906813519128e-01 1.330282906813519128e-01
3.950000000000000000e+01 9.694475055472564495e-01 2.045085585633927006e-01 1.238991469603714507e-01 1.238991469603714507e-01
3.970000000000000284e+01 9.677800857340171925e-01 1.955713272516408918e-01 1.053228593024511384e-01 1.053228593024511384e-01
3.989999999999999858e+01 9.668532725320875265e-01 1.852488058095966561e-01 8.290087463556851388e-02 8.290087463556851388e-02
4.010000000000000142e+01 9.746457403032732225e-01 2.057085050254080782e-01 8.719414750026995009e-02 8.719414750026995009e-02
4.030000000000000426e+01 9.650411292309141187e-01 1.646104848271720544e-01 5.507180650037792752e-02 5.507180650037792752e-02
4.050000000000000000e+01 9.626909429059516965e-01 1.503495657892750248e-01 4.496706619155598633e-02 4.496706619155598633e-02
4.070000000000000284e+01 9.621362425891313297e-01 1.395236349844106161e-01 3.510689990281826850e-02 3.510689990281826850e-02
4.089999999999999858e+01 9.614939462737565057e-01 1.245139128196923184e-01 2.101392938127632018e-02 2.101392938127632018e-02
4.110000000000000142e+01 9.643328110350810611e-01 1.127711639229277280e-01 1.098315516682863563e-02 1.098315516682863563e-02
4.130000000000000426e+01 9.710206770778747609e-01 1.359464889293642009e-01 6.194255479969765395e-03 6.194255479969765395e-03
4.150000000000000000e+01 9.735247787292797828e-01 1.097330149991166820e-01 3.367886837274592163e-03 3.367886837274592163e-03
4.170000000000000284e+01 9.820384344707367985e-01 1.149533797984173267e-01 1.486880466472303161e-03 1.486880466472303161e-03
4.189999999999999858e+01 1.011186862218613980e+00 2.140878797416182755e-01 5.193823561170500015e-04 5.193823561170500015e-04
4.210000000000000142e+01 1.028122667159279802e+00 1.651403851386125110e-01 1.338948277723787884e-04 1.338948277723787884e-04
4.230000000000000426e+01 1.179615404826879654e+00 3.826550805791073540e-01 5.183025591188856698e-05 5.183025591188856698e-05
4.250000000000000000e+01 1.156080295192799978e+00 3.604022176320373916e-01 2.213583846236907499e-05 2.213583846236907499e-05
4.270000000000000284e+01 1.062144345376941246e+00 1.482100675636597309e-01 8.638375985314760599e-06 8.638375985314760599e-06
