3.910000000000000142e+01 1.362484465018992230e+00 5.578877582619137278e-03
3.929999999999999716e+01 1.433087947245220040e+00 5.666417897604063107e-03
3.950000000000000000e+01 1.457232204528846609e+00 5.775092830087658231e-03
3.970000000000000284e+01 1.358751105079498700e+00 5.585854568455524312e-03
3.989999999999999858e+01 1.001159750742094623e+00 4.027719975618872933e-03
4.010000000000000142e+01 8.373014054441759724e-01 2.408573428257900287e-03
4.029999999999999716e+01 8.570761372423343349e-01 2.461141103629925844e-03
4.050000000000000000e+01 8.868746795979982611e-01 2.638621547592712776e-03
4.070000000000000284e+01 9.105359224207976165e-01 2.927238107680146459e-03
4.089999999999999858e+01 9.211407323447470263e-01 3.289844241602951722e-03
4.110000000000000142e+01 9.076790013337956431e-01 3.621017216683237137e-03
4.129999999999999716e+01 9.051985595226234027e-01 3.984945032216296625e-03
4.150000000000000000e+01 8.908526748397319617e-01 4.420168348627594168e-03
4.170000000000000284e+01 8.917389549814933591e-01 5.440932603004058031e-03
4.189999999999999858e+01 9.133555817974480240e-01 7.907152612680793877e-03
4.210000000000000142e+01 9.538003556136269712e-01 1.174030599405105450e-02
4.229999999999999716e+01 9.677335123260324412e-01 1.740829116376938976e-02
4.250000000000000000e+01 9.975242312757439667e-01 2.833991938433982546e-02
4.270000000000000284e+01 1.190326587658713020e+00 6.271936350682896788e-02
4.289999999999999858e+01 1.707611693824254484e+00 1.874631470922161203e-01
4.310000000000000142e+01 2.230296151135137350e+00 3.057621908519306264e-01
4.329999999999999716e+01 2.705718685764611831e+00 9.669283671103137134e-01
4.350000000000000000e+01 6.426563337372059870e+00 4.561655999372147718e+00
