2.166666666666666741e-02 1.655764999999999782e+04
4.454545454545454780e-02 2.531058181818182129e+04
6.211111111111110999e-02 2.901373777777777650e+04
8.302469135802469091e-02 2.585888395061728079e+04
1.001960784313725428e-01 2.423118137254902103e+04
1.238590604026845732e-01 7.328003892617450219e+03
1.404228855721393054e-01 3.944896915422885286e+03
1.630075187969924899e-01 1.006578842105262993e+04
1.808858858858858887e-01 4.774924084084083916e+03
2.036394557823129059e-01 -1.076403174603174648e+03
2.190557939914163088e-01 -2.266511587982834044e+02
2.426502732240437277e-01 2.802685100182149654e+03
2.596589259796807103e-01 3.373666603773584939e+03
2.811171662125340753e-01 4.249018760217983072e+03
3.008784530386739986e-01 3.977095248618784808e+03
3.206315289648623001e-01 4.414930227920228390e+03
3.399619047619047429e-01 4.944372771428571468e+03
3.619689737470166979e-01 3.061288821002386612e+03
3.799070887818307152e-01 2.410192724019270372e+03
4.013341804320203487e-01 3.584349434561626367e+03
4.195595854922279933e-01 3.966007906735751021e+03
4.407771883289124948e-01 3.271246946419098094e+03
4.600780487804878027e-01 3.061562868292682651e+03
4.807973648341663520e-01 3.271147991821899268e+03
5.009150981177412643e-01 2.265312157789347111e+03
5.204555984555984116e-01 1.178576806177606386e+03
5.419053527118044000e-01 2.631619734136830630e+03
5.606541598694942952e-01 3.089087217944534586e+03
5.706576338400528581e-01 2.355926849306014446e+03
