2.166666666666666741e-02 7.105083516666666583e+03
4.454545454545454780e-02 9.060555909090910063e+03
6.211111111111110999e-02 8.997049555555557163e+03
8.302469135802469091e-02 6.358460246913580704e+03
1.001960784313725428e-01 4.929868921568627229e+03
1.238590604026845732e-01 3.716449865771812256e+03
1.404228855721393054e-01 2.904977910447760678e+03
1.630075187969924899e-01 2.451012481203007610e+03
1.808858858858858887e-01 2.065236036036036239e+03
2.036394557823129059e-01 1.666128027210884284e+03
2.190557939914163088e-01 1.443279055793991574e+03
2.426502732240437277e-01 1.182771111111111168e+03
2.596589259796807103e-01 1.119211465892597971e+03
2.811171662125340753e-01 1.009558841961852750e+03
3.008784530386739986e-01 9.428093325966850671e+02
3.206315289648623001e-01 8.833977863247862388e+02
3.399619047619047429e-01 8.066213085714285853e+02
3.619689737470166979e-01 7.231238926014319759e+02
3.799070887818307152e-01 7.096980681348932194e+02
4.013341804320203487e-01 6.512954275730622840e+02
4.195595854922279933e-01 5.557178871617732057e+02
4.407771883289124948e-01 5.391764148541113855e+02
4.600780487804878027e-01 5.116215219512195631e+02
4.807973648341663520e-01 4.733800990458882438e+02
5.009150981177412643e-01 4.483991001201441122e+02
5.204555984555984116e-01 4.225417949806949878e+02
5.419053527118044000e-01 3.960387451258418992e+02
5.606541598694942952e-01 3.623081752039151979e+02
5.706576338400528581e-01 3.466775842696629866e+02
