2.166666666666666741e-02 8.837033333333332848e+03
4.454545454545454780e-02 1.487088909090909146e+04
6.211111111111110999e-02 1.730091244444444601e+04
8.302469135802469091e-02 1.276000740740740912e+04
1.001960784313725428e-01 8.553689019607843875e+03
1.238590604026845732e-01 5.057952214765100507e+03
1.404228855721393054e-01 5.550061990049751330e+03
1.630075187969924899e-01 4.741667819548873013e+03
1.808858858858858887e-01 2.903281021021021388e+03
2.036394557823129059e-01 2.869372018140589716e+03
2.190557939914163088e-01 1.800287182403433690e+03
2.426502732240437277e-01 8.924608506375227535e+02
2.596589259796807103e-01 1.842358606676342561e+03
2.811171662125340753e-01 1.774677356948229090e+03
3.008784530386739986e-01 1.479752464088397801e+03
3.206315289648623001e-01 1.060859107312440528e+03
3.399619047619047429e-01 7.062621590476190931e+02
3.619689737470166979e-01 6.284700835322196326e+02
3.799070887818307152e-01 1.070024953888506388e+03
4.013341804320203487e-01 1.431285743329098068e+03
4.195595854922279933e-01 4.857667345998847850e+02
4.407771883289124948e-01 4.126004275862068766e+02
4.600780487804878027e-01 8.793916092682927683e+02
4.807973648341663520e-01 6.055871626533394192e+02
5.009150981177412643e-01 1.578879086904284748e+02
5.204555984555984116e-01 2.050758239382239196e+02
5.419053527118044000e-01 6.221665806451612752e+02
5.606541598694942952e-01 5.213430756933115617e+02
5.706576338400528581e-01 3.280293079973562840e+02
