2.166666666666666741e-02 9.333601000000000568e+03
4.454545454545454780e-02 9.967469545454545369e+03
6.211111111111110999e-02 9.732873111111111939e+03
8.302469135802469091e-02 6.664700617283951033e+03
1.001960784313725428e-01 5.027971764705883288e+03
1.238590604026845732e-01 3.909902080536912763e+03
1.404228855721393054e-01 2.950975771144278497e+03
1.630075187969924899e-01 2.446578157894737160e+03
1.808858858858858887e-01 2.136413033033033116e+03
2.036394557823129059e-01 1.655543537414965840e+03
2.190557939914163088e-01 1.389961309012875518e+03
2.426502732240437277e-01 1.161218852459016261e+03
2.596589259796807103e-01 1.108760551523947697e+03
2.811171662125340753e-01 9.971385967302452400e+02
3.008784530386739986e-01 9.287291425414365449e+02
3.206315289648623001e-01 8.667191994301995237e+02
3.399619047619047429e-01 7.695815571428571502e+02
3.619689737470166979e-01 6.784407875894988820e+02
3.799070887818307152e-01 6.697772195457673661e+02
4.013341804320203487e-01 6.100078691232529309e+02
4.195595854922279933e-01 5.200292262521588782e+02
4.407771883289124948e-01 5.077803968169761220e+02
4.600780487804878027e-01 4.846640278048780601e+02
4.807973648341663520e-01 4.544134652430713572e+02
5.009150981177412643e-01 4.207763676411693154e+02
5.204555984555984116e-01 3.950055590733590520e+02
5.419053527118044000e-01 3.814573257710031839e+02
5.606541598694942952e-01 3.532811477977161871e+02
5.706576338400528581e-01 3.386055690680767043e+02
