2.166666666666666741e-02 7.202779666666666344e+03
4.454545454545454780e-02 8.937237272727272284e+03
6.211111111111110999e-02 8.698499555555554252e+03
8.302469135802469091e-02 6.132853333333333467e+03
1.001960784313725428e-01 4.888055686274509753e+03
1.238590604026845732e-01 3.645013959731544219e+03
1.404228855721393054e-01 2.758202238805969500e+03
1.630075187969924899e-01 2.349308721804511151e+03
1.808858858858858887e-01 1.981312282282282240e+03
2.036394557823129059e-01 1.595532290249433117e+03
2.190557939914163088e-01 1.374548690987124701e+03
2.426502732240437277e-01 1.065442604735883378e+03
2.596589259796807103e-01 1.008526458635703875e+03
2.811171662125340753e-01 9.340690531335150126e+02
3.008784530386739986e-01 8.895910662983426391e+02
3.206315289648623001e-01 8.165019097815763871e+02
3.399619047619047429e-01 7.083291752380953312e+02
3.619689737470166979e-01 6.439497398568018980e+02
3.799070887818307152e-01 6.304537591190639887e+02
4.013341804320203487e-01 5.662550177890724399e+02
4.195595854922279933e-01 4.915554346574554074e+02
4.407771883289124948e-01 4.812975029177719080e+02
4.600780487804878027e-01 4.562330785365853671e+02
4.807973648341663520e-01 4.251926388005451827e+02
5.009150981177412643e-01 3.944227392871445659e+02
5.204555984555984116e-01 3.730239965250964929e+02
5.419053527118044000e-01 3.554650872031194240e+02
5.606541598694942952e-01 3.300853445350734319e+02
5.706576338400528581e-01 3.254624170522141640e+02
