2.166666666666666741e-02 2.914358333333333212e+04
4.454545454545454780e-02 1.233435409090908979e+04
6.211111111111110999e-02 1.339940377777777576e+04
8.302469135802469091e-02 1.693325530864197572e+04
1.001960784313725428e-01 1.278457617647058760e+04
1.238590604026845732e-01 3.481585140939596840e+03
1.404228855721393054e-01 4.142407442786069623e+03
1.630075187969924899e-01 5.932452744360903125e+03
1.808858858858858887e-01 4.600178228228228363e+03
2.036394557823129059e-01 4.551770975056689167e+03
2.190557939914163088e-01 2.425780150214591686e+03
2.426502732240437277e-01 1.524162167577413584e+03
2.596589259796807103e-01 2.636286531204644234e+03
2.811171662125340753e-01 2.329421689373296886e+03
3.008784530386739986e-01 2.103337259668508068e+03
3.206315289648623001e-01 2.092465868945868806e+03
3.399619047619047429e-01 1.314323222857142810e+03
3.619689737470166979e-01 2.462090501193317493e+02
3.799070887818307152e-01 4.701358258774948240e+02
4.013341804320203487e-01 1.562553851969504649e+03
4.195595854922279933e-01 1.745144785261946026e+03
4.407771883289124948e-01 1.340523859946949642e+03
4.600780487804878027e-01 1.065039252682926872e+03
4.807973648341663520e-01 1.014174577010449752e+03
5.009150981177412643e-01 5.022771021225470349e+02
5.204555984555984116e-01 -1.708194787644788448e+01
5.419053527118044000e-01 9.497390255228642673e+02
5.606541598694942952e-01 1.178064231908645979e+03
5.706576338400528581e-01 7.040025054857899249e+02
