2.166666666666666741e-02 2.429035000000000309e+03
4.454545454545454780e-02 1.493782045454545369e+04
6.211111111111110999e-02 1.327272311111111230e+04
8.302469135802469091e-02 8.628462716049381925e+03
1.001960784313725428e-01 6.448092460784313516e+03
1.238590604026845732e-01 4.757526114093959222e+03
1.404228855721393054e-01 4.641154328358208659e+03
1.630075187969924899e-01 3.259622556390977934e+03
1.808858858858858887e-01 2.529571111111110895e+03
2.036394557823129059e-01 2.397682947845805302e+03
2.190557939914163088e-01 1.411961356223175926e+03
2.426502732240437277e-01 1.007039147540983777e+03
2.596589259796807103e-01 1.149148824383164083e+03
2.811171662125340753e-01 9.332778746594004815e+02
3.008784530386739986e-01 1.531177082872928167e+03
3.206315289648623001e-01 1.312881660018993443e+03
3.399619047619047429e-01 3.970051133333333269e+02
3.619689737470166979e-01 -7.892793365155132790e+01
3.799070887818307152e-01 3.680055721954576029e+02
4.013341804320203487e-01 8.636798564167723953e+02
4.195595854922279933e-01 4.997995910189982283e+02
4.407771883289124948e-01 5.008682634482758544e+02
4.600780487804878027e-01 6.951645458536586375e+02
4.807973648341663520e-01 5.419382971376646765e+02
5.009150981177412643e-01 2.827283400080096385e+02
5.204555984555984116e-01 3.146313320463320338e+02
5.419053527118044000e-01 6.101912219071250547e+02
5.606541598694942952e-01 6.124828570962479262e+02
5.706576338400528581e-01 5.347211559814936663e+02
