2.166666666666666741e-02 8.740345283333334010e+03
4.454545454545454780e-02 1.014409636363636309e+04
6.211111111111110999e-02 9.821439555555556581e+03
8.302469135802469091e-02 6.677964814814815327e+03
1.001960784313725428e-01 5.022375196078431145e+03
1.238590604026845732e-01 3.881997046979866354e+03
1.404228855721393054e-01 3.000715920398009985e+03
1.630075187969924899e-01 2.488402293233082673e+03
1.808858858858858887e-01 2.111066276276276312e+03
2.036394557823129059e-01 1.717111791383219725e+03
2.190557939914163088e-01 1.502166673819742300e+03
2.426502732240437277e-01 1.229432222222222208e+03
2.596589259796807103e-01 1.147400014513788165e+03
2.811171662125340753e-01 1.039554346049046217e+03
3.008784530386739986e-01 9.880566055248618795e+02
3.206315289648623001e-01 9.083946210826211427e+02
3.399619047619047429e-01 8.109522114285715588e+02
3.619689737470166979e-01 7.396541909307875358e+02
3.799070887818307152e-01 7.286942408809360359e+02
4.013341804320203487e-01 6.618480616264295122e+02
4.195595854922279933e-01 5.618878439838802024e+02
4.407771883289124948e-01 5.432535034482757510e+02
4.600780487804878027e-01 5.203531380487804654e+02
4.807973648341663520e-01 4.838512271694684159e+02
5.009150981177412643e-01 4.552427793352022150e+02
5.204555984555984116e-01 4.316548355212354977e+02
5.419053527118044000e-01 4.128143126550868374e+02
5.606541598694942952e-01 3.830910133768352352e+02
5.706576338400528581e-01 3.680748922670192087e+02
