4.150000000000000000e+01 9.575205975895022537e-01 1.255256853251522087e-01 4.104308390022675529e-02 4.104308390022675529e-02
4.170000000000000284e+01 9.578868187359685926e-01 1.132376419879669999e-01 2.746571644530828096e-02 2.746571644530828096e-02
4.189999999999999858e+01 9.604344587372307673e-01 9.875564287073528014e-02 1.350178166504697151e-02 1.350178166504697151e-02
4.210000000000000142e+01 9.685207944609258712e-01 1.271184256622454323e-01 6.539790519382355886e-03 6.539790519382355886e-03
4.230000000000000426e+01 9.727706102336047822e-01 1.122777246666228079e-01 3.320375769355361079e-03 3.320375769355361079e-03
4.250000000000000000e+01 9.830974432122226991e-01 1.273643298985285000e-01 1.534931432890616594e-03 1.534931432890616594e-03
4.270000000000000284e+01 1.011923086545961414e+00 2.057282108205936155e-01 4.653925062088327372e-04 4.653925062088327372e-04
4.289999999999999858e+01 1.036082912714792137e+00 1.900410655224479828e-01 1.047403088219414792e-04 1.047403088219414792e-04
4.310000000000000142e+01 1.137157151566577262e+00 3.489390273448562674e-01 4.751106791923118583e-05 4.751106791923118583e-05
4.330000000000000426e+01 1.200359450343597034e+00 4.070735192083298482e-01 1.619695497246517591e-05 1.619695497246517591e-05
4.350000000000000000e+01 1.029174915787801181e+00 2.477329454928771379e-02 1.619695497246517718e-06 1.619695497246517718e-06
