2.166666666666666741e-02 -3.455208333333333576e+04
4.454545454545454780e-02 -4.198116363636363531e+04
6.211111111111110999e-02 -7.697179333333333489e+04
8.302469135802469091e-02 -5.274680370370371384e+04
1.001960784313725428e-01 1.689425980392156634e+04
1.238590604026845732e-01 1.601288322147650797e+04
1.404228855721393054e-01 -2.198629850746269312e+03
1.630075187969924899e-01 -9.813641390977441915e+03
1.808858858858858887e-01 -4.354127657657657437e+03
2.036394557823129059e-01 2.035095782312925076e+04
2.190557939914163088e-01 2.394464871244635287e+04
2.426502732240437277e-01 2.222290601092896759e+04
2.596589259796807103e-01 6.054867779390424403e+03
2.811171662125340753e-01 -1.092376934604904636e+04
3.008784530386739986e-01 3.444240883977898307e+02
3.206315289648623001e-01 -2.614067901234568126e+03
3.399619047619047429e-01 -4.226142209523809470e+03
3.619689737470166979e-01 4.834864105011934043e+03
3.799070887818307152e-01 3.865714748795595369e+03
4.013341804320203487e-01 1.004894021601015879e+03
4.195595854922279933e-01 -3.752796430627519726e+02
4.407771883289124948e-01 -7.058994610079575068e+03
4.600780487804878027e-01 -5.139530839024390843e+03
4.807973648341663520e-01 2.621554753293957219e+03
5.009150981177412643e-01 -1.323308189026831769e+03
5.204555984555984116e-01 -5.080355884169883211e+03
5.419053527118044000e-01 -5.007784104927330191e+03
5.606541598694942952e-01 2.401589037520388672e+02
5.706576338400528581e-01 5.325789689358889518e+03
