2.166666666666666741e-02 1.021599283333333369e+04
4.454545454545454780e-02 1.011847545454545434e+04
6.211111111111110999e-02 9.574390222222224111e+03
8.302469135802469091e-02 6.530441481481481787e+03
1.001960784313725428e-01 4.892336568627451015e+03
1.238590604026845732e-01 3.908488120805368908e+03
1.404228855721393054e-01 2.963711393034825960e+03
1.630075187969924899e-01 2.347256879699248202e+03
1.808858858858858887e-01 2.024960540540540478e+03
2.036394557823129059e-01 1.636452993197279056e+03
2.190557939914163088e-01 1.399894763948497939e+03
2.426502732240437277e-01 1.139233570127504436e+03
2.596589259796807103e-01 1.079354775036284309e+03
2.811171662125340753e-01 9.925844550408719442e+02
3.008784530386739986e-01 9.452743889502762613e+02
3.206315289648623001e-01 8.592475992402660268e+02
3.399619047619047429e-01 7.621872752380953671e+02
3.619689737470166979e-01 6.860042458233891693e+02
3.799070887818307152e-01 6.639687006194080823e+02
4.013341804320203487e-01 6.059509250317662463e+02
4.195595854922279933e-01 5.179766989061599816e+02
4.407771883289124948e-01 5.003185729442971024e+02
4.600780487804878027e-01 4.760539282926828832e+02
4.807973648341663520e-01 4.396322576101771347e+02
5.009150981177412643e-01 4.139741722066480634e+02
5.204555984555984116e-01 3.936462984555984690e+02
5.419053527118044000e-01 3.781128227578872725e+02
5.606541598694942952e-01 3.511186632952691866e+02
5.706576338400528581e-01 3.354301566424322232e+02
