2.166666666666666741e-02 7.508786166666667668e+03
4.454545454545454780e-02 8.334802272727274612e+03
6.211111111111110999e-02 8.155125111111111437e+03
8.302469135802469091e-02 5.761232716049382361e+03
1.001960784313725428e-01 4.563572058823529005e+03
1.238590604026845732e-01 3.476604966442952900e+03
1.404228855721393054e-01 2.556260796019900226e+03
1.630075187969924899e-01 2.265732368421052342e+03
1.808858858858858887e-01 1.977285495495495752e+03
2.036394557823129059e-01 1.496103854875283560e+03
2.190557939914163088e-01 1.260613583690987070e+03
2.426502732240437277e-01 9.469701457194900058e+02
2.596589259796807103e-01 8.713085631349781579e+02
2.811171662125340753e-01 8.540216798365121349e+02
3.008784530386739986e-01 8.366768276243093396e+02
3.206315289648623001e-01 7.436692079772079751e+02
3.399619047619047429e-01 6.398979371428570175e+02
3.619689737470166979e-01 5.767809976133651162e+02
3.799070887818307152e-01 5.469891975223674763e+02
4.013341804320203487e-01 4.992058221092756867e+02
4.195595854922279933e-01 4.337210731145653426e+02
4.407771883289124948e-01 4.165251421750663212e+02
4.600780487804878027e-01 3.884802146341463072e+02
4.807973648341663520e-01 3.648448318945934261e+02
5.009150981177412643e-01 3.438436299559471081e+02
5.204555984555984116e-01 3.219067123552123348e+02
5.419053527118044000e-01 3.056075650478553598e+02
5.606541598694942952e-01 2.815371686786297118e+02
5.706576338400528581e-01 2.801354302709847843e+02
