3.910000000000000142e+01 8.840071333083531213e-01 2.593676431400114904e-03
3.929999999999999716e+01 9.077944866115675859e-01 2.860127468877102144e-03
3.950000000000000000e+01 9.217514136196008900e-01 3.227140871688514642e-03
3.970000000000000284e+01 9.130268258519741442e-01 3.573308592635176910e-03
3.989999999999999858e+01 9.169202138962035953e-01 3.945690299430973901e-03
4.010000000000000142e+01 9.154453158532349644e-01 3.558082421448604052e-03
4.029999999999999716e+01 9.000367545368750388e-01 5.122933320046429984e-03
4.050000000000000000e+01 9.060922772260261437e-01 7.052117744505228408e-03
4.070000000000000284e+01 9.459110027129867815e-01 1.001613514149099320e-02
4.089999999999999858e+01 9.580704929622908539e-01 1.418496107978096596e-02
4.110000000000000142e+01 9.745577295338099244e-01 2.136029632151430560e-02
4.129999999999999716e+01 1.032990090792601956e+00 3.831174049978668117e-02
4.150000000000000000e+01 1.315043967416616111e+00 9.039999705153625720e-02
4.170000000000000284e+01 1.599217454264606708e+00 2.494358639494607122e-01
4.189999999999999858e+01 2.684015424065896660e+00 3.367460580196450226e-01
4.210000000000000142e+01 2.965299204608032202e+00 1.484461904531598098e+00
4.229999999999999716e+01 8.848559873933659503e+00 1.310164168920301853e+00
