3.910000000000000142e+01 9.688210323622553632e-01 1.994337685888613043e-01 1.171223409998920217e-01 1.171223409998920217e-01
3.930000000000000426e+01 9.679003631859193213e-01 1.957585518202358821e-01 9.645070726703379449e-02 9.645070726703379449e-02
3.950000000000000000e+01 9.664086574470429625e-01 1.823624946451636308e-01 7.595238095238095177e-02 7.595238095238095177e-02
3.970000000000000284e+01 9.648005049284300583e-01 1.689695156692223865e-01 6.216499298131951401e-02 6.216499298131951401e-02
3.989999999999999858e+01 9.635266762353265069e-01 1.576751703160025053e-01 5.115916207752942146e-02 5.115916207752942146e-02
4.010000000000000142e+01 9.746700064281513809e-01 1.991445550059578184e-01 6.266925817946225608e-02 6.266925817946225608e-02
4.030000000000000426e+01 9.595364130816812498e-01 1.264465999908906124e-01 3.082226541410214987e-02 3.082226541410214987e-02
4.050000000000000000e+01 9.601045009745785563e-01 1.039803774537940151e-01 1.674117265954000802e-02 1.674117265954000802e-02
4.070000000000000284e+01 9.672380456029648910e-01 1.276774836030522275e-01 8.690746139725731914e-03 8.690746139725731914e-03
4.089999999999999858e+01 9.715934303709481412e-01 1.221381467305149571e-01 4.707375013497462450e-03 4.707375013497462450e-03
4.110000000000000142e+01 9.750524906498750921e-01 1.007990950489857096e-01 2.385811467444120572e-03 2.385811467444120572e-03
4.130000000000000426e+01 9.929111386640583348e-01 1.512947989524497383e-01 9.615592268653492744e-04 9.615592268653492744e-04
4.150000000000000000e+01 1.020907581561347532e+00 2.324401690020719002e-01 2.715689450383327718e-04 2.715689450383327718e-04
4.170000000000000284e+01 1.088809863168268111e+00 2.497509600037974287e-01 7.504589137242198386e-05 7.504589137242198386e-05
4.189999999999999858e+01 1.192468074358624675e+00 4.333752474720453662e-01 3.671309793758773297e-05 3.671309793758773297e-05
4.210000000000000142e+01 1.124731952546575098e+00 2.039411938188986362e-01 1.187776697980779646e-05 1.187776697980779646e-05
4.230000000000000426e+01 1.028667867400389069e+00 2.332956624467194887e-02 2.699492495410862793e-06 2.699492495410862793e-06
