2.166666666666666741e-02 1.065932999999999993e+04
4.454545454545454780e-02 1.043183909090909037e+04
6.211111111111110999e-02 1.001834044444444407e+04
8.302469135802469091e-02 7.156453209876543042e+03
1.001960784313725428e-01 5.471382352941176578e+03
1.238590604026845732e-01 4.152221812080537347e+03
1.404228855721393054e-01 2.932460398009950495e+03
1.630075187969924899e-01 2.262061390977443352e+03
1.808858858858858887e-01 2.173464114114113727e+03
2.036394557823129059e-01 1.766625215419501046e+03
2.190557939914163088e-01 1.457545815450643659e+03
2.426502732240437277e-01 1.228394080145719727e+03
2.596589259796807103e-01 1.220049956458635506e+03
2.811171662125340753e-01 1.020931709809264476e+03
3.008784530386739986e-01 8.824143325966849716e+02
3.206315289648623001e-01 9.859588376068377329e+02
3.399619047619047429e-01 9.329074514285714486e+02
3.619689737470166979e-01 7.852595417661096917e+02
3.799070887818307152e-01 8.090719986235375245e+02
4.013341804320203487e-01 7.375804402795424721e+02
4.195595854922279933e-01 6.261685037420839990e+02
4.407771883289124948e-01 5.394882169761272053e+02
4.600780487804878027e-01 4.459299848780487423e+02
4.807973648341663520e-01 4.878226696955929356e+02
5.009150981177412643e-01 4.455909871846215538e+02
5.204555984555984116e-01 3.933090610038610180e+02
5.419053527118044000e-01 3.945677904998227632e+02
5.606541598694942952e-01 3.293845145187601702e+02
5.706576338400528581e-01 2.966862637144745349e+02
