2.166666666666666741e-02 -4.789683333333333139e+05
4.454545454545454780e-02 -2.331020000000000000e+05
6.211111111111110999e-02 -1.935566755555555574e+05
8.302469135802469091e-02 -2.680823580246913843e+04
1.001960784313725428e-01 4.188848725490197103e+04
1.238590604026845732e-01 1.638001610738254931e+04
1.404228855721393054e-01 1.549607462686567123e+04
1.630075187969924899e-01 8.068274436090223389e+03
1.808858858858858887e-01 1.662150270270270266e+04
2.036394557823129059e-01 -4.063157596371882391e+04
2.190557939914163088e-01 -4.146261373390557856e+04
2.426502732240437277e-01 2.642249614571949223e+03
2.596589259796807103e-01 3.996396188447024906e+04
2.811171662125340753e-01 2.979623329700272734e+04
3.008784530386739986e-01 -4.265416846408839774e+04
3.206315289648623001e-01 -1.915897454890788504e+04
3.399619047619047429e-01 1.394283923809523731e+04
3.619689737470166979e-01 1.439326062052505767e+04
3.799070887818307152e-01 4.634277632484516289e+03
4.013341804320203487e-01 -4.502541296060991044e+03
4.195595854922279933e-01 -1.006582533103051355e+04
4.407771883289124948e-01 8.844004180371352049e+03
4.600780487804878027e-01 5.367653551219510518e+03
4.807973648341663520e-01 -1.562950413448433210e+03
5.009150981177412643e-01 4.657342066479775895e+03
5.204555984555984116e-01 -1.816015324324324683e+04
5.419053527118044000e-01 -6.054465721375398061e+03
5.606541598694942952e-01 9.360119471451875143e+03
5.706576338400528581e-01 4.785816378056841131e+03
