2.166666666666666741e-02 6.722980983333333825e+03
4.454545454545454780e-02 8.707165454545454850e+03
6.211111111111110999e-02 8.821805111111110818e+03
8.302469135802469091e-02 6.303359876543209793e+03
1.001960784313725428e-01 4.863295196078432127e+03
1.238590604026845732e-01 3.655122147651006344e+03
1.404228855721393054e-01 2.809617810945273504e+03
1.630075187969924899e-01 2.376415338345864711e+03
1.808858858858858887e-01 2.018197177177176854e+03
2.036394557823129059e-01 1.640818412698412430e+03
2.190557939914163088e-01 1.437545858369099051e+03
2.426502732240437277e-01 1.156481183970855909e+03
2.596589259796807103e-01 1.081188185776487671e+03
2.811171662125340753e-01 9.727798378746595063e+02
3.008784530386739986e-01 8.982901535911602195e+02
3.206315289648623001e-01 8.403811984805317934e+02
3.399619047619047429e-01 7.896145876190477111e+02
3.619689737470166979e-01 7.121001455847255102e+02
3.799070887818307152e-01 6.845948210598760397e+02
4.013341804320203487e-01 6.230789625158830631e+02
4.195595854922279933e-01 5.259901208981001446e+02
4.407771883289124948e-01 5.040977432360742796e+02
4.600780487804878027e-01 4.789703043902439390e+02
4.807973648341663520e-01 4.469305343025898196e+02
5.009150981177412643e-01 4.221871890268322431e+02
5.204555984555984116e-01 3.980726517374517357e+02
5.419053527118044000e-01 3.844507256292095008e+02
5.606541598694942952e-01 3.517044939641108954e+02
5.706576338400528581e-01 3.297689451421017566e+02
