2.166666666666666741e-02 6.644611666666666861e+04
4.454545454545454780e-02 1.170896090909090890e+04
6.211111111111110999e-02 1.767104088888889237e+04
8.302469135802469091e-02 3.121836913580246619e+04
1.001960784313725428e-01 1.994783333333333212e+04
1.238590604026845732e-01 1.122374161073825417e+04
1.404228855721393054e-01 1.351044079601990052e+04
1.630075187969924899e-01 2.133744887218045187e+04
1.808858858858858887e-01 1.659741501501501625e+04
2.036394557823129059e-01 1.306965043083900127e+04
2.190557939914163088e-01 1.442231081545064626e+04
2.426502732240437277e-01 9.451643278688525243e+03
2.596589259796807103e-01 7.339023193033381176e+03
2.811171662125340753e-01 3.466402929155313814e+03
3.008784530386739986e-01 4.564070950276242911e+03
3.206315289648623001e-01 6.169959193732192944e+03
3.399619047619047429e-01 6.053092734285713959e+03
3.619689737470166979e-01 4.586096887828162835e+03
3.799070887818307152e-01 4.702328677219546080e+03
4.013341804320203487e-01 4.120226473951714979e+03
4.195595854922279933e-01 4.135933350604490442e+03
4.407771883289124948e-01 7.048706917771883127e+03
4.600780487804878027e-01 5.744821022439025000e+03
4.807973648341663520e-01 6.454087267605634224e+03
5.009150981177412643e-01 4.862025066079296266e+03
5.204555984555984116e-01 2.475093474903474544e+03
5.419053527118044000e-01 4.337632569301666081e+03
5.606541598694942952e-01 1.445032400000000507e+03
5.706576338400528581e-01 -2.175480173165895394e+03
