2.166666666666666741e-02 9.122032666666667865e+03
4.454545454545454780e-02 1.024287909090909125e+04
6.211111111111110999e-02 1.025496977777777647e+04
8.302469135802469091e-02 7.330043456790123855e+03
1.001960784313725428e-01 5.830577156862744232e+03
1.238590604026845732e-01 4.562398322147651015e+03
1.404228855721393054e-01 3.501805721393035128e+03
1.630075187969924899e-01 2.883174172932330748e+03
1.808858858858858887e-01 2.486690870870870640e+03
2.036394557823129059e-01 2.017874557823129180e+03
2.190557939914163088e-01 1.726976781115879703e+03
2.426502732240437277e-01 1.454682513661202165e+03
2.596589259796807103e-01 1.376656037735849168e+03
2.811171662125340753e-01 1.248058896457765741e+03
3.008784530386739986e-01 1.200982607734806606e+03
3.206315289648623001e-01 1.132791889838556699e+03
3.399619047619047429e-01 1.009285263809523826e+03
3.619689737470166979e-01 9.464749331742242475e+02
3.799070887818307152e-01 9.336880344115622847e+02
4.013341804320203487e-01 8.418752623888182143e+02
4.195595854922279933e-01 7.425114271732871885e+02
4.407771883289124948e-01 7.203316981432360535e+02
4.600780487804878027e-01 6.808539146341463493e+02
4.807973648341663520e-01 6.410210731485688029e+02
5.009150981177412643e-01 6.240451005206248283e+02
5.204555984555984116e-01 5.988853567567567779e+02
5.419053527118044000e-01 5.793799340659340942e+02
5.606541598694942952e-01 5.363026267536704381e+02
5.706576338400528581e-01 5.049133688037011893e+02
