2.166666666666666741e-02 7.709546500000000378e+03
4.454545454545454780e-02 8.834918181818182347e+03
6.211111111111110999e-02 8.540534444444445398e+03
8.302469135802469091e-02 6.106369753086419223e+03
1.001960784313725428e-01 4.881135196078431363e+03
1.238590604026845732e-01 3.705249395973154606e+03
1.404228855721393054e-01 2.815079502487561967e+03
1.630075187969924899e-01 2.458610075187969869e+03
1.808858858858858887e-01 2.079090630630630585e+03
2.036394557823129059e-01 1.589712721088435501e+03
2.190557939914163088e-01 1.358246845493562205e+03
2.426502732240437277e-01 1.054532531876138364e+03
2.596589259796807103e-01 9.725265602322207315e+02
2.811171662125340753e-01 9.110613106267029480e+02
3.008784530386739986e-01 8.781198563535911035e+02
3.206315289648623001e-01 8.105763760683760211e+02
3.399619047619047429e-01 7.178759142857142024e+02
3.619689737470166979e-01 6.424827732696898011e+02
3.799070887818307152e-01 6.271266827253956535e+02
4.013341804320203487e-01 5.548779599745870428e+02
4.195595854922279933e-01 4.702319994242947701e+02
4.407771883289124948e-01 4.644487230769231019e+02
4.600780487804878027e-01 4.375851395121950986e+02
4.807973648341663520e-01 4.102312244434348258e+02
5.009150981177412643e-01 3.865245883059671428e+02
5.204555984555984116e-01 3.685632880308880317e+02
5.419053527118044000e-01 3.574857380361573860e+02
5.606541598694942952e-01 3.249139425774877168e+02
5.706576338400528581e-01 3.107675783212160923e+02
