2.166666666666666741e-02 1.019025556666666671e+04
4.454545454545454780e-02 1.022821772727272582e+04
6.211111111111110999e-02 9.498410444444443783e+03
8.302469135802469091e-02 6.506084320987653882e+03
1.001960784313725428e-01 4.907375196078430236e+03
1.238590604026845732e-01 3.850402684563758612e+03
1.404228855721393054e-01 2.969241243781094454e+03
1.630075187969924899e-01 2.482240676691729277e+03
1.808858858858858887e-01 2.142252402402402367e+03
2.036394557823129059e-01 1.650911315192743814e+03
2.190557939914163088e-01 1.415528776824034367e+03
2.426502732240437277e-01 1.182804954462659225e+03
2.596589259796807103e-01 1.106136618287373039e+03
2.811171662125340753e-01 9.966767070844686032e+02
3.008784530386739986e-01 9.388020784530386891e+02
3.206315289648623001e-01 8.659907939221272954e+02
3.399619047619047429e-01 7.593813447619047565e+02
3.619689737470166979e-01 6.802939236276848760e+02
3.799070887818307152e-01 6.770821851342051332e+02
4.013341804320203487e-01 6.192206378653113461e+02
4.195595854922279933e-01 5.211865221646517057e+02
4.407771883289124948e-01 4.985952997347479823e+02
4.600780487804878027e-01 4.830814224390243794e+02
4.807973648341663520e-01 4.484300954111766941e+02
5.009150981177412643e-01 4.090242647176611968e+02
5.204555984555984116e-01 3.934290656370656620e+02
5.419053527118044000e-01 3.803534898971996085e+02
5.606541598694942952e-01 3.507838551386623180e+02
5.706576338400528581e-01 3.409025538664904502e+02
