4.150000000000000000e+01 8.908526748397319617e-01 4.420168348627594168e-03
4.170000000000000284e+01 8.917389549814933591e-01 5.440932603004058031e-03
4.189999999999999858e+01 9.133555817974480240e-01 7.907152612680793877e-03
4.210000000000000142e+01 9.538003556136269712e-01 1.174030599405105450e-02
4.229999999999999716e+01 9.677335123260324412e-01 1.740829116376938976e-02
4.250000000000000000e+01 9.975242312757439667e-01 2.833991938433982546e-02
4.270000000000000284e+01 1.190326587658713020e+00 6.271936350682896788e-02
4.289999999999999858e+01 1.707611693824254484e+00 1.874631470922161203e-01
4.310000000000000142e+01 2.230296151135137350e+00 3.057621908519306264e-01
4.329999999999999716e+01 2.705718685764611831e+00 9.669283671103137134e-01
4.350000000000000000e+01 6.426563337372059870e+00 4.561655999372147718e+00
