2.166666666666666741e-02 1.580312016666666750e+04
4.454545454545454780e-02 1.823802136363636600e+04
6.211111111111110999e-02 2.053595933333333596e+04
8.302469135802469091e-02 1.528084691358024429e+04
1.001960784313725428e-01 1.095596500000000015e+04
1.238590604026845732e-01 8.788198859060401446e+03
1.404228855721393054e-01 7.327882537313432294e+03
1.630075187969924899e-01 6.053483458646616782e+03
1.808858858858858887e-01 5.347754024024024147e+03
2.036394557823129059e-01 4.526724829931972636e+03
2.190557939914163088e-01 3.878769399141630856e+03
2.426502732240437277e-01 3.366598561020036414e+03
2.596589259796807103e-01 3.248501886792452751e+03
2.811171662125340753e-01 2.945226934604905182e+03
3.008784530386739986e-01 2.910315900552485800e+03
3.206315289648623001e-01 2.802347502374168926e+03
3.399619047619047429e-01 2.564873866666666800e+03
3.619689737470166979e-01 2.446469116945107544e+03
3.799070887818307152e-01 2.424432842395044645e+03
4.013341804320203487e-01 2.268414002541296213e+03
4.195595854922279933e-01 2.097126516983304555e+03
4.407771883289124948e-01 2.061803177718832558e+03
4.600780487804878027e-01 1.956372248780487553e+03
4.807973648341663520e-01 1.837089613811903519e+03
5.009150981177412643e-01 1.773151678013616447e+03
5.204555984555984116e-01 1.725584505791505535e+03
5.419053527118044000e-01 1.692789624246721132e+03
5.606541598694942952e-01 1.585281138662316607e+03
5.706576338400528581e-01 1.505430753469927367e+03
