2.166666666666666741e-02 1.568809300000000076e+04
4.454545454545454780e-02 1.612193590909090744e+04
6.211111111111110999e-02 1.788229088888889237e+04
8.302469135802469091e-02 1.334759691358024793e+04
1.001960784313725428e-01 9.711825000000000728e+03
1.238590604026845732e-01 7.639660671140939485e+03
1.404228855721393054e-01 6.279523731343283544e+03
1.630075187969924899e-01 5.240578872180451071e+03
1.808858858858858887e-01 4.531589639639639245e+03
2.036394557823129059e-01 3.906884852607709490e+03
2.190557939914163088e-01 3.438822145922747040e+03
2.426502732240437277e-01 2.955608779599271202e+03
2.596589259796807103e-01 2.847356008708272839e+03
2.811171662125340753e-01 2.637745980926430093e+03
3.008784530386739986e-01 2.537898585635359268e+03
3.206315289648623001e-01 2.340618860398860761e+03
3.399619047619047429e-01 2.158147114285714451e+03
3.619689737470166979e-01 2.076085513126491605e+03
3.799070887818307152e-01 2.089602188575361197e+03
4.013341804320203487e-01 1.981255120711562995e+03
4.195595854922279933e-01 1.766596257915946808e+03
4.407771883289124948e-01 1.728631437665782414e+03
4.600780487804878027e-01 1.625993243902438962e+03
4.807973648341663520e-01 1.515872971376646774e+03
5.009150981177412643e-01 1.493914745694833755e+03
5.204555984555984116e-01 1.454960509652509472e+03
5.419053527118044000e-01 1.415327415809996410e+03
5.606541598694942952e-01 1.326783957585644430e+03
5.706576338400528581e-01 1.271286338400528848e+03
