2.166666666666666741e-02 8.457594999999999345e+03
4.454545454545454780e-02 1.254421545454545412e+04
6.211111111111110999e-02 1.020004444444444380e+04
8.302469135802469091e-02 5.836445555555555075e+03
1.001960784313725428e-01 7.255643921568626865e+03
1.238590604026845732e-01 5.193252013422818891e+03
1.404228855721393054e-01 4.775082686567164274e+03
1.630075187969924899e-01 4.339904060150375699e+03
1.808858858858858887e-01 2.193708288288287804e+03
2.036394557823129059e-01 1.751790022675736964e+03
2.190557939914163088e-01 8.714377360515022701e+02
2.426502732240437277e-01 4.221594626593807789e+02
2.596589259796807103e-01 1.310667024673439755e+03
2.811171662125340753e-01 1.670295803814713736e+03
3.008784530386739986e-01 1.554590475138121519e+03
3.206315289648623001e-01 1.241741158594491935e+03
3.399619047619047429e-01 5.439181561904762248e+02
3.619689737470166979e-01 -1.429378520286396181e+01
3.799070887818307152e-01 4.224628651066759062e+02
4.013341804320203487e-01 9.426752052096569514e+02
4.195595854922279933e-01 9.449347461139897177e+02
4.407771883289124948e-01 7.480598742705569748e+02
4.600780487804878027e-01 7.105312200000000757e+02
4.807973648341663520e-01 7.985493475692867378e+02
5.009150981177412643e-01 5.024348288346016034e+02
5.204555984555984116e-01 3.712039254054054709e+02
5.419053527118044000e-01 8.099100798298477457e+02
5.606541598694942952e-01 6.252746137030995897e+02
5.706576338400528581e-01 1.573877825512227844e+02
