2.166666666666666741e-02 7.473238666666665267e+03
4.454545454545454780e-02 9.558564090909088918e+03
6.211111111111110999e-02 9.860628000000000611e+03
8.302469135802469091e-02 6.459370123456789770e+03
1.001960784313725428e-01 4.588884509803921901e+03
1.238590604026845732e-01 3.518467919463087583e+03
1.404228855721393054e-01 2.748896019900497322e+03
1.630075187969924899e-01 2.390364436090225354e+03
1.808858858858858887e-01 2.119754954954954883e+03
2.036394557823129059e-01 1.631036190476190313e+03
2.190557939914163088e-01 1.404655407725321766e+03
2.426502732240437277e-01 1.112703730418943451e+03
2.596589259796807103e-01 9.860166008708274603e+02
2.811171662125340753e-01 9.600780517711172024e+02
3.008784530386739986e-01 9.503703867403315826e+02
3.206315289648623001e-01 8.520547549857549257e+02
3.399619047619047429e-01 7.524288685714286657e+02
3.619689737470166979e-01 6.833770238663483951e+02
3.799070887818307152e-01 6.339576751548520406e+02
4.013341804320203487e-01 5.766162693773824230e+02
4.195595854922279933e-01 5.123251940126655199e+02
4.407771883289124948e-01 4.770043289124668604e+02
4.600780487804878027e-01 4.484568614634146684e+02
4.807973648341663520e-01 4.235903707405724390e+02
5.009150981177412643e-01 3.932527252703243903e+02
5.204555984555984116e-01 3.775436949806949656e+02
5.419053527118044000e-01 3.570291609358383766e+02
5.606541598694942952e-01 3.202736606851549936e+02
5.706576338400528581e-01 3.068622538003965587e+02
