2.166666666666666741e-02 8.319931966666666995e+03
4.454545454545454780e-02 9.121444545454545732e+03
6.211111111111110999e-02 9.237272888888888701e+03
8.302469135802469091e-02 6.523823333333332812e+03
1.001960784313725428e-01 5.015812450980391986e+03
1.238590604026845732e-01 3.946069932885905473e+03
1.404228855721393054e-01 2.972501990049751385e+03
1.630075187969924899e-01 2.461874812030075645e+03
1.808858858858858887e-01 2.066978258258258393e+03
2.036394557823129059e-01 1.643916009070294649e+03
2.190557939914163088e-01 1.451649678111587946e+03
2.426502732240437277e-01 1.155902495446265903e+03
2.596589259796807103e-01 1.083351814223512292e+03
2.811171662125340753e-01 1.000898569482288849e+03
3.008784530386739986e-01 9.246709546961326396e+02
3.206315289648623001e-01 8.518100408357075821e+02
3.399619047619047429e-01 7.863774409523808799e+02
3.619689737470166979e-01 6.943796276849642481e+02
3.799070887818307152e-01 6.701030068823124566e+02
4.013341804320203487e-01 6.131284777636594754e+02
4.195595854922279933e-01 5.237030690846286234e+02
4.407771883289124948e-01 5.109725416445622841e+02
4.600780487804878027e-01 4.823843912195122243e+02
4.807973648341663520e-01 4.455099868241707668e+02
5.009150981177412643e-01 4.189564120945133823e+02
5.204555984555984116e-01 3.981729621621621504e+02
5.419053527118044000e-01 3.897596621765331406e+02
5.606541598694942952e-01 3.572443843393148768e+02
5.706576338400528581e-01 3.335126463978849642e+02
