2.166666666666666741e-02 -1.745389999999999782e+04
4.454545454545454780e-02 1.878901818181818453e+04
6.211111111111110999e-02 4.061670000000000437e+04
8.302469135802469091e-02 2.928411604938271557e+04
1.001960784313725428e-01 1.370740490196078463e+04
1.238590604026845732e-01 5.728249530201343077e+03
1.404228855721393054e-01 3.369851044776119579e+03
1.630075187969924899e-01 6.088019812030075627e+03
1.808858858858858887e-01 5.286538768768768932e+03
2.036394557823129059e-01 2.143869972789115764e+03
2.190557939914163088e-01 3.184513587982833087e+03
2.426502732240437277e-01 3.706943424408016767e+02
2.596589259796807103e-01 3.172714862119013105e+03
2.811171662125340753e-01 1.544880245231607660e+03
3.008784530386739986e-01 -4.695654497237569558e+03
3.206315289648623001e-01 -1.845447587844254258e+03
3.399619047619047429e-01 -1.685059038095237838e+03
3.619689737470166979e-01 -1.852185871121718037e+03
3.799070887818307152e-01 -5.073300612525807196e+02
4.013341804320203487e-01 -1.015652439008894362e+03
4.195595854922279933e-01 -9.596355325273459584e+02
4.407771883289124948e-01 -2.661218652519894022e+03
4.600780487804878027e-01 -1.709906878048780300e+03
4.807973648341663520e-01 2.225929568378010117e+03
5.009150981177412643e-01 8.710932038446137540e+02
5.204555984555984116e-01 2.642044949806950740e+02
5.419053527118044000e-01 1.567517246366536710e+03
5.606541598694942952e-01 -6.195447275693312577e+02
5.706576338400528581e-01 -2.395934190350297740e+03
