3.910000000000000142e+01 8.718501330104696523e-01 3.252719325847233146e-03
3.929999999999999716e+01 8.219255347198659578e-01 2.433974761837472221e-03
3.950000000000000000e+01 8.696726652851949346e-01 2.521521813471029345e-03
3.970000000000000284e+01 8.986071973855839223e-01 2.735989132445292450e-03
3.989999999999999858e+01 9.211595810701319609e-01 3.087314168075477438e-03
4.010000000000000142e+01 9.316050776619225759e-01 3.008786412522529864e-03
4.029999999999999716e+01 9.202395750489057447e-01 3.799993023472024879e-03
4.050000000000000000e+01 9.008715595796923381e-01 4.216586840533724685e-03
4.070000000000000284e+01 8.954625459010404631e-01 4.790062322079955900e-03
4.089999999999999858e+01 9.116399671245047909e-01 6.252694532139431091e-03
4.110000000000000142e+01 9.362323127755250995e-01 8.819830989426539689e-03
4.129999999999999716e+01 9.472968298056062553e-01 1.211759108607167630e-02
4.150000000000000000e+01 9.403827119081108465e-01 1.738810152106138457e-02
4.170000000000000284e+01 1.001389723286593592e+00 2.900854927891455617e-02
4.189999999999999858e+01 1.037162564348883986e+00 6.311378354710699135e-02
4.210000000000000142e+01 1.460081830418134885e+00 1.853144561936113655e-01
4.229999999999999716e+01 2.293599621539035738e+00 2.471855592305068350e-01
4.250000000000000000e+01 4.827014020998297461e+00 4.250175261490451439e-01
4.270000000000000284e+01 3.142257928241285914e+00 1.225805912982515178e+00
