2.166666666666666741e-02 -5.218608333333333576e+04
4.454545454545454780e-02 -2.905380999999999767e+04
6.211111111111110999e-02 -1.076814933333333465e+04
8.302469135802469091e-02 1.787548148148146993e+03
1.001960784313725428e-01 1.748186176470588180e+04
1.238590604026845732e-01 2.771323422818791732e+04
1.404228855721393054e-01 2.983227675621890739e+04
1.630075187969924899e-01 1.851396213533835180e+04
1.808858858858858887e-01 1.948825075075075074e+04
2.036394557823129059e-01 1.494979569160997744e+04
2.190557939914163088e-01 8.539843572961373866e+03
2.426502732240437277e-01 1.925857924408014878e+04
2.596589259796807103e-01 1.858761973875181502e+04
2.811171662125340753e-01 2.311165531335149353e+03
3.008784530386739986e-01 6.569746629834253326e+03
3.206315289648623001e-01 1.442712940170940055e+04
3.399619047619047429e-01 1.175592462857142891e+04
3.619689737470166979e-01 7.757117136038185890e+03
3.799070887818307152e-01 8.418894728148658032e+03
4.013341804320203487e-01 9.833041362134687006e+03
4.195595854922279933e-01 1.121092141853770954e+04
4.407771883289124948e-01 9.549572726790451270e+03
4.600780487804878027e-01 1.398479058536585171e+03
4.807973648341663520e-01 1.232704439800090995e+03
5.009150981177412643e-01 1.823351498598317903e+03
5.204555984555984116e-01 2.400230189189188877e+03
5.419053527118044000e-01 3.334649025168383218e+02
5.606541598694942952e-01 -1.746756198368678497e+03
5.706576338400528581e-01 4.405357911434235803e+02
