2.166666666666666741e-02 8.875205366666667032e+03
4.454545454545454780e-02 9.389227727272727861e+03
6.211111111111110999e-02 9.016843333333334158e+03
8.302469135802469091e-02 6.046658765432098335e+03
1.001960784313725428e-01 4.665876960784314178e+03
1.238590604026845732e-01 3.754279798657718402e+03
1.404228855721393054e-01 2.782764278606965945e+03
1.630075187969924899e-01 2.227230827067669452e+03
1.808858858858858887e-01 1.916339279279279253e+03
2.036394557823129059e-01 1.520436984126984044e+03
2.190557939914163088e-01 1.296679806866952958e+03
2.426502732240437277e-01 1.060276939890710537e+03
2.596589259796807103e-01 1.010595108853410807e+03
2.811171662125340753e-01 9.263320626702995924e+02
3.008784530386739986e-01 8.803204243093922514e+02
3.206315289648623001e-01 8.052335470085469069e+02
3.399619047619047429e-01 7.033743885714284261e+02
3.619689737470166979e-01 6.213350763723149157e+02
3.799070887818307152e-01 6.067871163110805810e+02
4.013341804320203487e-01 5.542614085133417348e+02
4.195595854922279933e-01 4.724071899827287666e+02
4.407771883289124948e-01 4.575484164456232747e+02
4.600780487804878027e-01 4.415837370731707097e+02
4.807973648341663520e-01 4.133356219900045403e+02
5.009150981177412643e-01 3.780678289947937287e+02
5.204555984555984116e-01 3.573826420849421197e+02
5.419053527118044000e-01 3.455983870967742178e+02
5.606541598694942952e-01 3.195593536704731150e+02
5.706576338400528581e-01 3.070819477858559026e+02
