2.166666666666666741e-02 1.557237833333333401e+04
4.454545454545454780e-02 9.347613181818182056e+03
6.211111111111110999e-02 8.520622444444445136e+03
8.302469135802469091e-02 6.222854320987655228e+03
1.001960784313725428e-01 5.460934411764706056e+03
1.238590604026845732e-01 5.111098993288590464e+03
1.404228855721393054e-01 4.141738407960198856e+03
1.630075187969924899e-01 3.497631315789473774e+03
1.808858858858858887e-01 2.969307237237237587e+03
2.036394557823129059e-01 2.164477981859410647e+03
2.190557939914163088e-01 1.798990836909871405e+03
2.426502732240437277e-01 1.560517559198542813e+03
2.596589259796807103e-01 1.798212148040638567e+03
2.811171662125340753e-01 1.636859700272479586e+03
3.008784530386739986e-01 1.248308872928176470e+03
3.206315289648623001e-01 1.353636894586894414e+03
3.399619047619047429e-01 1.148310602857142840e+03
3.619689737470166979e-01 7.021070572792363009e+02
3.799070887818307152e-01 8.641087873365451060e+02
4.013341804320203487e-01 8.406029644218550629e+02
4.195595854922279933e-01 5.596213851468047551e+02
4.407771883289124948e-01 5.230337931034482608e+02
4.600780487804878027e-01 6.085672731707317098e+02
4.807973648341663520e-01 6.791428577919128884e+02
5.009150981177412643e-01 6.661357120544653299e+02
5.204555984555984116e-01 5.973593849420849438e+02
5.419053527118044000e-01 5.805802658631689610e+02
5.606541598694942952e-01 5.450981539967373237e+02
5.706576338400528581e-01 4.590506582947785432e+02
