2.166666666666666741e-02 8.904428333333333285e+03
4.454545454545454780e-02 9.933375909090909772e+03
6.211111111111110999e-02 9.231990444444443710e+03
8.302469135802469091e-02 6.143617160493827214e+03
1.001960784313725428e-01 4.651370686274509353e+03
1.238590604026845732e-01 3.635010872483221647e+03
1.404228855721393054e-01 2.726866865671641790e+03
1.630075187969924899e-01 2.235673609022556320e+03
1.808858858858858887e-01 1.919753573573573476e+03
2.036394557823129059e-01 1.523785986394557767e+03
2.190557939914163088e-01 1.309816373390558056e+03
2.426502732240437277e-01 1.061965030965391406e+03
2.596589259796807103e-01 9.886738200290274108e+02
2.811171662125340753e-01 8.881540899182560906e+02
3.008784530386739986e-01 8.411244552486188013e+02
3.206315289648623001e-01 7.636060455840455461e+02
3.399619047619047429e-01 6.868212599999999384e+02
3.619689737470166979e-01 6.247642362768496014e+02
3.799070887818307152e-01 6.078174115622849740e+02
4.013341804320203487e-01 5.403138684879288576e+02
4.195595854922279933e-01 4.477862510074841680e+02
4.407771883289124948e-01 4.343826482758621523e+02
4.600780487804878027e-01 4.100168741463414790e+02
4.807973648341663520e-01 3.764731740118128300e+02
5.009150981177412643e-01 3.589778313976772210e+02
5.204555984555984116e-01 3.391233220077220381e+02
5.419053527118044000e-01 3.255976586316908765e+02
5.606541598694942952e-01 3.073068270799347488e+02
5.706576338400528581e-01 2.946382319894249804e+02
