2.166666666666666741e-02 -3.624525000000000000e+05
4.454545454545454780e-02 -3.993228636363636469e+05
6.211111111111110999e-02 -3.286284444444444380e+05
8.302469135802469091e-02 -1.128827160493827250e+03
1.001960784313725428e-01 2.275267186274509877e+05
1.238590604026845732e-01 2.182654161073826253e+04
1.404228855721393054e-01 -1.863902865671641775e+05
1.630075187969924899e-01 7.735181954887219035e+03
1.808858858858858887e-01 1.209799351351351361e+05
2.036394557823129059e-01 1.022443537414965135e+03
2.190557939914163088e-01 -1.181941017167381942e+05
2.426502732240437277e-01 9.771996357012760654e+02
2.596589259796807103e-01 1.056731949201741809e+05
2.811171662125340753e-01 1.018157861035422684e+04
3.008784530386739986e-01 -7.448303403314917523e+04
3.206315289648623001e-01 1.413221576448243468e+04
3.399619047619047429e-01 7.875600723809523333e+04
3.619689737470166979e-01 -3.120969642004773050e+04
3.799070887818307152e-01 -3.876755272677219909e+04
4.013341804320203487e-01 2.408265939517153674e+04
4.195595854922279933e-01 1.862356803684513579e+04
4.407771883289124948e-01 -1.607249522546419030e+04
4.600780487804878027e-01 -4.317753950243902364e+04
4.807973648341663520e-01 -4.117617628350749328e+03
5.009150981177412643e-01 6.522816499799759913e+04
5.204555984555984116e-01 -1.458953355212355382e+04
5.419053527118044000e-01 -6.705681981566820468e+04
5.606541598694942952e-01 3.035988365415987209e+04
5.706576338400528581e-01 8.458241017845339957e+04
