2.166666666666666741e-02 7.449920500000001084e+03
4.454545454545454780e-02 8.651403636363636906e+03
6.211111111111110999e-02 8.158040666666668585e+03
8.302469135802469091e-02 5.783011728395061255e+03
1.001960784313725428e-01 4.698344803921568200e+03
1.238590604026845732e-01 3.515695704697986457e+03
1.404228855721393054e-01 2.691730099502487519e+03
1.630075187969924899e-01 2.270613872180451381e+03
1.808858858858858887e-01 1.870300120120120027e+03
2.036394557823129059e-01 1.439618798185941159e+03
2.190557939914163088e-01 1.247047467811158867e+03
2.426502732240437277e-01 1.033898444444444294e+03
2.596589259796807103e-01 9.710762060957908943e+02
2.811171662125340753e-01 8.658666457765667701e+02
3.008784530386739986e-01 8.038496353591159505e+02
3.206315289648623001e-01 7.550936248812914755e+02
3.399619047619047429e-01 6.563725609523809226e+02
3.619689737470166979e-01 5.644308782816228813e+02
3.799070887818307152e-01 5.601069924294562270e+02
4.013341804320203487e-01 5.129992293519694613e+02
4.195595854922279933e-01 4.332608330454807515e+02
4.407771883289124948e-01 4.103473809018567522e+02
4.600780487804878027e-01 3.975487497560975498e+02
4.807973648341663520e-01 3.683714965924579587e+02
5.009150981177412643e-01 3.351819146976371258e+02
5.204555984555984116e-01 3.261388722007722549e+02
5.419053527118044000e-01 3.093571237149946569e+02
5.606541598694942952e-01 2.767603461663948110e+02
5.706576338400528581e-01 2.650259173826834171e+02
