2.166666666666666741e-02 8.761710049999999683e+03
4.454545454545454780e-02 9.312224545454546387e+03
6.211111111111110999e-02 8.650978222222222030e+03
8.302469135802469091e-02 5.923974074074074451e+03
1.001960784313725428e-01 4.644814411764705255e+03
1.238590604026845732e-01 3.545754697986576957e+03
1.404228855721393054e-01 2.742219950248756049e+03
1.630075187969924899e-01 2.330408721804511515e+03
1.808858858858858887e-01 1.981087777777777774e+03
2.036394557823129059e-01 1.527326621315192824e+03
2.190557939914163088e-01 1.280130879828326215e+03
2.426502732240437277e-01 1.072513497267759476e+03
2.596589259796807103e-01 1.010145253991291611e+03
2.811171662125340753e-01 9.003947356948228844e+02
3.008784530386739986e-01 8.527946872928176845e+02
3.206315289648623001e-01 7.919270892687560490e+02
3.399619047619047429e-01 6.948674866666666503e+02
3.619689737470166979e-01 6.287572601431980956e+02
3.799070887818307152e-01 6.222037006194080959e+02
4.013341804320203487e-01 5.686290457433291294e+02
4.195595854922279933e-01 4.859260938399539214e+02
4.407771883289124948e-01 4.701463114058355472e+02
4.600780487804878027e-01 4.476060482926829422e+02
4.807973648341663520e-01 4.082258636983190172e+02
5.009150981177412643e-01 3.841311822186623886e+02
5.204555984555984116e-01 3.616326945945945681e+02
5.419053527118044000e-01 3.400830304856433486e+02
5.606541598694942952e-01 3.146123530179445424e+02
5.706576338400528581e-01 3.016113245208195508e+02
