2.166666666666666741e-02 8.356938583333334464e+03
4.454545454545454780e-02 9.451254090909091246e+03
6.211111111111110999e-02 9.353511333333333823e+03
8.302469135802469091e-02 6.393878518518517922e+03
1.001960784313725428e-01 4.830475784313725853e+03
1.238590604026845732e-01 3.801399798657718748e+03
1.404228855721393054e-01 2.936732736318408115e+03
1.630075187969924899e-01 2.494242030075187813e+03
1.808858858858858887e-01 2.079930750750750576e+03
2.036394557823129059e-01 1.636582063492063298e+03
2.190557939914163088e-01 1.441156824034334932e+03
2.426502732240437277e-01 1.164584098360655616e+03
2.596589259796807103e-01 1.092487735849056435e+03
2.811171662125340753e-01 9.808515762942778338e+02
3.008784530386739986e-01 9.002433270718233871e+02
3.206315289648623001e-01 8.420976733143401134e+02
3.399619047619047429e-01 7.810469523809524617e+02
3.619689737470166979e-01 6.969627255369929344e+02
3.799070887818307152e-01 6.693310963523744022e+02
4.013341804320203487e-01 6.089777407878018494e+02
4.195595854922279933e-01 5.152847190558434249e+02
4.407771883289124948e-01 4.901197167108753092e+02
4.600780487804878027e-01 4.716539629268293083e+02
4.807973648341663520e-01 4.451553830077237421e+02
5.009150981177412643e-01 4.138127825390468502e+02
5.204555984555984116e-01 3.895504127413126980e+02
5.419053527118044000e-01 3.782357727756115082e+02
5.606541598694942952e-01 3.500936013050571205e+02
5.706576338400528581e-01 3.324979510905486109e+02
