2.166666666666666741e-02 9.020349333333333561e+03
4.454545454545454780e-02 9.147302727272726770e+03
6.211111111111110999e-02 8.280085777777778276e+03
8.302469135802469091e-02 5.634909876543209975e+03
1.001960784313725428e-01 4.215904803921568600e+03
1.238590604026845732e-01 3.339727449664429514e+03
1.404228855721393054e-01 2.698860746268656840e+03
1.630075187969924899e-01 2.304071729323308318e+03
1.808858858858858887e-01 1.897768018018017983e+03
2.036394557823129059e-01 1.431391224489796059e+03
2.190557939914163088e-01 1.234339012875536355e+03
2.426502732240437277e-01 1.021305781420765129e+03
2.596589259796807103e-01 9.704490769230770866e+02
2.811171662125340753e-01 8.758417493188011349e+02
3.008784530386739986e-01 7.922943359116022748e+02
3.206315289648623001e-01 7.337444444444444116e+02
3.399619047619047429e-01 6.690495428571429102e+02
3.619689737470166979e-01 5.945333747016707093e+02
3.799070887818307152e-01 5.793066765313145652e+02
4.013341804320203487e-01 5.159865298602287567e+02
4.195595854922279933e-01 4.426169792746114240e+02
4.407771883289124948e-01 4.289814774535809079e+02
4.600780487804878027e-01 4.012915424390243970e+02
4.807973648341663520e-01 3.742035897319400419e+02
5.009150981177412643e-01 3.585587941529835803e+02
5.204555984555984116e-01 3.410195235521235304e+02
5.419053527118044000e-01 3.145320173697270434e+02
5.606541598694942952e-01 2.807318538336052143e+02
5.706576338400528581e-01 2.647318757435558609e+02
