2.166666666666666741e-02 8.189137999999999010e+03
4.454545454545454780e-02 8.356366818181819326e+03
6.211111111111110999e-02 7.555451111111110549e+03
8.302469135802469091e-02 5.172342716049382943e+03
1.001960784313725428e-01 4.041237156862744996e+03
1.238590604026845732e-01 3.151068389261744414e+03
1.404228855721393054e-01 2.420363980099501987e+03
1.630075187969924899e-01 2.018226127819548992e+03
1.808858858858858887e-01 1.684962492492492629e+03
2.036394557823129059e-01 1.284236145124716586e+03
2.190557939914163088e-01 1.118158969957081354e+03
2.426502732240437277e-01 8.964089981785064083e+02
2.596589259796807103e-01 8.279905921625544352e+02
2.811171662125340753e-01 7.706726839237056765e+02
3.008784530386739986e-01 7.142844817679557536e+02
3.206315289648623001e-01 6.657883428300094693e+02
3.399619047619047429e-01 5.992057580952380249e+02
3.619689737470166979e-01 5.334073675417661207e+02
3.799070887818307152e-01 5.154347288368891213e+02
4.013341804320203487e-01 4.656422229987293235e+02
4.195595854922279933e-01 4.023979147956246152e+02
4.407771883289124948e-01 3.819263018567639278e+02
4.600780487804878027e-01 3.610911356097560656e+02
4.807973648341663520e-01 3.328991753748296105e+02
5.009150981177412643e-01 3.111989939927913724e+02
5.204555984555984116e-01 2.971574405405405628e+02
5.419053527118044000e-01 2.800433303792981405e+02
5.606541598694942952e-01 2.544190052202283709e+02
5.706576338400528581e-01 2.436056384666225938e+02
