2.166666666666666741e-02 1.069375533333333260e+04
4.454545454545454780e-02 1.107483863636363640e+04
6.211111111111110999e-02 1.025364644444444457e+04
8.302469135802469091e-02 7.034738641975309292e+03
1.001960784313725428e-01 5.150187156862745724e+03
1.238590604026845732e-01 3.901621342281879606e+03
1.404228855721393054e-01 3.209819601990050160e+03
1.630075187969924899e-01 2.667380187969924918e+03
1.808858858858858887e-01 2.215537987987987890e+03
2.036394557823129059e-01 1.743631473922902387e+03
2.190557939914163088e-01 1.478301931330471916e+03
2.426502732240437277e-01 1.227806958105646572e+03
2.596589259796807103e-01 1.169598055152394636e+03
2.811171662125340753e-01 1.127242997275204516e+03
3.008784530386739986e-01 9.974648441988950935e+02
3.206315289648623001e-01 8.699387597340930824e+02
3.399619047619047429e-01 8.120019647619046737e+02
3.619689737470166979e-01 7.569220405727924117e+02
3.799070887818307152e-01 6.893723379215416571e+02
4.013341804320203487e-01 5.473527954256670682e+02
4.195595854922279933e-01 4.767239199769717288e+02
4.407771883289124948e-01 5.299913278514588910e+02
4.600780487804878027e-01 5.389804409756097812e+02
4.807973648341663520e-01 4.616562830531576651e+02
5.009150981177412643e-01 4.108612210652783574e+02
5.204555984555984116e-01 3.762747718146717943e+02
5.419053527118044000e-01 3.645525891527826730e+02
5.606541598694942952e-01 3.573755768352365862e+02
5.706576338400528581e-01 3.404780852610707029e+02
