3.910000000000000142e+01 9.876758456873151459e-01 2.455637885776243978e-01 8.530450275348235023e-02 8.530450275348235023e-02
3.930000000000000426e+01 9.870977412230363957e-01 2.447873237782034750e-01 7.492765360112299544e-02 7.492765360112299544e-02
3.950000000000000000e+01 9.845015062024639052e-01 2.370993436541107835e-01 6.481643451031206260e-02 6.481643451031206260e-02
3.970000000000000284e+01 9.787352543445736464e-01 2.199794590873336564e-01 5.609059496814598755e-02 5.609059496814598755e-02
3.989999999999999858e+01 9.710532551793713552e-01 1.922758697533417660e-01 4.960965338516359208e-02 4.960965338516359208e-02
4.010000000000000142e+01 9.762355166613766455e-01 2.086160467718816691e-01 6.356818918043408151e-02 6.356818918043408151e-02
4.030000000000000426e+01 9.582348186205873475e-01 1.332859688593031333e-01 3.795432458697765160e-02 3.795432458697765160e-02
4.050000000000000000e+01 9.561119309764056773e-01 1.174815466510198830e-01 3.244520030234315788e-02 3.244520030234315788e-02
4.070000000000000284e+01 9.555067556983101174e-01 9.920194508839637326e-02 2.322319403952056993e-02 2.322319403952056993e-02
4.089999999999999858e+01 9.593553945043302722e-01 9.721767756304808272e-02 1.211586221790303397e-02 1.211586221790303397e-02
4.110000000000000142e+01 9.653639528919446544e-01 1.060994932682485375e-01 5.692149875823344918e-03 5.692149875823344918e-03
4.130000000000000426e+01 9.710540279135364550e-01 1.065908265063854887e-01 2.997516466904221865e-03 2.997516466904221865e-03
4.150000000000000000e+01 9.846452057223129550e-01 1.504613264064301459e-01 1.438289601554907596e-03 1.438289601554907596e-03
4.170000000000000284e+01 9.935858413769877995e-01 1.406211936598198708e-01 5.496166720656516696e-04 5.496166720656516696e-04
4.189999999999999858e+01 1.016335143775865868e+00 1.466324148662137283e-01 1.193175682971601406e-04 1.193175682971601406e-04
4.210000000000000142e+01 1.166451855525174608e+00 3.716645927767785462e-01 4.859086491739553112e-05 4.859086491739553112e-05
4.230000000000000426e+01 1.177725623876202610e+00 3.945954916408143109e-01 1.943634596695821177e-05 1.943634596695821177e-05
4.250000000000000000e+01 1.042657865149735130e+00 9.178677715156775829e-02 6.478781988986070872e-06 6.478781988986070872e-06
