2.166666666666666741e-02 9.566847483333333003e+03
4.454545454545454780e-02 1.006135272727272604e+04
6.211111111111110999e-02 9.580904000000000451e+03
8.302469135802469091e-02 6.613190246913579358e+03
1.001960784313725428e-01 4.987924117647058665e+03
1.238590604026845732e-01 3.860895100671140881e+03
1.404228855721393054e-01 2.971762238805969901e+03
1.630075187969924899e-01 2.469391541353383673e+03
1.808858858858858887e-01 2.107134954954954992e+03
2.036394557823129059e-01 1.643284058956916169e+03
2.190557939914163088e-01 1.417694957081544999e+03
2.426502732240437277e-01 1.190888123861566555e+03
2.596589259796807103e-01 1.118570986937590533e+03
2.811171662125340753e-01 9.950191825613078436e+02
3.008784530386739986e-01 9.307412044198895273e+02
3.206315289648623001e-01 8.659832317188985371e+02
3.399619047619047429e-01 7.659249723809524539e+02
3.619689737470166979e-01 6.863903818615751788e+02
3.799070887818307152e-01 6.792746889194768301e+02
4.013341804320203487e-01 6.169693964421855981e+02
4.195595854922279933e-01 5.245342953367875225e+02
4.407771883289124948e-01 5.099038679045092408e+02
4.600780487804878027e-01 4.871760287804878544e+02
4.807973648341663520e-01 4.486289650159018265e+02
5.009150981177412643e-01 4.122600881057268225e+02
5.204555984555984116e-01 3.918692629343629505e+02
5.419053527118044000e-01 3.829263406593406103e+02
5.606541598694942952e-01 3.554482809135399179e+02
5.706576338400528581e-01 3.410660654329146837e+02
