3.910000000000000142e+01 8.731415740337320486e-01 3.044931624122613686e-03
3.929999999999999716e+01 8.885104861884731697e-01 3.251156596317774511e-03
3.950000000000000000e+01 8.916415463070276326e-01 3.499828166367670475e-03
3.970000000000000284e+01 8.851869491194138684e-01 3.767889605049796684e-03
3.989999999999999858e+01 8.850849135710638915e-01 4.011863508564512612e-03
4.010000000000000142e+01 9.068700052252387511e-01 3.532953603850287182e-03
4.029999999999999716e+01 8.643999925910120785e-01 4.606267992141038423e-03
4.050000000000000000e+01 8.711016572835948990e-01 4.994642441555178364e-03
4.070000000000000284e+01 8.685597644729687872e-01 5.948113988206444290e-03
4.089999999999999858e+01 8.877407119141011993e-01 8.404010782757374495e-03
4.110000000000000142e+01 9.092753198770303635e-01 1.280155174290422901e-02
4.129999999999999716e+01 9.521631407758027743e-01 1.858353311733552601e-02
4.150000000000000000e+01 1.015639557201708065e+00 2.956886476512722919e-02
4.170000000000000284e+01 1.057088258359894617e+00 5.821401194350633163e-02
4.189999999999999858e+01 1.747459882847197443e+00 1.725475233518096729e-01
4.210000000000000142e+01 2.364672272908574513e+00 2.639622780181394290e-01
4.229999999999999716e+01 3.104507089405937670e+00 7.418766503415196167e-01
4.250000000000000000e+01 2.397880948910717791e+00 2.199879720894932333e+00
