2.166666666666666741e-02 1.733523666666666759e+04
4.454545454545454780e-02 1.202516818181818235e+04
6.211111111111110999e-02 1.146745377777777867e+04
8.302469135802469091e-02 9.879186913580246255e+03
1.001960784313725428e-01 6.611353039215686294e+03
1.238590604026845732e-01 4.045514295302013579e+03
1.404228855721393054e-01 3.408217711442785912e+03
1.630075187969924899e-01 3.315726466165413512e+03
1.808858858858858887e-01 2.598989429429429492e+03
2.036394557823129059e-01 1.862758140589569393e+03
2.190557939914163088e-01 1.512815686695279283e+03
2.426502732240437277e-01 1.107916958105646700e+03
2.596589259796807103e-01 1.144549158200290549e+03
2.811171662125340753e-01 1.199712302452315953e+03
3.008784530386739986e-01 1.240818497237569318e+03
3.206315289648623001e-01 1.123095963912630623e+03
3.399619047619047429e-01 1.077337586666666766e+03
3.619689737470166979e-01 1.068208038186157410e+03
3.799070887818307152e-01 1.074877583620096402e+03
4.013341804320203487e-01 8.868923564167725999e+02
4.195595854922279933e-01 7.856144018422568251e+02
4.407771883289124948e-01 7.533312795755966818e+02
4.600780487804878027e-01 6.439745653658536639e+02
4.807973648341663520e-01 7.424940431621989774e+02
5.009150981177412643e-01 7.469982370845012838e+02
5.204555984555984116e-01 6.198738795366796239e+02
5.419053527118044000e-01 6.195974895427152660e+02
5.606541598694942952e-01 5.275678538336052270e+02
5.706576338400528581e-01 3.979434289491077834e+02
