2.166666666666666741e-02 9.765518000000000029e+03
4.454545454545454780e-02 9.873933181818183584e+03
6.211111111111110999e-02 1.004194866666666712e+04
8.302469135802469091e-02 6.886365185185186419e+03
1.001960784313725428e-01 4.762278235294118531e+03
1.238590604026845732e-01 3.483673557046979568e+03
1.404228855721393054e-01 2.836166069651741509e+03
1.630075187969924899e-01 2.601657406015036941e+03
1.808858858858858887e-01 2.361261291291291400e+03
2.036394557823129059e-01 1.834031927437641798e+03
2.190557939914163088e-01 1.526464978540772336e+03
2.426502732240437277e-01 1.192151402550091007e+03
2.596589259796807103e-01 1.069354716981132015e+03
2.811171662125340753e-01 1.032054073569482171e+03
3.008784530386739986e-01 9.497235513812153158e+02
3.206315289648623001e-01 8.300687075023740817e+02
3.399619047619047429e-01 7.856699295238095146e+02
3.619689737470166979e-01 7.279523603818616948e+02
3.799070887818307152e-01 6.610802030282175110e+02
4.013341804320203487e-01 5.874042147395172151e+02
4.195595854922279933e-01 5.083844507772021188e+02
4.407771883289124948e-01 4.875199018567638518e+02
4.600780487804878027e-01 4.908510492682927406e+02
4.807973648341663520e-01 4.615726651522035695e+02
5.009150981177412643e-01 4.318757192631157977e+02
5.204555984555984116e-01 4.371420976833977079e+02
5.419053527118044000e-01 3.979437554058844739e+02
5.606541598694942952e-01 3.465446019575856553e+02
5.706576338400528581e-01 3.393277309980172163e+02
