2.166666666666666741e-02 -3.850666666666666515e+03
4.454545454545454780e-02 1.247651363636363567e+04
6.211111111111110999e-02 4.048402888888888265e+04
8.302469135802469091e-02 5.890904197530864622e+04
1.001960784313725428e-01 3.262786470588235534e+04
1.238590604026845732e-01 1.382339216107382526e+04
1.404228855721393054e-01 1.740640413930348586e+04
1.630075187969924899e-01 1.879339962406014820e+04
1.808858858858858887e-01 1.099160738738738837e+04
2.036394557823129059e-01 -2.749768707482962427e+00
2.190557939914163088e-01 5.421640969957081325e+03
2.426502732240437277e-01 1.342861548269581181e+04
2.596589259796807103e-01 9.370618795355587281e+03
2.811171662125340753e-01 7.025499816076293428e+03
3.008784530386739986e-01 6.102197740331492241e+03
3.206315289648623001e-01 3.517084938271605097e+03
3.399619047619047429e-01 2.655222952380953529e+02
3.619689737470166979e-01 1.636391002386634909e+03
3.799070887818307152e-01 -3.201524088093597697e+02
4.013341804320203487e-01 -4.960341041931384325e+02
4.195595854922279933e-01 3.552352567645365525e+03
4.407771883289124948e-01 4.339862912466843227e+03
4.600780487804878027e-01 6.148814004878047854e+03
4.807973648341663520e-01 7.836029895502045292e+03
5.009150981177412643e-01 4.250611872246696294e+03
5.204555984555984116e-01 4.166248333976834147e+03
5.419053527118044000e-01 5.204918404820985415e+03
5.606541598694942952e-01 2.509301526916802231e+03
5.706576338400528581e-01 1.812197501652346318e+03
