2.166666666666666741e-02 -3.801716666666666861e+05
4.454545454545454780e-02 -2.024266636363636062e+05
6.211111111111110999e-02 -9.077970666666667967e+04
8.302469135802469091e-02 -3.376667283950617275e+04
1.001960784313725428e-01 -5.882875490196081046e+03
1.238590604026845732e-01 6.267855033557048046e+03
1.404228855721393054e-01 3.365258358208954451e+04
1.630075187969924899e-01 -1.327263909774438616e+03
1.808858858858858887e-01 -3.658487297297296755e+04
2.036394557823129059e-01 -3.228071768707481624e+03
2.190557939914163088e-01 1.780897628755364713e+04
2.426502732240437277e-01 -5.200363205828779428e+03
2.596589259796807103e-01 2.374961248185777094e+03
2.811171662125340753e-01 6.976722070844687551e+03
3.008784530386739986e-01 -2.678040174585635032e+04
3.206315289648623001e-01 -4.407817739791071290e+03
3.399619047619047429e-01 2.277520266666666794e+04
3.619689737470166979e-01 1.067313603818615957e+04
3.799070887818307152e-01 -3.494336792842394516e+03
4.013341804320203487e-01 -1.295853151207115161e+03
4.195595854922279933e-01 -2.950469326424870360e+03
4.407771883289124948e-01 -8.230577395225463988e+03
4.600780487804878027e-01 9.833963287804876927e+02
4.807973648341663520e-01 1.628264399818264110e+03
5.009150981177412643e-01 -2.631071878253904742e+03
5.204555984555984116e-01 -5.328166208494209059e+03
5.419053527118044000e-01 3.905433392414036916e+03
5.606541598694942952e-01 3.154255458401304622e+03
5.706576338400528581e-01 -5.950853813615333820e+03
