2.166666666666666741e-02 3.235191666666666788e+04
4.454545454545454780e-02 -1.471268181818181802e+04
6.211111111111110999e-02 5.469922222222219716e+03
8.302469135802469091e-02 2.017355555555555475e+04
1.001960784313725428e-01 5.439965882352941662e+03
1.238590604026845732e-01 5.998814228187918161e+03
1.404228855721393054e-01 1.371099830845771066e+04
1.630075187969924899e-01 1.424825812030075213e+04
1.808858858858858887e-01 1.368047207207207066e+04
2.036394557823129059e-01 5.633751290249433623e+03
2.190557939914163088e-01 9.488330298283261072e+03
2.426502732240437277e-01 2.027608087431694003e+04
2.596589259796807103e-01 1.171804761973875247e+04
2.811171662125340753e-01 3.452073950953678377e+03
3.008784530386739986e-01 1.712762906077348362e+03
3.206315289648623001e-01 4.841019800569800282e+03
3.399619047619047429e-01 8.354453314285714441e+03
3.619689737470166979e-01 1.225826116945107242e+04
3.799070887818307152e-01 1.157079485203028344e+04
4.013341804320203487e-01 8.659578735705208601e+03
4.195595854922279933e-01 1.086222185952792279e+04
4.407771883289124948e-01 9.718625856763927004e+03
4.600780487804878027e-01 5.701461946341464682e+03
4.807973648341663520e-01 6.969452925942753609e+03
5.009150981177412643e-01 5.763552643171806267e+03
5.204555984555984116e-01 4.209221347490347398e+03
5.419053527118044000e-01 4.602485208082240206e+03
5.606541598694942952e-01 4.566334235562805588e+03
5.706576338400528581e-01 5.859183661599470724e+03
