2.166666666666666741e-02 6.629633333333332303e+03
4.454545454545454780e-02 8.525048181818179728e+03
6.211111111111110999e-02 8.577062888888887755e+03
8.302469135802469091e-02 7.055811111111110222e+03
1.001960784313725428e-01 5.756585294117646299e+03
1.238590604026845732e-01 3.924717852348992892e+03
1.404228855721393054e-01 3.007405174129353327e+03
1.630075187969924899e-01 2.453226315789474029e+03
1.808858858858858887e-01 2.278683483483483542e+03
2.036394557823129059e-01 1.816065192743764101e+03
2.190557939914163088e-01 1.588981330472103082e+03
2.426502732240437277e-01 1.328769890710382469e+03
2.596589259796807103e-01 1.171397547169811332e+03
2.811171662125340753e-01 1.074062604904632281e+03
3.008784530386739986e-01 1.049231427624309390e+03
3.206315289648623001e-01 9.647079867046534218e+02
3.399619047619047429e-01 8.731876380952380714e+02
3.619689737470166979e-01 7.390402434367540536e+02
3.799070887818307152e-01 6.861736083964211730e+02
4.013341804320203487e-01 6.444826696315120671e+02
4.195595854922279933e-01 5.506137092688543362e+02
4.407771883289124948e-01 4.755139480106100791e+02
4.600780487804878027e-01 4.139387712195122049e+02
4.807973648341663520e-01 4.453084875056791816e+02
5.009150981177412643e-01 4.117767937525029538e+02
5.204555984555984116e-01 3.751348934362933960e+02
5.419053527118044000e-01 3.932811527827011560e+02
5.606541598694942952e-01 3.236597092985318227e+02
5.706576338400528581e-01 2.531226311962987268e+02
