2.166666666666666741e-02 -1.301921666666666715e+05
4.454545454545454780e-02 -2.169431363636363531e+05
6.211111111111110999e-02 -8.645448888888888177e+04
8.302469135802469091e-02 4.479083950617283699e+04
1.001960784313725428e-01 5.308747450980392750e+04
1.238590604026845732e-01 3.235710335570470124e+04
1.404228855721393054e-01 3.619468656716417900e+04
1.630075187969924899e-01 4.629813157894735923e+04
1.808858858858858887e-01 6.890806606606605783e+03
2.036394557823129059e-01 -4.378626553287982097e+04
2.190557939914163088e-01 -1.340375987124463427e+04
2.426502732240437277e-01 -2.482052094717669661e+03
2.596589259796807103e-01 5.565912626995646860e+03
2.811171662125340753e-01 7.755506130790190582e+03
3.008784530386739986e-01 -5.191357248618784797e+04
3.206315289648623001e-01 -2.681674981006648159e+04
3.399619047619047429e-01 1.674982690476190328e+04
3.619689737470166979e-01 -1.890913890214796993e+03
3.799070887818307152e-01 -5.070675884377152215e+03
4.013341804320203487e-01 -2.839254764930114561e+03
4.195595854922279933e-01 -1.867326211859527757e+04
4.407771883289124948e-01 7.964251724137932797e+03
4.600780487804878027e-01 1.934892092682927250e+04
4.807973648341663520e-01 4.503969704679690949e+03
5.009150981177412643e-01 9.337048864877853703e+03
5.204555984555984116e-01 -4.520334210193050239e+03
5.419053527118044000e-01 6.498489507266926012e+03
5.606541598694942952e-01 8.019417879282214926e+03
5.706576338400528581e-01 -1.114964666226041118e+04
