2.166666666666666741e-02 1.059645666666666693e+04
4.454545454545454780e-02 1.069325590909090897e+04
6.211111111111110999e-02 1.041896733333333395e+04
8.302469135802469091e-02 7.142709506172839610e+03
1.001960784313725428e-01 4.744404705882351664e+03
1.238590604026845732e-01 3.642540201342281762e+03
1.404228855721393054e-01 3.101699800995024816e+03
1.630075187969924899e-01 2.717590263157894697e+03
1.808858858858858887e-01 2.419451261261261152e+03
2.036394557823129059e-01 1.776803061224489738e+03
2.190557939914163088e-01 1.419092532188841233e+03
2.426502732240437277e-01 1.200012695810564537e+03
2.596589259796807103e-01 1.185152394775036328e+03
2.811171662125340753e-01 1.123184768392370643e+03
3.008784530386739986e-01 9.706517480662982962e+02
3.206315289648623001e-01 9.227681120607787761e+02
3.399619047619047429e-01 7.882422266666666246e+02
3.619689737470166979e-01 6.328298997613364918e+02
3.799070887818307152e-01 6.673319098417068744e+02
4.013341804320203487e-01 6.262548329097839996e+02
4.195595854922279933e-01 5.625131410477835061e+02
4.407771883289124948e-01 5.219847411140583517e+02
4.600780487804878027e-01 4.712244131707317365e+02
4.807973648341663520e-01 4.797452348932304176e+02
5.009150981177412643e-01 4.738948746495794353e+02
5.204555984555984116e-01 4.398968061776062086e+02
5.419053527118044000e-01 4.365527904998227768e+02
5.606541598694942952e-01 3.681244753670472960e+02
5.706576338400528581e-01 2.963966325181758066e+02
