2.166666666666666741e-02 -5.771509999999999854e+04
4.454545454545454780e-02 4.825747272727272502e+04
6.211111111111110999e-02 8.863151111111110367e+03
8.302469135802469091e-02 1.928318765432099099e+04
1.001960784313725428e-01 9.038031372549021398e+03
1.238590604026845732e-01 -4.008967382550335606e+04
1.404228855721393054e-01 -2.966195373134328474e+04
1.630075187969924899e-01 -2.263421879699248166e+04
1.808858858858858887e-01 -1.282173657657657714e+04
2.036394557823129059e-01 1.633034358276643979e+04
2.190557939914163088e-01 2.092371716738197210e+04
2.426502732240437277e-01 8.465891985428053886e+03
2.596589259796807103e-01 3.117682148040638822e+03
2.811171662125340753e-01 -5.436911035422343048e+03
3.008784530386739986e-01 -1.164097790055248652e+03
3.206315289648623001e-01 -5.913349487179488278e+03
3.399619047619047429e-01 -8.571023628571427253e+03
3.619689737470166979e-01 -1.413010501193317623e+03
3.799070887818307152e-01 5.318449896765312587e+03
4.013341804320203487e-01 7.335933862770011729e+03
4.195595854922279933e-01 2.048373356361542847e+03
4.407771883289124948e-01 1.018819231830238641e+04
4.600780487804878027e-01 2.284533932292682948e+03
4.807973648341663520e-01 -1.236909224843253105e+04
5.009150981177412643e-01 -1.007614088906687903e+04
5.204555984555984116e-01 -7.359037007722006820e+03
5.419053527118044000e-01 -2.074727047146395265e+01
5.606541598694942952e-01 3.717183941272430275e+03
5.706576338400528581e-01 1.790136404494382305e+03
