2.166666666666666741e-02 7.407066116666667767e+03
4.454545454545454780e-02 9.875050454545455068e+03
6.211111111111110999e-02 1.060959466666666776e+04
8.302469135802469091e-02 7.320928888888888650e+03
1.001960784313725428e-01 5.547504117647059502e+03
1.238590604026845732e-01 4.442313691275167912e+03
1.404228855721393054e-01 3.414023532338308542e+03
1.630075187969924899e-01 2.808172669172932274e+03
1.808858858858858887e-01 2.475523243243243087e+03
2.036394557823129059e-01 2.025207369614512572e+03
2.190557939914163088e-01 1.751067274678111744e+03
2.426502732240437277e-01 1.484186338797814187e+03
2.596589259796807103e-01 1.372928258345428276e+03
2.811171662125340753e-01 1.230220258855585826e+03
3.008784530386739986e-01 1.188398651933701785e+03
3.206315289648623001e-01 1.103771680911680960e+03
3.399619047619047429e-01 9.863137742857144303e+02
3.619689737470166979e-01 9.182652243436755271e+02
3.799070887818307152e-01 9.036563895388850369e+02
4.013341804320203487e-01 8.327035648030496304e+02
4.195595854922279933e-01 7.314286960276339187e+02
4.407771883289124948e-01 7.215015952254641434e+02
4.600780487804878027e-01 6.834313804878048586e+02
4.807973648341663520e-01 6.323573025897319440e+02
5.009150981177412643e-01 6.018275654785743427e+02
5.204555984555984116e-01 5.734018270270269113e+02
5.419053527118044000e-01 5.621514998227578417e+02
5.606541598694942952e-01 5.184112319738989072e+02
5.706576338400528581e-01 4.881519643093192258e+02
