2.166666666666666741e-02 1.017553171666666640e+04
4.454545454545454780e-02 9.860145000000000437e+03
6.211111111111110999e-02 9.618138888888888687e+03
8.302469135802469091e-02 6.663451851851851643e+03
1.001960784313725428e-01 5.029436372549019325e+03
1.238590604026845732e-01 3.869115906040268783e+03
1.404228855721393054e-01 2.936630646766169320e+03
1.630075187969924899e-01 2.458943233082706683e+03
1.808858858858858887e-01 2.055476096096096171e+03
2.036394557823129059e-01 1.641115759637188148e+03
2.190557939914163088e-01 1.439572961373390626e+03
2.426502732240437277e-01 1.178494262295081853e+03
2.596589259796807103e-01 1.116879898403483367e+03
2.811171662125340753e-01 1.025549727520435908e+03
3.008784530386739986e-01 9.545737436464088432e+02
3.206315289648623001e-01 8.731969249762582876e+02
3.399619047619047429e-01 7.821184161904761822e+02
3.619689737470166979e-01 7.069259785202863213e+02
3.799070887818307152e-01 6.956064074328975266e+02
4.013341804320203487e-01 6.271651696315120716e+02
4.195595854922279933e-01 5.360047271157167188e+02
4.407771883289124948e-01 5.267966196286472496e+02
4.600780487804878027e-01 5.049078073170730931e+02
4.807973648341663520e-01 4.641111026805997426e+02
5.009150981177412643e-01 4.347453608329996086e+02
5.204555984555984116e-01 4.170908992277992411e+02
5.419053527118044000e-01 3.898276848635236433e+02
5.606541598694942952e-01 3.562498323001631206e+02
5.706576338400528581e-01 3.459502366159946973e+02
