2.166666666666666741e-02 5.788114700000000994e+03
4.454545454545454780e-02 6.245007272727272721e+03
6.211111111111110999e-02 5.870728888888889742e+03
8.302469135802469091e-02 4.231502345679012251e+03
1.001960784313725428e-01 3.329172941176470886e+03
1.238590604026845732e-01 2.396762617449664504e+03
1.404228855721393054e-01 1.798454378109452819e+03
1.630075187969924899e-01 1.557375977443609145e+03
1.808858858858858887e-01 1.344980780780780606e+03
2.036394557823129059e-01 1.036267365079364936e+03
2.190557939914163088e-01 8.869413154506437422e+02
2.426502732240437277e-01 7.139135828779599251e+02
2.596589259796807103e-01 6.783221611030478471e+02
2.811171662125340753e-01 6.201861498637601926e+02
3.008784530386739986e-01 5.621899723756906724e+02
3.206315289648623001e-01 5.254306847103514428e+02
3.399619047619047429e-01 4.694311523809523692e+02
3.619689737470166979e-01 4.158877732696897169e+02
3.799070887818307152e-01 4.092089311768754101e+02
4.013341804320203487e-01 3.648746982210926717e+02
4.195595854922279933e-01 3.115751007484167872e+02
4.407771883289124948e-01 3.093794477453580498e+02
4.600780487804878027e-01 2.883639843902439566e+02
4.807973648341663520e-01 2.586172398909586718e+02
5.009150981177412643e-01 2.439816363636363974e+02
5.204555984555984116e-01 2.374422606177606099e+02
5.419053527118044000e-01 2.266123406593406457e+02
5.606541598694942952e-01 2.034784137030995055e+02
5.706576338400528581e-01 1.925790627891605880e+02
