2.166666666666666741e-02 1.067822883333333266e+04
4.454545454545454780e-02 1.027717454545454530e+04
6.211111111111110999e-02 1.062030533333333369e+04
8.302469135802469091e-02 7.360162222222222226e+03
1.001960784313725428e-01 4.936764019607843693e+03
1.238590604026845732e-01 3.676797248322147880e+03
1.404228855721393054e-01 3.142393532338308432e+03
1.630075187969924899e-01 2.657921654135338486e+03
1.808858858858858887e-01 2.201651591591591568e+03
2.036394557823129059e-01 1.741926984126984053e+03
2.190557939914163088e-01 1.481924721030042747e+03
2.426502732240437277e-01 1.204381639344262339e+03
2.596589259796807103e-01 1.106760972423802514e+03
2.811171662125340753e-01 9.820273896457764522e+02
3.008784530386739986e-01 9.408604441988949247e+02
3.206315289648623001e-01 9.072570864197531364e+02
3.399619047619047429e-01 8.329133695238094788e+02
3.619689737470166979e-01 7.586510501193317850e+02
3.799070887818307152e-01 7.214211892635926233e+02
4.013341804320203487e-01 6.329082744599745638e+02
4.195595854922279933e-01 5.402380472078295952e+02
4.407771883289124948e-01 5.087694228116711201e+02
4.600780487804878027e-01 4.872092375609756232e+02
4.807973648341663520e-01 4.662935333939118436e+02
5.009150981177412643e-01 4.582762967561072855e+02
5.204555984555984116e-01 4.470971791505792226e+02
5.419053527118044000e-01 3.928656125487416375e+02
5.606541598694942952e-01 3.426207386623164552e+02
5.706576338400528581e-01 3.291654382022472305e+02
