9.100000000000001421e+00 9.206320374380231319e-01 2.925775327390628747e-03
9.300000000000002487e+00 9.263901383524363320e-01 3.485182926296987328e-03
9.500000000000001776e+00 9.255167105959387630e-01 4.416180184970624339e-03
9.700000000000001066e+00 9.197132565467689425e-01 5.946299539410793318e-03
9.900000000000002132e+00 9.423361314635160246e-01 8.790564558518867283e-03
1.010000000000000320e+01 9.444834508126009887e-01 1.476465437070252108e-02
1.030000000000000249e+01 9.949689890873929521e-01 2.933516327307694738e-02
1.050000000000000178e+01 1.142904754219674412e+00 8.938131985837767524e-02
1.070000000000000284e+01 1.360465763186805344e+00 3.590912976902021492e-01
1.090000000000000391e+01 2.499530212236327209e+00 9.627796015190792644e-01
