2.166666666666666741e-02 9.473105700000000070e+03
4.454545454545454780e-02 9.826415909090908826e+03
6.211111111111110999e-02 9.328972666666666555e+03
8.302469135802469091e-02 6.479127530864197070e+03
1.001960784313725428e-01 4.944352352941175923e+03
1.238590604026845732e-01 3.775373758389261184e+03
1.404228855721393054e-01 2.913216318407959989e+03
1.630075187969924899e-01 2.450160827067669288e+03
1.808858858858858887e-01 2.084850510510510503e+03
2.036394557823129059e-01 1.646889614512471553e+03
2.190557939914163088e-01 1.416680085836909939e+03
2.426502732240437277e-01 1.175257122040073000e+03
2.596589259796807103e-01 1.109875384615384519e+03
2.811171662125340753e-01 9.903514196185286664e+02
3.008784530386739986e-01 9.222304729281768232e+02
3.206315289648623001e-01 8.606140028490028726e+02
3.399619047619047429e-01 7.711095742857143023e+02
3.619689737470166979e-01 6.963722768496419349e+02
3.799070887818307152e-01 6.812181369580179080e+02
4.013341804320203487e-01 6.173972903430749284e+02
4.195595854922279933e-01 5.285155244674726873e+02
4.407771883289124948e-01 5.132559718832891349e+02
4.600780487804878027e-01 4.871760121951219276e+02
4.807973648341663520e-01 4.501862816901408451e+02
5.009150981177412643e-01 4.261517232679214544e+02
5.204555984555984116e-01 3.991122405405405402e+02
5.419053527118044000e-01 3.799825288904643230e+02
5.606541598694942952e-01 3.557371928221859889e+02
5.706576338400528581e-01 3.416024481163252062e+02
