2.166666666666666741e-02 1.027916049999999996e+04
4.454545454545454780e-02 1.011157227272727323e+04
6.211111111111110999e-02 9.324065555555554965e+03
8.302469135802469091e-02 6.506607777777777301e+03
1.001960784313725428e-01 5.124055882352940898e+03
1.238590604026845732e-01 3.910142214765101016e+03
1.404228855721393054e-01 2.956243830845771299e+03
1.630075187969924899e-01 2.522719060150376208e+03
1.808858858858858887e-01 2.153314054054053940e+03
2.036394557823129059e-01 1.672152426303854782e+03
2.190557939914163088e-01 1.426664399141630838e+03
2.426502732240437277e-01 1.191188979963570091e+03
2.596589259796807103e-01 1.146402206095791144e+03
2.811171662125340753e-01 1.040484754768392349e+03
3.008784530386739986e-01 9.701086696132595080e+02
3.206315289648623001e-01 8.854264007597340651e+02
3.399619047619047429e-01 7.758362476190475263e+02
3.619689737470166979e-01 6.925196658711216742e+02
3.799070887818307152e-01 6.711519470061941774e+02
4.013341804320203487e-01 6.311432134688691349e+02
4.195595854922279933e-01 5.497696137017845786e+02
4.407771883289124948e-01 5.268607129973476049e+02
4.600780487804878027e-01 4.917652926829268836e+02
4.807973648341663520e-01 4.608530895047705940e+02
5.009150981177412643e-01 4.413683327993592229e+02
5.204555984555984116e-01 4.258738675675675722e+02
5.419053527118044000e-01 4.178304353066288854e+02
5.606541598694942952e-01 3.841394525285481336e+02
5.706576338400528581e-01 3.706340528750825456e+02
