2.166666666666666741e-02 9.820066666666667516e+03
4.454545454545454780e-02 5.325469045454545267e+03
6.211111111111110999e-02 1.309424708888889108e+04
8.302469135802469091e-02 9.904013827160493747e+03
1.001960784313725428e-01 5.991219019607842711e+03
1.238590604026845732e-01 6.669424563758389013e+03
1.404228855721393054e-01 4.986968955223879675e+03
1.630075187969924899e-01 4.192263157894736651e+03
1.808858858858858887e-01 3.542741141141141270e+03
2.036394557823129059e-01 2.809344444444444434e+03
2.190557939914163088e-01 1.803644557939914193e+03
2.426502732240437277e-01 1.163730346083788618e+03
2.596589259796807103e-01 1.185291312046444091e+03
2.811171662125340753e-01 2.378252874659400220e+02
3.008784530386739986e-01 8.358216607734806303e+02
3.206315289648623001e-01 8.355898385565053559e+02
3.399619047619047429e-01 1.266794695238095443e+02
3.619689737470166979e-01 1.222837711217183823e+03
3.799070887818307152e-01 1.402740798348244880e+03
4.013341804320203487e-01 2.346665530749682205e+02
4.195595854922279933e-01 6.706141016350029531e+02
4.407771883289124948e-01 9.713777657294428991e+02
4.600780487804878027e-01 4.123900245853658930e+02
4.807973648341663520e-01 -7.038682144479781755e+01
5.009150981177412643e-01 -8.473172847416897469e+01
5.204555984555984116e-01 3.672423069498069594e+02
5.419053527118044000e-01 3.089572304147465616e+02
5.606541598694942952e-01 6.362351344861337310e+01
5.706576338400528581e-01 -1.581829033707865051e+01
