9.100000000000001421e+00 9.798885634413722068e-01 2.212287882027941799e-01 9.218766871828096288e-02 9.218766871828096288e-02
9.300000000000002487e+00 9.770491807042510635e-01 2.016153121634431944e-01 6.525375229456861770e-02 6.525375229456861770e-02
9.500000000000001776e+00 9.765145325824150513e-01 1.901345786097377588e-01 4.103498542274052613e-02 4.103498542274052613e-02
9.700000000000001066e+00 9.767292932811842965e-01 1.796034586235982222e-01 2.308821941475002609e-02 2.308821941475002609e-02
9.900000000000002132e+00 9.792131492932311110e-01 1.752052727137600741e-01 1.105172227621207225e-02 1.105172227621207225e-02
1.010000000000000320e+01 9.891401677717180929e-01 1.949286575360603957e-01 4.409890940503185391e-03 4.409890940503185391e-03
1.030000000000000249e+01 9.901528818936174980e-01 1.702557539875045600e-01 1.441528992549400605e-03 1.441528992549400605e-03
1.050000000000000178e+01 1.041992554522771730e+00 3.221125742410215764e-01 2.991037684915236173e-04 2.991037684915236173e-04
1.070000000000000284e+01 1.215154738977943349e+00 5.028471323902230505e-01 5.614944390454594813e-05 5.614944390454594813e-05
1.090000000000000391e+01 1.299273321084711164e+00 5.987312067769180457e-01 1.673685347154734855e-05 1.673685347154734855e-05
