2.166666666666666741e-02 9.046026666666666642e+03
4.454545454545454780e-02 9.768344090909091392e+03
6.211111111111110999e-02 8.963765555555555693e+03
8.302469135802469091e-02 6.059649382716049331e+03
1.001960784313725428e-01 4.729414803921568819e+03
1.238590604026845732e-01 3.795801543624160786e+03
1.404228855721393054e-01 2.938865174129353363e+03
1.630075187969924899e-01 2.471010563909774191e+03
1.808858858858858887e-01 2.137701831831831896e+03
2.036394557823129059e-01 1.719144013605442296e+03
2.190557939914163088e-01 1.495463154506437832e+03
2.426502732240437277e-01 1.179652531876138482e+03
2.596589259796807103e-01 1.069222351233671816e+03
2.811171662125340753e-01 9.844061035422344048e+02
3.008784530386739986e-01 9.411465149171269786e+02
3.206315289648623001e-01 8.571904985754985091e+02
3.399619047619047429e-01 7.761268428571429467e+02
3.619689737470166979e-01 7.198022959427207752e+02
3.799070887818307152e-01 6.984818692360632895e+02
4.013341804320203487e-01 6.415657026683608137e+02
4.195595854922279933e-01 5.605398226827863937e+02
4.407771883289124948e-01 5.273551591511935612e+02
4.600780487804878027e-01 4.954483619512195105e+02
4.807973648341663520e-01 4.604266728759654939e+02
5.009150981177412643e-01 4.497730520624749602e+02
5.204555984555984116e-01 4.260788949806949972e+02
5.419053527118044000e-01 3.954248348103509443e+02
5.606541598694942952e-01 3.708256952691679658e+02
5.706576338400528581e-01 3.541787785855915445e+02
