7.099999999999999645e+00 7.298085331542161214e-01 2.749404934036348263e-03
7.299999999999999822e+00 7.875624537368705047e-01 2.979744223098269341e-03
7.500000000000000000e+00 8.762004639998293154e-01 3.226997058773018248e-03
7.700000000000000178e+00 9.536248435187467676e-01 3.386345464038278096e-03
7.900000000000000355e+00 9.979021890211620116e-01 3.316553329456867465e-03
8.099999999999999645e+00 9.667613168382429567e-01 2.987620338402899312e-03
8.300000000000000711e+00 9.220421840110737399e-01 2.630464346484558385e-03
8.500000000000001776e+00 8.903781503062843106e-01 2.407183376880793306e-03
8.700000000000001066e+00 8.991377576096775126e-01 2.392289330377410025e-03
8.900000000000000355e+00 9.163779777645320035e-01 2.565802401730182380e-03
9.100000000000001421e+00 9.206320374380231319e-01 2.925775327390628747e-03
9.300000000000002487e+00 9.263901383524363320e-01 3.485182926296987328e-03
9.500000000000001776e+00 9.255167105959387630e-01 4.416180184970624339e-03
9.700000000000001066e+00 9.197132565467689425e-01 5.946299539410793318e-03
9.900000000000002132e+00 9.423361314635160246e-01 8.790564558518867283e-03
1.010000000000000320e+01 9.444834508126009887e-01 1.476465437070252108e-02
1.030000000000000249e+01 9.949689890873929521e-01 2.933516327307694738e-02
1.050000000000000178e+01 1.142904754219674412e+00 8.938131985837767524e-02
1.070000000000000284e+01 1.360465763186805344e+00 3.590912976902021492e-01
1.090000000000000391e+01 2.499530212236327209e+00 9.627796015190792644e-01
