2.166666666666666741e-02 8.467013116666666974e+03
4.454545454545454780e-02 9.546340454545454122e+03
6.211111111111110999e-02 9.045134888888889691e+03
8.302469135802469091e-02 6.203938765432098990e+03
1.001960784313725428e-01 4.653534509803921537e+03
1.238590604026845732e-01 3.672642416107383269e+03
1.404228855721393054e-01 2.911872039800995026e+03
1.630075187969924899e-01 2.400993270676691736e+03
1.808858858858858887e-01 2.037824414414414605e+03
2.036394557823129059e-01 1.577400249433106637e+03
2.190557939914163088e-01 1.340345343347639528e+03
2.426502732240437277e-01 1.090676757741347956e+03
2.596589259796807103e-01 1.035945036284470234e+03
2.811171662125340753e-01 9.525143964577657698e+02
3.008784530386739986e-01 8.908920276243094349e+02
3.206315289648623001e-01 8.284114662867996230e+02
3.399619047619047429e-01 7.477951076190475987e+02
3.619689737470166979e-01 6.727895250596658343e+02
3.799070887818307152e-01 6.589781197522366938e+02
4.013341804320203487e-01 5.999800787801779052e+02
4.195595854922279933e-01 5.048872262521588823e+02
4.407771883289124948e-01 4.893653830238726528e+02
4.600780487804878027e-01 4.714051907317073642e+02
4.807973648341663520e-01 4.338034993184915606e+02
5.009150981177412643e-01 4.040947172607129119e+02
5.204555984555984116e-01 3.823960455598455042e+02
5.419053527118044000e-01 3.653901343495214178e+02
5.606541598694942952e-01 3.386338163132136856e+02
5.706576338400528581e-01 3.258869365499008381e+02
