2.166666666666666741e-02 7.417295583333332615e+03
4.454545454545454780e-02 8.557157272727272357e+03
6.211111111111110999e-02 8.339197777777777446e+03
8.302469135802469091e-02 5.754276172839506216e+03
1.001960784313725428e-01 4.403719607843137055e+03
1.238590604026845732e-01 3.398270536912752050e+03
1.404228855721393054e-01 2.647520646766168738e+03
1.630075187969924899e-01 2.268533759398496386e+03
1.808858858858858887e-01 1.965325795795795784e+03
2.036394557823129059e-01 1.551166802721088516e+03
2.190557939914163088e-01 1.303648884120171715e+03
2.426502732240437277e-01 1.059882003642987229e+03
2.596589259796807103e-01 1.023899332365747341e+03
2.811171662125340753e-01 9.503199632152590084e+02
3.008784530386739986e-01 8.670963237569060311e+02
3.206315289648623001e-01 8.078852535612535348e+02
3.399619047619047429e-01 7.587244285714285752e+02
3.619689737470166979e-01 6.918838424821002491e+02
3.799070887818307152e-01 6.709670013764625764e+02
4.013341804320203487e-01 6.146401658195679829e+02
4.195595854922279933e-01 5.280392239493379520e+02
4.407771883289124948e-01 5.021134037135278732e+02
4.600780487804878027e-01 4.765631541463414464e+02
4.807973648341663520e-01 4.496820972285324842e+02
5.009150981177412643e-01 4.275615694833800831e+02
5.204555984555984116e-01 4.009524590733590799e+02
5.419053527118044000e-01 3.810158759305210197e+02
5.606541598694942952e-01 3.512069761827079901e+02
5.706576338400528581e-01 3.338316523463317935e+02
