2.166666666666666741e-02 -6.716334999999999127e+04
4.454545454545454780e-02 3.582500909090908681e+04
6.211111111111110999e-02 1.946575688888888908e+04
8.302469135802469091e-02 8.103192839506173186e+03
1.001960784313725428e-01 1.503777705882352893e+04
1.238590604026845732e-01 7.708594136912750400e+03
1.404228855721393054e-01 4.392787857711442484e+03
1.630075187969924899e-01 4.198541289473684628e+03
1.808858858858858887e-01 5.398503153153152198e+03
2.036394557823129059e-01 2.358217959183673884e+03
2.190557939914163088e-01 4.329617596566514948e+01
2.426502732240437277e-01 2.380208149362476888e+03
2.596589259796807103e-01 5.735972577648765764e+03
2.811171662125340753e-01 6.477600136239781932e+03
3.008784530386739986e-01 5.069836121546960385e+03
3.206315289648623001e-01 3.327267920227920513e+03
3.399619047619047429e-01 1.120539971428571334e+03
3.619689737470166979e-01 -1.101049589498806654e+03
3.799070887818307152e-01 -3.269271916035787854e+03
4.013341804320203487e-01 -1.645389326556543665e+03
4.195595854922279933e-01 2.337670822107081221e+03
4.407771883289124948e-01 4.761418174005304536e+03
4.600780487804878027e-01 4.518478239024390859e+03
4.807973648341663520e-01 1.305529377555656311e+03
5.009150981177412643e-01 -9.748114847817380451e+02
5.204555984555984116e-01 -1.985635972007722103e+03
5.419053527118044000e-01 4.511465118752217336e+02
5.606541598694942952e-01 1.820487243066882854e+02
5.706576338400528581e-01 -2.856129715796430901e+03
