2.166666666666666741e-02 1.371465833333333285e+04
4.454545454545454780e-02 1.095755500000000029e+04
6.211111111111110999e-02 9.699605555555555839e+03
8.302469135802469091e-02 7.362998641975308601e+03
1.001960784313725428e-01 4.967539705882351882e+03
1.238590604026845732e-01 3.462298255033557325e+03
1.404228855721393054e-01 3.119818159203980031e+03
1.630075187969924899e-01 2.693805977443609208e+03
1.808858858858858887e-01 2.694527387387387535e+03
2.036394557823129059e-01 2.385374376417233634e+03
2.190557939914163088e-01 1.972031180257510869e+03
2.426502732240437277e-01 1.552358451730418892e+03
2.596589259796807103e-01 1.374671857764876449e+03
2.811171662125340753e-01 1.192579659400544870e+03
3.008784530386739986e-01 1.107197701657458538e+03
3.206315289648623001e-01 1.024780911680911686e+03
3.399619047619047429e-01 1.013087302857142959e+03
3.619689737470166979e-01 9.998777374701669487e+02
3.799070887818307152e-01 9.923683805918786902e+02
4.013341804320203487e-01 7.996518398983481575e+02
4.195595854922279933e-01 7.025437484168105584e+02
4.407771883289124948e-01 7.433735681697612563e+02
4.600780487804878027e-01 5.477530863414634723e+02
4.807973648341663520e-01 5.329210826896865001e+02
5.009150981177412643e-01 5.316597565078093339e+02
5.204555984555984116e-01 4.386711231660231078e+02
5.419053527118044000e-01 4.587748546614675433e+02
5.606541598694942952e-01 4.310629588907015091e+02
5.706576338400528581e-01 3.857113740912095068e+02
