2.166666666666666741e-02 8.564792250000000422e+03
4.454545454545454780e-02 9.385699545454546751e+03
6.211111111111110999e-02 9.450374444444445544e+03
8.302469135802469091e-02 6.497350617283950669e+03
1.001960784313725428e-01 4.841732352941176941e+03
1.238590604026845732e-01 3.897938389261745215e+03
1.404228855721393054e-01 3.030153830845770699e+03
1.630075187969924899e-01 2.502075601503759572e+03
1.808858858858858887e-01 2.163663393393393562e+03
2.036394557823129059e-01 1.714264829931972827e+03
2.190557939914163088e-01 1.464618369098712492e+03
2.426502732240437277e-01 1.173209708561020079e+03
2.596589259796807103e-01 1.079085399129172629e+03
2.811171662125340753e-01 9.807782152588555391e+02
3.008784530386739986e-01 9.513552022099447640e+02
3.206315289648623001e-01 8.988853656220322819e+02
3.399619047619047429e-01 8.082125295238096214e+02
3.619689737470166979e-01 7.164745250596658934e+02
3.799070887818307152e-01 7.015577522367516394e+02
4.013341804320203487e-01 6.568707052096568759e+02
4.195595854922279933e-01 5.593810569948186640e+02
4.407771883289124948e-01 5.349104116710874450e+02
4.600780487804878027e-01 5.139263078048779789e+02
4.807973648341663520e-01 4.700242021808268191e+02
5.009150981177412643e-01 4.343507653183820025e+02
5.204555984555984116e-01 4.126314451737451350e+02
5.419053527118044000e-01 4.036623644097837769e+02
5.606541598694942952e-01 3.696131425774877926e+02
5.706576338400528581e-01 3.443054210178453332e+02
