2.166666666666666741e-02 9.789172333333333881e+03
4.454545454545454780e-02 9.719342272727271848e+03
6.211111111111110999e-02 9.141439777777779454e+03
8.302469135802469091e-02 6.390432469135802421e+03
1.001960784313725428e-01 4.933330882352941444e+03
1.238590604026845732e-01 3.873146308724832579e+03
1.404228855721393054e-01 2.977669800995025071e+03
1.630075187969924899e-01 2.438757481203007501e+03
1.808858858858858887e-01 2.107669969969969770e+03
2.036394557823129059e-01 1.690487709750567092e+03
2.190557939914163088e-01 1.448166824034334695e+03
2.426502732240437277e-01 1.127956174863388014e+03
2.596589259796807103e-01 1.064403120464441145e+03
2.811171662125340753e-01 1.020340381471389719e+03
3.008784530386739986e-01 9.595671712707182905e+02
3.206315289648623001e-01 8.665773238366571150e+02
3.399619047619047429e-01 7.452090847619047054e+02
3.619689737470166979e-01 6.695793389021480380e+02
3.799070887818307152e-01 6.724332973158981304e+02
4.013341804320203487e-01 6.098792998729351211e+02
4.195595854922279933e-01 5.160830886586068118e+02
4.407771883289124948e-01 5.072517347480106196e+02
4.600780487804878027e-01 4.902387117073171794e+02
4.807973648341663520e-01 4.626244048159927047e+02
5.009150981177412643e-01 4.289290644773728900e+02
5.204555984555984116e-01 4.051840162162162073e+02
5.419053527118044000e-01 3.816300602623182954e+02
5.606541598694942952e-01 3.478095654159869241e+02
5.706576338400528581e-01 3.409848023793787775e+02
