2.166666666666666741e-02 1.385019150000000081e+05
4.454545454545454780e-02 5.335190909090908826e+04
6.211111111111110999e-02 1.904492888888889138e+04
8.302469135802469091e-02 1.055799320987654392e+04
1.001960784313725428e-01 8.287548333333332266e+03
1.238590604026845732e-01 8.887860671140939303e+03
1.404228855721393054e-01 6.580961691542287554e+03
1.630075187969924899e-01 4.752331879699248020e+03
1.808858858858858887e-01 3.854298918918918844e+03
2.036394557823129059e-01 2.961642108843537244e+03
2.190557939914163088e-01 2.718122274678111353e+03
2.426502732240437277e-01 2.242664790528233425e+03
2.596589259796807103e-01 1.929618824383164110e+03
2.811171662125340753e-01 1.919713528610354160e+03
3.008784530386739986e-01 2.045629524861878735e+03
3.206315289648623001e-01 1.760093732193732421e+03
3.399619047619047429e-01 1.492415628571428670e+03
3.619689737470166979e-01 1.305372720763723237e+03
3.799070887818307152e-01 1.326134872677219619e+03
4.013341804320203487e-01 1.260917954256671010e+03
4.195595854922279933e-01 1.137980017271157294e+03
4.407771883289124948e-01 1.129573755968169962e+03
4.600780487804878027e-01 9.269720921951220589e+02
4.807973648341663520e-01 8.064226383462062131e+02
5.009150981177412643e-01 8.589663263916700089e+02
5.204555984555984116e-01 8.258605845559844738e+02
5.419053527118044000e-01 8.336133913505848341e+02
5.606541598694942952e-01 7.733353755301794763e+02
5.706576338400528581e-01 6.605182511566423500e+02
