7.099999999999999645e+00 8.685150932622212050e-01 2.538622384651500682e-03
7.299999999999999822e+00 8.961366899201184122e-01 2.759158476629963632e-03
7.500000000000000000e+00 9.205927651113939847e-01 3.078819805695924040e-03
7.700000000000000178e+00 9.261219894694663335e-01 3.443429071987050023e-03
7.900000000000000355e+00 9.175763562700092191e-01 3.774019791016751217e-03
8.099999999999999645e+00 9.132335345923274783e-01 4.157172264211833612e-03
8.300000000000000711e+00 9.100605722895437344e-01 4.557882834491070075e-03
8.500000000000001776e+00 9.188000235712484587e-01 5.231856749479377872e-03
8.700000000000001066e+00 9.473904837344864216e-01 6.653030498257093452e-03
8.900000000000000355e+00 9.942805050567548042e-01 8.727489162812081258e-03
9.100000000000001421e+00 1.047979073998026811e+00 1.072906512913300060e-02
9.300000000000002487e+00 1.028326732515265629e+00 1.245535873405082851e-02
9.500000000000001776e+00 9.724200828874508540e-01 1.463394034465928181e-02
9.700000000000001066e+00 9.182615452374429665e-01 1.902747885531088506e-02
9.900000000000002132e+00 1.014624924050830490e+00 2.808373419816358879e-02
1.010000000000000320e+01 1.055929652886386627e+00 4.796242679094743500e-02
1.030000000000000249e+01 9.449618158013656233e-01 1.123423898799531945e-01
1.050000000000000178e+01 1.519752745476091738e+00 3.406811532039796808e-01
1.070000000000000284e+01 3.445401501398311250e+00 3.942124367351892422e-01
1.090000000000000391e+01 2.630542454996704471e+00 2.567915278170320725e+00
