2.166666666666666741e-02 3.124609000000000015e+04
4.454545454545454780e-02 1.533438727272727374e+04
6.211111111111110999e-02 9.918820444444443638e+03
8.302469135802469091e-02 6.965512839506172895e+03
1.001960784313725428e-01 5.099821078431372371e+03
1.238590604026845732e-01 4.064014295302013579e+03
1.404228855721393054e-01 3.133232935323383572e+03
1.630075187969924899e-01 2.830704812030075118e+03
1.808858858858858887e-01 2.592276096096095898e+03
2.036394557823129059e-01 1.953402108843537690e+03
2.190557939914163088e-01 1.548704935622317635e+03
2.426502732240437277e-01 1.388332550091074836e+03
2.596589259796807103e-01 1.392315674891146500e+03
2.811171662125340753e-01 1.256087138964577662e+03
3.008784530386739986e-01 1.162932534806629974e+03
3.206315289648623001e-01 1.014042136752136912e+03
3.399619047619047429e-01 8.807067628571427349e+02
3.619689737470166979e-01 7.982232768496420476e+02
3.799070887818307152e-01 7.062404735030970642e+02
4.013341804320203487e-01 6.462532312579414793e+02
4.195595854922279933e-01 6.299803557858375598e+02
4.407771883289124948e-01 6.167300917771884770e+02
4.600780487804878027e-01 5.840944726829268348e+02
4.807973648341663520e-01 5.484910849613811479e+02
5.009150981177412643e-01 4.746806159391269944e+02
5.204555984555984116e-01 4.614812162162162394e+02
5.419053527118044000e-01 4.361173640552994470e+02
5.606541598694942952e-01 3.795833373572593814e+02
5.706576338400528581e-01 3.851404580304031811e+02
