2.166666666666666741e-02 8.216704166666666424e+03
4.454545454545454780e-02 8.889263181818181693e+03
6.211111111111110999e-02 8.845885111111110746e+03
8.302469135802469091e-02 6.347983086419752908e+03
1.001960784313725428e-01 4.770878137254901048e+03
1.238590604026845732e-01 3.698727382550335733e+03
1.404228855721393054e-01 2.945080447761194137e+03
1.630075187969924899e-01 2.501072857142857174e+03
1.808858858858858887e-01 2.092767477477477769e+03
2.036394557823129059e-01 1.654952925170068056e+03
2.190557939914163088e-01 1.421467253218884252e+03
2.426502732240437277e-01 1.152458032786885269e+03
2.596589259796807103e-01 1.105007431059506416e+03
2.811171662125340753e-01 9.956321239782016619e+02
3.008784530386739986e-01 9.009535193370165871e+02
3.206315289648623001e-01 8.367684700854700850e+02
3.399619047619047429e-01 7.915582914285715788e+02
3.619689737470166979e-01 7.177788090692124570e+02
3.799070887818307152e-01 6.870453090158293890e+02
4.013341804320203487e-01 6.215035813214739164e+02
4.195595854922279933e-01 5.269476609096142283e+02
4.407771883289124948e-01 5.035552657824933362e+02
4.600780487804878027e-01 4.760674980487805215e+02
4.807973648341663520e-01 4.413957305770104540e+02
5.009150981177412643e-01 4.209853616339606788e+02
5.204555984555984116e-01 4.045488281853281478e+02
5.419053527118044000e-01 3.887933232896136246e+02
5.606541598694942952e-01 3.548072936378466693e+02
5.706576338400528581e-01 3.346640522141440783e+02
