2.166666666666666741e-02 6.841434799999999996e+03
4.454545454545454780e-02 7.495157727272727243e+03
6.211111111111110999e-02 6.932376666666667006e+03
8.302469135802469091e-02 4.699982098765432056e+03
1.001960784313725428e-01 3.637521862745097678e+03
1.238590604026845732e-01 2.801482416107382505e+03
1.404228855721393054e-01 2.125125074626865626e+03
1.630075187969924899e-01 1.797617556390977597e+03
1.808858858858858887e-01 1.534649039039039053e+03
2.036394557823129059e-01 1.188857551020408209e+03
2.190557939914163088e-01 1.006306289699570925e+03
2.426502732240437277e-01 8.136905919854281137e+02
2.596589259796807103e-01 7.795904179970971200e+02
2.811171662125340753e-01 7.118756771117166409e+02
3.008784530386739986e-01 6.511666707182321261e+02
3.206315289648623001e-01 6.068838043684710328e+02
3.399619047619047429e-01 5.555023323809524527e+02
3.619689737470166979e-01 4.888484128878282036e+02
3.799070887818307152e-01 4.775685973847212722e+02
4.013341804320203487e-01 4.364343100381194631e+02
4.195595854922279933e-01 3.734138169257340678e+02
4.407771883289124948e-01 3.616416737400530224e+02
4.600780487804878027e-01 3.383513668292683292e+02
4.807973648341663520e-01 3.077424220808723021e+02
5.009150981177412643e-01 2.915789531437724804e+02
5.204555984555984116e-01 2.773934779922779512e+02
5.419053527118044000e-01 2.592627146401985101e+02
5.606541598694942952e-01 2.378859840130505745e+02
5.706576338400528581e-01 2.282002042300065909e+02
