2.166666666666666741e-02 1.908890233333333526e+04
4.454545454545454780e-02 1.704781136363636324e+04
6.211111111111110999e-02 1.432095888888888658e+04
8.302469135802469091e-02 9.529249876543210121e+03
1.001960784313725428e-01 7.565237549019607286e+03
1.238590604026845732e-01 5.887706510067114323e+03
1.404228855721393054e-01 4.652110696517413089e+03
1.630075187969924899e-01 3.910470751879699037e+03
1.808858858858858887e-01 3.250848678678678425e+03
2.036394557823129059e-01 2.520926870748299280e+03
2.190557939914163088e-01 2.122736309012875608e+03
2.426502732240437277e-01 1.873684244080145618e+03
2.596589259796807103e-01 1.776835152394774695e+03
2.811171662125340753e-01 1.540404032697547791e+03
3.008784530386739986e-01 1.478401259668508374e+03
3.206315289648623001e-01 1.456683931623931812e+03
3.399619047619047429e-01 1.411927000000000135e+03
3.619689737470166979e-01 1.258439785202863732e+03
3.799070887818307152e-01 1.158470646937370930e+03
4.013341804320203487e-01 1.074641504447268289e+03
4.195595854922279933e-01 9.441525192861255391e+02
4.407771883289124948e-01 9.465952312997346780e+02
4.600780487804878027e-01 9.036156858536586469e+02
4.807973648341663520e-01 8.238365402089959844e+02
5.009150981177412643e-01 7.901434465358430543e+02
5.204555984555984116e-01 7.703519521235522234e+02
5.419053527118044000e-01 7.467200404112018077e+02
5.606541598694942952e-01 6.726576244698205755e+02
5.706576338400528581e-01 6.339917693324521224e+02
