2.166666666666666741e-02 7.483123500000000604e+03
4.454545454545454780e-02 1.126183090909090970e+04
6.211111111111110999e-02 1.375547066666666433e+04
8.302469135802469091e-02 9.864402716049380615e+03
1.001960784313725428e-01 7.347732450980392059e+03
1.238590604026845732e-01 5.635325167785234953e+03
1.404228855721393054e-01 4.300863532338308687e+03
1.630075187969924899e-01 3.654520488721804213e+03
1.808858858858858887e-01 3.356759759759759618e+03
2.036394557823129059e-01 2.687901519274375914e+03
2.190557939914163088e-01 2.180267145922746749e+03
2.426502732240437277e-01 1.848455810564662897e+03
2.596589259796807103e-01 1.770630217706821668e+03
2.811171662125340753e-01 1.574801335149863689e+03
3.008784530386739986e-01 1.511694674033149340e+03
3.206315289648623001e-01 1.425939905033238574e+03
3.399619047619047429e-01 1.277705019047619089e+03
3.619689737470166979e-01 1.167692720763723173e+03
3.799070887818307152e-01 1.118717536132140367e+03
4.013341804320203487e-01 1.017720813850063564e+03
4.195595854922279933e-01 9.077646085204374913e+02
4.407771883289124948e-01 9.443956965517240860e+02
4.600780487804878027e-01 8.895497014634145216e+02
4.807973648341663520e-01 7.924533830077236871e+02
5.009150981177412643e-01 7.686777008410092549e+02
5.204555984555984116e-01 7.276240467181467011e+02
5.419053527118044000e-01 6.885355427153491519e+02
5.606541598694942952e-01 6.419625601957585559e+02
5.706576338400528581e-01 6.165889854593523296e+02
