2.166666666666666741e-02 3.352246666666666861e+05
4.454545454545454780e-02 1.433425999999999767e+05
6.211111111111110999e-02 1.276924266666666663e+05
8.302469135802469091e-02 1.214995432098765450e+05
1.001960784313725428e-01 7.754305980392156926e+04
1.238590604026845732e-01 3.554843154362416681e+04
1.404228855721393054e-01 2.906618905472636834e+04
1.630075187969924899e-01 1.729717018796992488e+04
1.808858858858858887e-01 6.510537147147146243e+03
2.036394557823129059e-01 -2.675568027210884338e+03
2.190557939914163088e-01 -6.764303004291846264e+03
2.426502732240437277e-01 2.763540801457195357e+03
2.596589259796807103e-01 9.111220783744556684e+03
2.811171662125340753e-01 1.809873651226158017e+03
3.008784530386739986e-01 -9.389704530386743500e+02
3.206315289648623001e-01 4.052383855650522491e+03
3.399619047619047429e-01 6.333199243809523068e+03
3.619689737470166979e-01 5.975228739856801440e+03
3.799070887818307152e-01 5.317434831383345227e+03
4.013341804320203487e-01 5.078968678526048279e+03
4.195595854922279933e-01 9.420841341393204857e+03
4.407771883289124948e-01 1.410220216445623009e+04
4.600780487804878027e-01 1.399380672195121952e+04
4.807973648341663520e-01 1.363997760109041519e+04
5.009150981177412643e-01 8.852343716459752613e+03
5.204555984555984116e-01 4.925664756756757015e+03
5.419053527118044000e-01 5.803853200992555685e+03
5.606541598694942952e-01 6.832981810766720628e+03
5.706576338400528581e-01 7.012511850627891363e+03
