9.100000000000001421e+00 1.020736267468438374e+00 2.482679641676611981e-01 7.526724975704567749e-03 7.526724975704567749e-03
9.300000000000002487e+00 1.018433554217495596e+00 2.356678490411762139e-01 5.779613432674656805e-03 5.779613432674656805e-03
9.500000000000001776e+00 1.011214948164282257e+00 2.221191200038176994e-01 4.425547996976568303e-03 4.425547996976568303e-03
9.700000000000001066e+00 1.010093133829056189e+00 2.323589694783230741e-01 2.930569053018032728e-03 2.930569053018032728e-03
9.900000000000002132e+00 1.028697387299263077e+00 2.835857381102091512e-01 1.536551128387862990e-03 1.536551128387862990e-03
1.010000000000000320e+01 1.044322130529712789e+00 3.230824073406095565e-01 6.953892668178382561e-04 6.953892668178382561e-04
1.030000000000000249e+01 1.068361113880588631e+00 3.698637662964976980e-01 2.807472195227297203e-04 2.807472195227297203e-04
1.050000000000000178e+01 1.187253549505887351e+00 5.037445939019776775e-01 6.208832739444984043e-05 6.208832739444984043e-05
1.070000000000000284e+01 1.399675730003685059e+00 5.342759448710884262e-01 2.267573696145124763e-05 2.267573696145124763e-05
1.090000000000000391e+01 1.494019543380611825e+00 5.039431512258644164e-01 5.938883489903898229e-06 5.938883489903898229e-06
