2.166666666666666741e-02 8.782404933333333247e+03
4.454545454545454780e-02 9.610977727272727861e+03
6.211111111111110999e-02 9.597250888888889676e+03
8.302469135802469091e-02 6.666030493827160171e+03
1.001960784313725428e-01 4.941217156862745469e+03
1.238590604026845732e-01 3.846811543624161459e+03
1.404228855721393054e-01 2.987181641791044967e+03
1.630075187969924899e-01 2.429235526315789684e+03
1.808858858858858887e-01 2.114423723723723469e+03
2.036394557823129059e-01 1.671974331065759543e+03
2.190557939914163088e-01 1.411140493562231995e+03
2.426502732240437277e-01 1.164922240437158280e+03
2.596589259796807103e-01 1.094415486211901225e+03
2.811171662125340753e-01 9.946687329700273494e+02
3.008784530386739986e-01 9.333651756906078845e+02
3.206315289648623001e-01 8.670583760683759920e+02
3.399619047619047429e-01 7.777123200000000907e+02
3.619689737470166979e-01 6.917090930787588832e+02
3.799070887818307152e-01 6.723150791465932343e+02
4.013341804320203487e-01 6.146244675984752348e+02
4.195595854922279933e-01 5.315129130685088512e+02
4.407771883289124948e-01 5.157519336870026336e+02
4.600780487804878027e-01 4.879740375609756029e+02
4.807973648341663520e-01 4.578911740118128364e+02
5.009150981177412643e-01 4.303096872246696307e+02
5.204555984555984116e-01 4.049342528957528202e+02
5.419053527118044000e-01 3.852165069124424122e+02
5.606541598694942952e-01 3.518383171288743938e+02
5.706576338400528581e-01 3.351353906146728718e+02
