2.166666666666666741e-02 -4.273623333333332994e+04
4.454545454545454780e-02 -8.099390909090910782e+02
6.211111111111110999e-02 3.377723422222222143e+04
8.302469135802469091e-02 6.649676790123458886e+03
1.001960784313725428e-01 -3.821176274509803534e+03
1.238590604026845732e-01 1.195427946308724859e+04
1.404228855721393054e-01 1.068615263681592114e+04
1.630075187969924899e-01 4.221254586466164255e+03
1.808858858858858887e-01 9.836558558558555205e+02
2.036394557823129059e-01 3.395086122448979495e+03
2.190557939914163088e-01 2.358317725321889156e+03
2.426502732240437277e-01 -9.199486411657560438e+02
2.596589259796807103e-01 -4.120690078374454970e+03
2.811171662125340753e-01 1.539836294277929483e+03
3.008784530386739986e-01 7.024539027624309711e+03
3.206315289648623001e-01 3.610806077872744481e+03
3.399619047619047429e-01 4.511555152380950062e+02
3.619689737470166979e-01 -1.918839689737471019e+02
3.799070887818307152e-01 5.865506675843082576e+02
4.013341804320203487e-01 -3.415755076238883134e+02
4.195595854922279933e-01 8.286911635002877574e+02
4.407771883289124948e-01 3.156242583554376324e+03
4.600780487804878027e-01 7.358943980487806584e+02
4.807973648341663520e-01 -1.527426363471149443e+03
5.009150981177412643e-01 -1.800479376051261625e+03
5.204555984555984116e-01 -1.055089820849420903e+03
5.419053527118044000e-01 2.564068677773838090e+02
5.606541598694942952e-01 -1.603071298531810498e+03
5.706576338400528581e-01 -3.328608916060805768e+03
