2.166666666666666741e-02 2.757120000000000073e+04
4.454545454545454780e-02 1.280456272727272699e+04
6.211111111111110999e-02 9.548719111111111488e+03
8.302469135802469091e-02 6.783627407407407190e+03
1.001960784313725428e-01 4.271669215686274583e+03
1.238590604026845732e-01 3.630089664429530330e+03
1.404228855721393054e-01 3.068501990049751385e+03
1.630075187969924899e-01 2.433130601503759408e+03
1.808858858858858887e-01 2.098643723723723724e+03
2.036394557823129059e-01 1.729163356009070185e+03
2.190557939914163088e-01 1.416592274678111380e+03
2.426502732240437277e-01 1.179218287795992637e+03
2.596589259796807103e-01 1.045255169811320684e+03
2.811171662125340753e-01 8.116707711171662822e+02
3.008784530386739986e-01 9.824620707182318711e+02
3.206315289648623001e-01 1.001437602089268694e+03
3.399619047619047429e-01 7.928163552380951842e+02
3.619689737470166979e-01 7.330321861575180264e+02
3.799070887818307152e-01 6.405617494838265884e+02
4.013341804320203487e-01 5.300175406607369268e+02
4.195595854922279933e-01 5.345694686240644842e+02
4.407771883289124948e-01 5.215765697612732765e+02
4.600780487804878027e-01 5.225295639024391221e+02
4.807973648341663520e-01 4.918674929577464354e+02
5.009150981177412643e-01 4.437242118542250751e+02
5.204555984555984116e-01 4.425729482625482660e+02
5.419053527118044000e-01 4.424013041474653960e+02
5.606541598694942952e-01 3.912621915171288833e+02
5.706576338400528581e-01 3.370186100462656782e+02
