2.166666666666666741e-02 3.139589200000000346e+04
4.454545454545454780e-02 1.673433954545454617e+04
6.211111111111110999e-02 1.050011977777777611e+04
8.302469135802469091e-02 7.465452222222222190e+03
1.001960784313725428e-01 6.296362058823528969e+03
1.238590604026845732e-01 5.196406845637583501e+03
1.404228855721393054e-01 3.660403781094526948e+03
1.630075187969924899e-01 2.974693421052631493e+03
1.808858858858858887e-01 2.674976846846846911e+03
2.036394557823129059e-01 2.074628730158729923e+03
2.190557939914163088e-01 1.824335493562231704e+03
2.426502732240437277e-01 1.479937978142076645e+03
2.596589259796807103e-01 1.397896850507982663e+03
2.811171662125340753e-01 1.204199009536784843e+03
3.008784530386739986e-01 1.020971163535911614e+03
3.206315289648623001e-01 1.034279829059829126e+03
3.399619047619047429e-01 9.719130971428571684e+02
3.619689737470166979e-01 8.327913317422434147e+02
3.799070887818307152e-01 7.919232725395734178e+02
4.013341804320203487e-01 7.016144123252859117e+02
4.195595854922279933e-01 6.360092492803685218e+02
4.407771883289124948e-01 6.348697368700264860e+02
4.600780487804878027e-01 5.466227926829267290e+02
4.807973648341663520e-01 4.929434270786006209e+02
5.009150981177412643e-01 5.347586219463356656e+02
5.204555984555984116e-01 5.516645667953667953e+02
5.419053527118044000e-01 5.339780833037929142e+02
5.606541598694942952e-01 4.989295373572593348e+02
5.706576338400528581e-01 4.783586622604097442e+02
