2.166666666666666741e-02 1.103295766666666714e+04
4.454545454545454780e-02 1.085580636363636404e+04
6.211111111111110999e-02 1.008988666666666722e+04
8.302469135802469091e-02 6.921266666666668243e+03
1.001960784313725428e-01 5.180284901960784737e+03
1.238590604026845732e-01 4.066100536912751522e+03
1.404228855721393054e-01 3.081196567164179214e+03
1.630075187969924899e-01 2.606923383458647095e+03
1.808858858858858887e-01 2.272185915915916212e+03
2.036394557823129059e-01 1.753113333333333230e+03
2.190557939914163088e-01 1.524698111587983021e+03
2.426502732240437277e-01 1.230077777777778010e+03
2.596589259796807103e-01 1.126318853410740303e+03
2.811171662125340753e-01 1.045295980926430502e+03
3.008784530386739986e-01 1.052754607734806768e+03
3.206315289648623001e-01 9.687634444444443034e+02
3.399619047619047429e-01 8.214946228571428719e+02
3.619689737470166979e-01 7.470381885441527174e+02
3.799070887818307152e-01 6.987650488644184179e+02
4.013341804320203487e-01 6.280756836086403609e+02
4.195595854922279933e-01 5.505321416234887693e+02
4.407771883289124948e-01 5.326161607427055742e+02
4.600780487804878027e-01 5.088797287804878806e+02
4.807973648341663520e-01 4.707327383007723824e+02
5.009150981177412643e-01 4.442396255506608895e+02
5.204555984555984116e-01 4.273346899613899836e+02
5.419053527118044000e-01 4.128474718185040047e+02
5.606541598694942952e-01 3.748199278955954128e+02
5.706576338400528581e-01 3.585108625247852387e+02
