2.166666666666666741e-02 7.722917666666667174e+03
4.454545454545454780e-02 1.042670499999999993e+04
6.211111111111110999e-02 1.155192133333333368e+04
8.302469135802469091e-02 8.377576913580247492e+03
1.001960784313725428e-01 6.335810294117648482e+03
1.238590604026845732e-01 4.851965637583892203e+03
1.404228855721393054e-01 3.773937213930348207e+03
1.630075187969924899e-01 3.157464436090225718e+03
1.808858858858858887e-01 2.755129129129129069e+03
2.036394557823129059e-01 2.183376122448979459e+03
2.190557939914163088e-01 1.868052746781115729e+03
2.426502732240437277e-01 1.642559034608378624e+03
2.596589259796807103e-01 1.540959404934687882e+03
2.811171662125340753e-01 1.385577833787466034e+03
3.008784530386739986e-01 1.343569127071823232e+03
3.206315289648623001e-01 1.203131339031338939e+03
3.399619047619047429e-01 1.081765457142857031e+03
3.619689737470166979e-01 1.031716252983293543e+03
3.799070887818307152e-01 9.759923124569854735e+02
4.013341804320203487e-01 8.570102585768740937e+02
4.195595854922279933e-01 7.505930115141047736e+02
4.407771883289124948e-01 7.487475331564985481e+02
4.600780487804878027e-01 7.224026702439024348e+02
4.807973648341663520e-01 6.773447860063606640e+02
5.009150981177412643e-01 6.402692835402482388e+02
5.204555984555984116e-01 5.980275779922779975e+02
5.419053527118044000e-01 5.606596277915632527e+02
5.606541598694942952e-01 5.329368476345840691e+02
5.706576338400528581e-01 5.246958823529412257e+02
