2.166666666666666741e-02 3.909311666666666861e+04
4.454545454545454780e-02 1.507576954545454464e+04
6.211111111111110999e-02 7.998917999999999665e+03
8.302469135802469091e-02 6.276654197530863712e+03
1.001960784313725428e-01 4.667977843137255149e+03
1.238590604026845732e-01 4.747197785234899129e+03
1.404228855721393054e-01 4.799992338308457875e+03
1.630075187969924899e-01 4.225397481203007374e+03
1.808858858858858887e-01 3.022861591591592060e+03
2.036394557823129059e-01 2.169053469387754831e+03
2.190557939914163088e-01 1.932155128755364785e+03
2.426502732240437277e-01 1.903080200364298889e+03
2.596589259796807103e-01 2.002682235123367263e+03
2.811171662125340753e-01 1.536514871934604798e+03
3.008784530386739986e-01 1.109186983425414383e+03
3.206315289648623001e-01 1.266132026590693158e+03
3.399619047619047429e-01 1.433629100952380895e+03
3.619689737470166979e-01 1.225769794749403218e+03
3.799070887818307152e-01 1.204718448726772067e+03
4.013341804320203487e-01 1.175738073697585833e+03
4.195595854922279933e-01 1.102279611974669024e+03
4.407771883289124948e-01 9.109107474801060107e+02
4.600780487804878027e-01 8.576783702439024637e+02
4.807973648341663520e-01 1.002163611085870116e+03
5.009150981177412643e-01 7.826171978374050013e+02
5.204555984555984116e-01 6.204273888030887747e+02
5.419053527118044000e-01 6.619193512938674075e+02
5.606541598694942952e-01 6.873110818923328225e+02
5.706576338400528581e-01 7.125323000660939670e+02
