2.166666666666666741e-02 5.082182166666666162e+05
4.454545454545454780e-02 1.874337954545454413e+05
6.211111111111110999e-02 5.740768666666666104e+04
8.302469135802469091e-02 3.769293580246913189e+04
1.001960784313725428e-01 3.099647647058823713e+04
1.238590604026845732e-01 2.469763221476510080e+04
1.404228855721393054e-01 1.553717810945273777e+04
1.630075187969924899e-01 1.367523533834586306e+04
1.808858858858858887e-01 1.801040420420420196e+04
2.036394557823129059e-01 2.053207891156462574e+04
2.190557939914163088e-01 1.332428728755364864e+04
2.426502732240437277e-01 3.250456750455373367e+03
2.596589259796807103e-01 8.056518984034833011e+03
2.811171662125340753e-01 8.658344073569483953e+03
3.008784530386739986e-01 4.753590640883977358e+03
3.206315289648623001e-01 3.593502317188983398e+03
3.399619047619047429e-01 3.182288752380952701e+03
3.619689737470166979e-01 2.366424052505966756e+03
3.799070887818307152e-01 1.487564841018582456e+03
4.013341804320203487e-01 1.129237039390088967e+03
4.195595854922279933e-01 6.564889637305698216e+02
4.407771883289124948e-01 3.261920907161803825e+03
4.600780487804878027e-01 4.354310448780487604e+03
4.807973648341663520e-01 1.436410405270331694e+03
5.009150981177412643e-01 2.865214954745695195e+03
5.204555984555984116e-01 5.114059509652510314e+03
5.419053527118044000e-01 3.281668904643743645e+03
5.606541598694942952e-01 2.513417889070147339e+03
5.706576338400528581e-01 2.960965095836087585e+03
