7.099999999999999645e+00 9.704981746110038499e-01 2.234487402860104166e-01 1.469058417017600759e-01 1.469058417017600759e-01
7.299999999999999822e+00 9.801082520238839635e-01 2.472245165696767277e-01 1.455134434726271520e-01 1.455134434726271520e-01
7.500000000000000000e+00 9.829763301088717542e-01 2.499972063454332372e-01 1.503925062088327380e-01 1.503925062088327380e-01
7.700000000000000178e+00 9.894015351480571763e-01 2.650025887248967926e-01 1.433700464312709089e-01 1.433700464312709089e-01
7.900000000000000355e+00 9.979789863148114115e-01 2.764766469689827200e-01 1.214426087895475598e-01 1.214426087895475598e-01
8.099999999999999645e+00 1.007904198549480101e+00 2.947191389826323560e-01 1.023032069970845476e-01 1.023032069970845476e-01
8.300000000000000711e+00 1.018375831143645494e+00 3.083958704277266483e-01 8.817190368210776896e-02 8.817190368210776896e-02
8.500000000000001776e+00 1.027516928274425645e+00 3.205296747758276665e-01 7.541680164129144215e-02 7.541680164129144215e-02
8.700000000000001066e+00 1.038269153796648414e+00 3.402673003005886598e-01 6.450005398984991201e-02 6.450005398984991201e-02
8.900000000000000355e+00 1.038518863683572713e+00 3.323378932964426435e-01 5.560468631897203667e-02 5.560468631897203667e-02
9.100000000000001421e+00 1.041727873925913483e+00 3.298183793426081034e-01 4.720656516574883721e-02 4.720656516574883721e-02
9.300000000000002487e+00 1.051585087116910122e+00 3.505429736658143836e-01 3.712018140589569415e-02 3.712018140589569415e-02
9.500000000000001776e+00 1.069687334226347541e+00 3.686929320047769854e-01 2.631573264226325440e-02 2.631573264226325440e-02
9.700000000000001066e+00 1.080789776424839310e+00 3.757599430314605971e-01 1.977108303638915737e-02 1.977108303638915737e-02
9.900000000000002132e+00 1.085678789092892726e+00 3.683276484401152295e-01 1.533743656192635731e-02 1.533743656192635731e-02
1.010000000000000320e+01 1.099415659763162578e+00 3.833463566476439377e-01 1.140103660511823831e-02 1.140103660511823831e-02
1.030000000000000249e+01 1.114273615827322761e+00 3.970337321618705451e-01 8.939099449303530842e-03 8.939099449303530842e-03
1.050000000000000178e+01 1.128492593212272244e+00 4.121127871141867516e-01 8.053665910808768466e-03 8.053665910808768466e-03
1.070000000000000284e+01 1.136990133206805309e+00 4.022703961190348121e-01 7.943526616996004000e-03 7.943526616996004000e-03
1.090000000000000391e+01 1.163160978630094933e+00 3.932662308210768676e-01 5.973976892344239065e-03 5.973976892344239065e-03
1.110000000000000320e+01 1.242898329601070051e+00 3.716818440207007579e-01 2.166072778317676157e-03 2.166072778317676157e-03
1.130000000000000249e+01 1.383724077851847145e+00 3.509356366135215066e-01 8.271245005938883269e-04 8.271245005938883269e-04
1.150000000000000355e+01 1.615255520182076188e+00 3.851160959533378447e-01 3.660511823777129708e-04 3.660511823777129708e-04
1.170000000000000462e+01 1.979476461077464444e+00 4.539225171921933977e-01 1.101392938127632057e-04 1.101392938127632057e-04
1.190000000000000391e+01 2.438250858168078850e+00 5.490255261252927621e-01 2.969441744951949199e-05 2.969441744951949199e-05
