2.166666666666666741e-02 -1.881462500000000000e+05
4.454545454545454780e-02 3.186920454545454413e+04
6.211111111111110999e-02 7.794288444444445486e+04
8.302469135802469091e-02 -5.345422222222213350e+03
1.001960784313725428e-01 5.165956862745094440e+03
1.238590604026845732e-01 4.124358657718120958e+04
1.404228855721393054e-01 7.159583084577115187e+03
1.630075187969924899e-01 -1.995201729323308973e+04
1.808858858858858887e-01 -3.375407087087086984e+04
2.036394557823129059e-01 -7.576829931972789382e+03
2.190557939914163088e-01 -8.710860085836908183e+03
2.426502732240437277e-01 -1.801320437158469940e+04
2.596589259796807103e-01 2.614068679245283056e+04
2.811171662125340753e-01 1.731975762942779329e+04
3.008784530386739986e-01 5.916324618784529775e+03
3.206315289648623001e-01 8.691622678062678460e+03
3.399619047619047429e-01 -1.066005085714285815e+04
3.619689737470166979e-01 -4.693706921241047894e+03
3.799070887818307152e-01 3.529651892635927652e+03
4.013341804320203487e-01 8.855927318932655908e+03
4.195595854922279933e-01 -5.005259988485894610e+03
4.407771883289124948e-01 -2.229576848275862358e+04
4.600780487804878027e-01 -1.882694814146341378e+04
4.807973648341663520e-01 -6.051337255792821452e+03
5.009150981177412643e-01 -9.236674409291103416e+01
5.204555984555984116e-01 -7.831420749034748042e+03
5.419053527118044000e-01 -6.862857702942218566e+03
5.606541598694942952e-01 -4.937846655791190642e+02
5.706576338400528581e-01 2.172830138797099266e+02
