2.166666666666666741e-02 8.935386650000000373e+03
4.454545454545454780e-02 9.917923181818181547e+03
6.211111111111110999e-02 9.755829111111110251e+03
8.302469135802469091e-02 6.569491234567901301e+03
1.001960784313725428e-01 4.973443235294117585e+03
1.238590604026845732e-01 3.960831543624160531e+03
1.404228855721393054e-01 2.970995074626865517e+03
1.630075187969924899e-01 2.387354812030075209e+03
1.808858858858858887e-01 2.026788978978979003e+03
2.036394557823129059e-01 1.648965736961451285e+03
2.190557939914163088e-01 1.425357489270386168e+03
2.426502732240437277e-01 1.141088196721311306e+03
2.596589259796807103e-01 1.067783846153846071e+03
2.811171662125340753e-01 9.924746185286103355e+02
3.008784530386739986e-01 9.520556110497237796e+02
3.206315289648623001e-01 8.636701329534663500e+02
3.399619047619047429e-01 7.756803333333334649e+02
3.619689737470166979e-01 6.951140715990453600e+02
3.799070887818307152e-01 6.715413234686855048e+02
4.013341804320203487e-01 6.059215552731892558e+02
4.195595854922279933e-01 5.132124818652849854e+02
4.407771883289124948e-01 5.010223681697613074e+02
4.600780487804878027e-01 4.741695209756097142e+02
4.807973648341663520e-01 4.386291240345298093e+02
5.009150981177412643e-01 4.153408706447737018e+02
5.204555984555984116e-01 3.919613853281853153e+02
5.419053527118044000e-01 3.776220921658986072e+02
5.606541598694942952e-01 3.519575138662316363e+02
5.706576338400528581e-01 3.361787468605419917e+02
