2.166666666666666741e-02 -2.013025000000000000e+05
4.454545454545454780e-02 1.044379545454545951e+04
6.211111111111110999e-02 8.417598444444444613e+04
8.302469135802469091e-02 3.566721481481480441e+04
1.001960784313725428e-01 4.996542156862744741e+04
1.238590604026845732e-01 1.731479006711409238e+04
1.404228855721393054e-01 5.701173233830844765e+03
1.630075187969924899e-01 2.799583045112782202e+04
1.808858858858858887e-01 3.217863603603603769e+04
2.036394557823129059e-01 3.751410702947845857e+04
2.190557939914163088e-01 3.153048519313304860e+04
2.426502732240437277e-01 3.291923005464480957e+04
2.596589259796807103e-01 3.617750449927431328e+04
2.811171662125340753e-01 3.270680081743869232e+04
3.008784530386739986e-01 2.028579027624309310e+04
3.206315289648623001e-01 2.699880883190883469e+04
3.399619047619047429e-01 4.063226600000000326e+04
3.619689737470166979e-01 1.925314606205250675e+04
3.799070887818307152e-01 8.568996902959393992e+03
4.013341804320203487e-01 1.945456359593392699e+04
4.195595854922279933e-01 3.036278008059873173e+04
4.407771883289124948e-01 2.308883899204244153e+04
4.600780487804878027e-01 1.570022060975609747e+04
4.807973648341663520e-01 2.432606921853702443e+04
5.009150981177412643e-01 2.720689747697236817e+04
5.204555984555984116e-01 1.581134344401544331e+04
5.419053527118044000e-01 4.228187678128323569e+03
5.606541598694942952e-01 7.702503562805873116e+03
5.706576338400528581e-01 1.256092511566424218e+04
