2.166666666666666741e-02 8.822617433333332883e+03
4.454545454545454780e-02 9.884614999999999782e+03
6.211111111111110999e-02 9.718822888888887974e+03
8.302469135802469091e-02 6.757813580246914171e+03
1.001960784313725428e-01 5.128148137254901485e+03
1.238590604026845732e-01 3.982059395973154096e+03
1.404228855721393054e-01 3.104714129353234057e+03
1.630075187969924899e-01 2.537006992481202815e+03
1.808858858858858887e-01 2.170821861861861635e+03
2.036394557823129059e-01 1.713185873015872858e+03
2.190557939914163088e-01 1.458738047210300238e+03
2.426502732240437277e-01 1.184258214936247668e+03
2.596589259796807103e-01 1.121515195936139207e+03
2.811171662125340753e-01 1.065281171662125416e+03
3.008784530386739986e-01 9.922800640883978076e+02
3.206315289648623001e-01 8.996786305792971916e+02
3.399619047619047429e-01 8.175708009523809778e+02
3.619689737470166979e-01 7.437724128878280681e+02
3.799070887818307152e-01 7.262054294562973382e+02
4.013341804320203487e-01 6.618237083862769623e+02
4.195595854922279933e-01 5.700054738054116115e+02
4.407771883289124948e-01 5.584176748010609117e+02
4.600780487804878027e-01 5.348587078048780086e+02
4.807973648341663520e-01 4.911757046796910799e+02
5.009150981177412643e-01 4.556100604725670564e+02
5.204555984555984116e-01 4.374800895752895826e+02
5.419053527118044000e-01 4.173233658277206928e+02
5.606541598694942952e-01 3.856028864600326642e+02
5.706576338400528581e-01 3.749340165234632423e+02
