2.166666666666666741e-02 8.457927116666667644e+03
4.454545454545454780e-02 9.354637727272727716e+03
6.211111111111110999e-02 9.108208222222221593e+03
8.302469135802469091e-02 6.243784444444444489e+03
1.001960784313725428e-01 4.814532156862744159e+03
1.238590604026845732e-01 3.736996107382549781e+03
1.404228855721393054e-01 2.880779054726368031e+03
1.630075187969924899e-01 2.409573984962405575e+03
1.808858858858858887e-01 2.058595945945945914e+03
2.036394557823129059e-01 1.598062471655328864e+03
2.190557939914163088e-01 1.364895128755364794e+03
2.426502732240437277e-01 1.146168561020036577e+03
2.596589259796807103e-01 1.064047402031930460e+03
2.811171662125340753e-01 9.672396580381471267e+02
3.008784530386739986e-01 9.160011546961326303e+02
3.206315289648623001e-01 8.452454729344730140e+02
3.399619047619047429e-01 7.557496485714285654e+02
3.619689737470166979e-01 6.884420811455846660e+02
3.799070887818307152e-01 6.681030543702684099e+02
4.013341804320203487e-01 6.082689123252858963e+02
4.195595854922279933e-01 5.269354415659182678e+02
4.407771883289124948e-01 5.010384350132625855e+02
4.600780487804878027e-01 4.730061882926828503e+02
4.807973648341663520e-01 4.407755038618810204e+02
5.009150981177412643e-01 4.164593412094513383e+02
5.204555984555984116e-01 3.964886285714285350e+02
5.419053527118044000e-01 3.791745356256646460e+02
5.606541598694942952e-01 3.507290619902120739e+02
5.706576338400528581e-01 3.366422941176470545e+02
