9.100000000000001421e+00 1.041727873925913483e+00 3.298183793426081034e-01 4.720656516574883721e-02 4.720656516574883721e-02
9.300000000000002487e+00 1.051585087116910122e+00 3.505429736658143836e-01 3.712018140589569415e-02 3.712018140589569415e-02
9.500000000000001776e+00 1.069687334226347541e+00 3.686929320047769854e-01 2.631573264226325440e-02 2.631573264226325440e-02
9.700000000000001066e+00 1.080789776424839310e+00 3.757599430314605971e-01 1.977108303638915737e-02 1.977108303638915737e-02
9.900000000000002132e+00 1.085678789092892726e+00 3.683276484401152295e-01 1.533743656192635731e-02 1.533743656192635731e-02
1.010000000000000320e+01 1.099415659763162578e+00 3.833463566476439377e-01 1.140103660511823831e-02 1.140103660511823831e-02
1.030000000000000249e+01 1.114273615827322761e+00 3.970337321618705451e-01 8.939099449303530842e-03 8.939099449303530842e-03
1.050000000000000178e+01 1.128492593212272244e+00 4.121127871141867516e-01 8.053665910808768466e-03 8.053665910808768466e-03
1.070000000000000284e+01 1.136990133206805309e+00 4.022703961190348121e-01 7.943526616996004000e-03 7.943526616996004000e-03
1.090000000000000391e+01 1.163160978630094933e+00 3.932662308210768676e-01 5.973976892344239065e-03 5.973976892344239065e-03
1.110000000000000320e+01 1.242898329601070051e+00 3.716818440207007579e-01 2.166072778317676157e-03 2.166072778317676157e-03
1.130000000000000249e+01 1.383724077851847145e+00 3.509356366135215066e-01 8.271245005938883269e-04 8.271245005938883269e-04
1.150000000000000355e+01 1.615255520182076188e+00 3.851160959533378447e-01 3.660511823777129708e-04 3.660511823777129708e-04
1.170000000000000462e+01 1.979476461077464444e+00 4.539225171921933977e-01 1.101392938127632057e-04 1.101392938127632057e-04
1.190000000000000391e+01 2.438250858168078850e+00 5.490255261252927621e-01 2.969441744951949199e-05 2.969441744951949199e-05
