2.166666666666666741e-02 3.785415449999999691e+04
4.454545454545454780e-02 1.965612227272727250e+04
6.211111111111110999e-02 1.301957977777777887e+04
8.302469135802469091e-02 9.531544074074074160e+03
1.001960784313725428e-01 6.881908235294117731e+03
1.238590604026845732e-01 5.512168389261744778e+03
1.404228855721393054e-01 4.460178805970149369e+03
1.630075187969924899e-01 3.346639586466164928e+03
1.808858858858858887e-01 3.002896786786786834e+03
2.036394557823129059e-01 2.584426485260771187e+03
2.190557939914163088e-01 2.155165515021459214e+03
2.426502732240437277e-01 1.743698233151183786e+03
2.596589259796807103e-01 1.615597503628446930e+03
2.811171662125340753e-01 1.531176485013623960e+03
3.008784530386739986e-01 1.549126696132596862e+03
3.206315289648623001e-01 1.446352117758784516e+03
3.399619047619047429e-01 1.300848066666666682e+03
3.619689737470166979e-01 1.212616968973747134e+03
3.799070887818307152e-01 1.194534934618031684e+03
4.013341804320203487e-01 1.094287058449809365e+03
4.195595854922279933e-01 9.349395797351755846e+02
4.407771883289124948e-01 9.174882604774536503e+02
4.600780487804878027e-01 9.086046682926828453e+02
4.807973648341663520e-01 8.372510454338936370e+02
5.009150981177412643e-01 7.826708101722065294e+02
5.204555984555984116e-01 7.601472413127413574e+02
5.419053527118044000e-01 6.949074618929457756e+02
5.606541598694942952e-01 6.146538652528548710e+02
5.706576338400528581e-01 5.930161011235954902e+02
