2.166666666666666741e-02 6.846061900000000605e+03
4.454545454545454780e-02 7.523492727272727279e+03
6.211111111111110999e-02 7.076941111111110331e+03
8.302469135802469091e-02 5.052037283950617166e+03
1.001960784313725428e-01 3.926368039215686167e+03
1.238590604026845732e-01 2.931500134228188017e+03
1.404228855721393054e-01 2.242281990049751130e+03
1.630075187969924899e-01 1.886878345864661469e+03
1.808858858858858887e-01 1.609898498498498384e+03
2.036394557823129059e-01 1.259260022675736764e+03
2.190557939914163088e-01 1.079221738197424884e+03
2.426502732240437277e-01 8.714254280510018589e+02
2.596589259796807103e-01 8.135466240928883508e+02
2.811171662125340753e-01 7.365742738419618263e+02
3.008784530386739986e-01 6.955662640883978156e+02
3.206315289648623001e-01 6.508215546058878544e+02
3.399619047619047429e-01 5.737230847619047154e+02
3.619689737470166979e-01 5.064464773269690454e+02
3.799070887818307152e-01 4.959615134205092204e+02
4.013341804320203487e-01 4.529926867852604460e+02
4.195595854922279933e-01 3.856233264248704700e+02
4.407771883289124948e-01 3.738960716180371264e+02
4.600780487804878027e-01 3.577764882926829273e+02
4.807973648341663520e-01 3.250992103589277349e+02
5.009150981177412643e-01 3.081259727673207749e+02
5.204555984555984116e-01 2.940228332046331730e+02
5.419053527118044000e-01 2.779077773839064207e+02
5.606541598694942952e-01 2.534724789559543296e+02
5.706576338400528581e-01 2.392803992068737671e+02
