2.166666666666666741e-02 7.109082833333332928e+03
4.454545454545454780e-02 1.027562909090909125e+04
6.211111111111110999e-02 1.072202822222222312e+04
8.302469135802469091e-02 7.530849753086418787e+03
1.001960784313725428e-01 5.826591568627450215e+03
1.238590604026845732e-01 4.458491476510066605e+03
1.404228855721393054e-01 3.482107611940297829e+03
1.630075187969924899e-01 2.984125714285714366e+03
1.808858858858858887e-01 2.567574804804804899e+03
2.036394557823129059e-01 2.037447732426303673e+03
2.190557939914163088e-01 1.742520600858369107e+03
2.426502732240437277e-01 1.398351457194899922e+03
2.596589259796807103e-01 1.317869811320754707e+03
2.811171662125340753e-01 1.194236771117166199e+03
3.008784530386739986e-01 1.150653447513812125e+03
3.206315289648623001e-01 1.083401680911680842e+03
3.399619047619047429e-01 9.702318228571427881e+02
3.619689737470166979e-01 8.951593317422434666e+02
3.799070887818307152e-01 8.592115705437026918e+02
4.013341804320203487e-01 8.036036931385006028e+02
4.195595854922279933e-01 7.160611681059298235e+02
4.407771883289124948e-01 6.756838838196287043e+02
4.600780487804878027e-01 6.200223487804877323e+02
4.807973648341663520e-01 5.883218146297137991e+02
5.009150981177412643e-01 5.645670704845814498e+02
5.204555984555984116e-01 5.298907416988417935e+02
5.419053527118044000e-01 5.102857178305565640e+02
5.606541598694942952e-01 4.654908946166394799e+02
5.706576338400528581e-01 4.417857210839391655e+02
