7.099999999999999645e+00 7.410129646441636631e-01 2.317354605983147110e-03
7.299999999999999822e+00 7.805718942580653907e-01 2.327339264382048689e-03
7.500000000000000000e+00 8.032316473741116791e-01 2.288309087441198469e-03
7.700000000000000178e+00 8.268804907075112398e-01 2.343567411214952240e-03
7.900000000000000355e+00 8.672572179918219826e-01 2.547160852582302203e-03
8.099999999999999645e+00 9.059867042670401993e-01 2.776275695175423660e-03
8.300000000000000711e+00 9.341003839138107834e-01 2.991952122427745872e-03
8.500000000000001776e+00 9.586181161542096651e-01 3.236900764986450942e-03
8.700000000000001066e+00 9.675400902814653703e-01 3.503299925254872368e-03
8.900000000000000355e+00 9.562088364234447857e-01 3.778308824042605606e-03
9.100000000000001421e+00 9.802113704743909972e-01 4.105192787634263929e-03
9.300000000000002487e+00 1.005063643059895817e+00 4.638956237299215503e-03
9.500000000000001776e+00 1.048587295879730874e+00 5.528726636803041154e-03
9.700000000000001066e+00 1.066255580044389584e+00 6.407516073414086695e-03
9.900000000000002132e+00 1.073811961486606403e+00 7.312538777074438154e-03
1.010000000000000320e+01 1.100902335994403014e+00 8.539852854497027509e-03
1.030000000000000249e+01 1.135674658234921974e+00 9.705130117310230287e-03
1.050000000000000178e+01 1.141565993353234942e+00 1.026549695987484176e-02
1.070000000000000284e+01 1.110623665096186263e+00 1.036207774376133803e-02
1.090000000000000391e+01 1.202567407155341828e+00 1.200952504121301570e-02
1.110000000000000320e+01 1.278819871994775204e+00 2.128494272328415246e-02
1.130000000000000249e+01 1.545507857331720913e+00 3.684190060273641321e-02
1.150000000000000355e+01 1.893321018406517009e+00 5.923146343783577267e-02
1.170000000000000462e+01 2.465217709429827764e+00 1.272904919889363828e-01
1.190000000000000391e+01 3.295109763943758541e+00 3.597167482900330282e-01
