2.166666666666666741e-02 8.297987466666667387e+03
4.454545454545454780e-02 9.220369545454545005e+03
6.211111111111110999e-02 8.787349333333333561e+03
8.302469135802469091e-02 5.999793580246912825e+03
1.001960784313725428e-01 4.654623921568627338e+03
1.238590604026845732e-01 3.645255570469799295e+03
1.404228855721393054e-01 2.824805970149253881e+03
1.630075187969924899e-01 2.369434323308270905e+03
1.808858858858858887e-01 2.020109339339339385e+03
2.036394557823129059e-01 1.568683582766440168e+03
2.190557939914163088e-01 1.351440472103004367e+03
2.426502732240437277e-01 1.124659526411657453e+03
2.596589259796807103e-01 1.027207793904208984e+03
2.811171662125340753e-01 9.306080926430519185e+02
3.008784530386739986e-01 8.877504861878452402e+02
3.206315289648623001e-01 8.134590075973410421e+02
3.399619047619047429e-01 7.233078019047619591e+02
3.619689737470166979e-01 6.664757016706442982e+02
3.799070887818307152e-01 6.515731280110117041e+02
4.013341804320203487e-01 5.872039097839898432e+02
4.195595854922279933e-01 4.997024634427173737e+02
4.407771883289124948e-01 4.846126015915119183e+02
4.600780487804878027e-01 4.582781039024389997e+02
4.807973648341663520e-01 4.162679123125851675e+02
5.009150981177412643e-01 3.993143684421305579e+02
5.204555984555984116e-01 3.806061833976834237e+02
5.419053527118044000e-01 3.539185980148883459e+02
5.606541598694942952e-01 3.293403771615008395e+02
5.706576338400528581e-01 3.221550720423000485e+02
