2.166666666666666741e-02 9.434889999999999418e+03
4.454545454545454780e-02 1.309458227272727345e+04
6.211111111111110999e-02 1.370292022222222113e+04
8.302469135802469091e-02 8.986230987654320415e+03
1.001960784313725428e-01 6.516676960784313451e+03
1.238590604026845732e-01 5.063104295302013270e+03
1.404228855721393054e-01 4.027653134328357737e+03
1.630075187969924899e-01 3.621653646616541209e+03
1.808858858858858887e-01 3.163190480480480346e+03
2.036394557823129059e-01 2.471132857142857119e+03
2.190557939914163088e-01 2.112870987124463682e+03
2.426502732240437277e-01 1.740031857923497228e+03
2.596589259796807103e-01 1.687829404934688000e+03
2.811171662125340753e-01 1.547331103542234359e+03
3.008784530386739986e-01 1.444493712707182340e+03
3.206315289648623001e-01 1.334543722697055955e+03
3.399619047619047429e-01 1.180208019047619246e+03
3.619689737470166979e-01 1.064340525059665879e+03
3.799070887818307152e-01 1.085669518238128148e+03
4.013341804320203487e-01 1.024084311944091496e+03
4.195595854922279933e-01 8.852548629821532131e+02
4.407771883289124948e-01 8.796071777188328724e+02
4.600780487804878027e-01 8.143077492682928096e+02
4.807973648341663520e-01 7.206483325761018932e+02
5.009150981177412643e-01 7.041685879054865609e+02
5.204555984555984116e-01 7.038555509652510409e+02
5.419053527118044000e-01 6.639832644452321802e+02
5.606541598694942952e-01 6.288293278955953838e+02
5.706576338400528581e-01 6.298398664904163979e+02
