2.166666666666666741e-02 7.329623599999999897e+03
4.454545454545454780e-02 7.971305909090908244e+03
6.211111111111110999e-02 7.560846222222222423e+03
8.302469135802469091e-02 5.284350370370370001e+03
1.001960784313725428e-01 4.123403431372549676e+03
1.238590604026845732e-01 3.129188255033557198e+03
1.404228855721393054e-01 2.371909203980099846e+03
1.630075187969924899e-01 1.992730902255639194e+03
1.808858858858858887e-01 1.716414144144144302e+03
2.036394557823129059e-01 1.331928321995465240e+03
2.190557939914163088e-01 1.143034635193132999e+03
2.426502732240437277e-01 9.294162877959927300e+02
2.596589259796807103e-01 8.592873352685049895e+02
2.811171662125340753e-01 7.896777356948228999e+02
3.008784530386739986e-01 7.375922298342541126e+02
3.206315289648623001e-01 6.839897891737891769e+02
3.399619047619047429e-01 6.269142657142857615e+02
3.619689737470166979e-01 5.608691193317422403e+02
3.799070887818307152e-01 5.376526785960082861e+02
4.013341804320203487e-01 4.924008176620076256e+02
4.195595854922279933e-01 4.230113143350604901e+02
4.407771883289124948e-01 4.105071453580902130e+02
4.600780487804878027e-01 3.864760063414634601e+02
4.807973648341663520e-01 3.472966415265788669e+02
5.009150981177412643e-01 3.217017436924309095e+02
5.204555984555984116e-01 3.082386482625482245e+02
5.419053527118044000e-01 2.963765973059199155e+02
5.606541598694942952e-01 2.687363588907014673e+02
5.706576338400528581e-01 2.552666622604097597e+02
