2.166666666666666741e-02 6.395782183333332796e+03
4.454545454545454780e-02 9.571302272727272793e+03
6.211111111111110999e-02 1.002285288888888863e+04
8.302469135802469091e-02 6.879278765432098226e+03
1.001960784313725428e-01 5.025875000000000000e+03
1.238590604026845732e-01 3.986108657718121322e+03
1.404228855721393054e-01 3.250460696517412998e+03
1.630075187969924899e-01 2.713836165413533763e+03
1.808858858858858887e-01 2.288176276276275985e+03
2.036394557823129059e-01 1.832537596371882273e+03
2.190557939914163088e-01 1.570740214592274469e+03
2.426502732240437277e-01 1.294318360655737706e+03
2.596589259796807103e-01 1.236651886792452842e+03
2.811171662125340753e-01 1.147511784741144538e+03
3.008784530386739986e-01 1.086220751381215450e+03
3.206315289648623001e-01 9.943147302943968953e+02
3.399619047619047429e-01 8.952645752380952899e+02
3.619689737470166979e-01 8.302917684964201044e+02
3.799070887818307152e-01 8.286111328286303888e+02
4.013341804320203487e-01 7.570239695044472228e+02
4.195595854922279933e-01 6.491986919976972104e+02
4.407771883289124948e-01 6.219419660477452680e+02
4.600780487804878027e-01 5.717496268292683226e+02
4.807973648341663520e-01 5.308560586097228224e+02
5.009150981177412643e-01 5.156957961553864607e+02
5.204555984555984116e-01 4.904873992277992443e+02
5.419053527118044000e-01 4.751796430343849806e+02
5.606541598694942952e-01 4.349121429037520556e+02
5.706576338400528581e-01 4.062053840052875557e+02
