2.166666666666666741e-02 2.426313500000000058e+05
4.454545454545454780e-02 8.084066272727273463e+04
6.211111111111110999e-02 1.992913733333333221e+04
8.302469135802469091e-02 1.566177654320987494e+04
1.001960784313725428e-01 1.256444901960784409e+04
1.238590604026845732e-01 1.004829382550335504e+04
1.404228855721393054e-01 9.402848159203980686e+03
1.630075187969924899e-01 8.117059022556391938e+03
1.808858858858858887e-01 5.699445945945945823e+03
2.036394557823129059e-01 5.024308095238095120e+03
2.190557939914163088e-01 4.714027682403433573e+03
2.426502732240437277e-01 2.926269125683059883e+03
2.596589259796807103e-01 2.805263280116110309e+03
2.811171662125340753e-01 3.098628991825612502e+03
3.008784530386739986e-01 2.978316287292817833e+03
3.206315289648623001e-01 2.625598119658120140e+03
3.399619047619047429e-01 2.550992028571428818e+03
3.619689737470166979e-01 2.339422219570406014e+03
3.799070887818307152e-01 1.891746779077770270e+03
4.013341804320203487e-01 1.970136137229987526e+03
4.195595854922279933e-01 2.140887420840529558e+03
4.407771883289124948e-01 1.735932037135278506e+03
4.600780487804878027e-01 1.319566590243902283e+03
4.807973648341663520e-01 1.439855274875056693e+03
5.009150981177412643e-01 1.438778894673608193e+03
5.204555984555984116e-01 1.325897146718146814e+03
5.419053527118044000e-01 1.368532474299893693e+03
5.606541598694942952e-01 1.242880544861337739e+03
5.706576338400528581e-01 1.146017680105750060e+03
