2.166666666666666741e-02 8.422343150000000605e+03
4.454545454545454780e-02 9.072775000000001455e+03
6.211111111111110999e-02 8.408414444444444598e+03
8.302469135802469091e-02 5.849473703703703904e+03
1.001960784313725428e-01 4.573332254901961278e+03
1.238590604026845732e-01 3.450495033557047009e+03
1.404228855721393054e-01 2.660922388059701461e+03
1.630075187969924899e-01 2.237377857142857010e+03
1.808858858858858887e-01 1.879924414414414741e+03
2.036394557823129059e-01 1.451697029478458035e+03
2.190557939914163088e-01 1.246178240343347852e+03
2.426502732240437277e-01 1.014544622950819758e+03
2.596589259796807103e-01 9.639785892597968768e+02
2.811171662125340753e-01 8.757354795640326302e+02
3.008784530386739986e-01 8.050006563535912392e+02
3.206315289648623001e-01 7.530896742640074990e+02
3.399619047619047429e-01 6.723137361904762201e+02
3.619689737470166979e-01 6.080767446300715164e+02
3.799070887818307152e-01 6.010192924982794693e+02
4.013341804320203487e-01 5.419749879288436887e+02
4.195595854922279933e-01 4.614217288428325219e+02
4.407771883289124948e-01 4.539569129973474446e+02
4.600780487804878027e-01 4.302029995121951060e+02
4.807973648341663520e-01 3.934386733303043684e+02
5.009150981177412643e-01 3.678200724869843725e+02
5.204555984555984116e-01 3.436641471042471494e+02
5.419053527118044000e-01 3.304976249556894459e+02
5.606541598694942952e-01 3.067303856443718928e+02
5.706576338400528581e-01 2.920305221414408265e+02
