2.166666666666666741e-02 2.106578833333333387e+04
4.454545454545454780e-02 1.536077772727272713e+04
6.211111111111110999e-02 1.139975577777777653e+04
8.302469135802469091e-02 7.274280370370370292e+03
1.001960784313725428e-01 5.608243137254902649e+03
1.238590604026845732e-01 4.602672818791946156e+03
1.404228855721393054e-01 3.690296716417910375e+03
1.630075187969924899e-01 3.162205150375939866e+03
1.808858858858858887e-01 2.716743933933933931e+03
2.036394557823129059e-01 2.101381700680272388e+03
2.190557939914163088e-01 1.681534377682403374e+03
2.426502732240437277e-01 1.249754990892531850e+03
2.596589259796807103e-01 1.310181146589259697e+03
2.811171662125340753e-01 1.366072602179836622e+03
3.008784530386739986e-01 1.257099248618784713e+03
3.206315289648623001e-01 9.778930645773980359e+02
3.399619047619047429e-01 7.165487904761905611e+02
3.619689737470166979e-01 7.110521217183770659e+02
3.799070887818307152e-01 6.822286297315898764e+02
4.013341804320203487e-01 5.960223894536212583e+02
4.195595854922279933e-01 6.110999873344846947e+02
4.407771883289124948e-01 6.136603374005306932e+02
4.600780487804878027e-01 5.642784970731706835e+02
4.807973648341663520e-01 4.683381785552022052e+02
5.009150981177412643e-01 4.994918578293952578e+02
5.204555984555984116e-01 5.704102378378378262e+02
5.419053527118044000e-01 6.481091822048919084e+02
5.606541598694942952e-01 6.093801226753670335e+02
5.706576338400528581e-01 4.900205128883013685e+02
