2.166666666666666741e-02 4.136980166700000154e+03
4.454545454545454780e-02 8.620200909090910500e+03
6.211111111111110999e-02 1.061326377777777816e+04
8.302469135802469091e-02 7.522513086419753563e+03
1.001960784313725428e-01 5.317288333333332957e+03
1.238590604026845732e-01 4.266025033557047209e+03
1.404228855721393054e-01 3.532338756218905473e+03
1.630075187969924899e-01 2.752025150375939575e+03
1.808858858858858887e-01 2.410268348348348354e+03
2.036394557823129059e-01 2.099720702947845894e+03
2.190557939914163088e-01 1.799861223175965733e+03
2.426502732240437277e-01 1.534489945355191367e+03
2.596589259796807103e-01 1.450672002902757640e+03
2.811171662125340753e-01 1.300158855585831134e+03
3.008784530386739986e-01 1.258375104972375766e+03
3.206315289648623001e-01 1.174429363722697190e+03
3.399619047619047429e-01 1.065305427619047578e+03
3.619689737470166979e-01 1.009091706443914063e+03
3.799070887818307152e-01 9.961406785960083425e+02
4.013341804320203487e-01 9.360819218551459926e+02
4.195595854922279933e-01 8.366185854922280214e+02
4.407771883289124948e-01 8.232051352785146037e+02
4.600780487804878027e-01 7.795732175609755359e+02
4.807973648341663520e-01 7.139618427987278437e+02
5.009150981177412643e-01 6.912245959150981207e+02
5.204555984555984116e-01 6.758811108108108101e+02
5.419053527118044000e-01 6.520520528181496047e+02
5.606541598694942952e-01 6.179895895595433331e+02
5.752995082700044227e-01 6.122483486812694764e+02
