2.166666666666666741e-02 1.569030166700000109e+03
4.454545454545454780e-02 3.302975454545454340e+03
6.211111111111110999e-02 3.927353999999999814e+03
8.302469135802469091e-02 2.773006790123456540e+03
1.001960784313725428e-01 1.956606764705882597e+03
1.238590604026845732e-01 1.571320134228187953e+03
1.404228855721393054e-01 1.309914995024875680e+03
1.630075187969924899e-01 1.013566165413533781e+03
1.808858858858858887e-01 8.871163303303303564e+02
2.036394557823129059e-01 7.513961927437642316e+02
2.190557939914163088e-01 6.268377832618025423e+02
2.426502732240437277e-01 5.104337449908925350e+02
2.596589259796807103e-01 4.783739506531204597e+02
2.811171662125340753e-01 4.391222465940055031e+02
3.008784530386739986e-01 4.195117933701657762e+02
3.206315289648623001e-01 3.855540617283950837e+02
3.399619047619047429e-01 3.319871733333333168e+02
3.619689737470166979e-01 2.951625274463006576e+02
3.799070887818307152e-01 2.820934094975912103e+02
4.013341804320203487e-01 2.587856493011436214e+02
4.195595854922279933e-01 2.354037950489349384e+02
4.407771883289124948e-01 2.233326159151193906e+02
4.600780487804878027e-01 2.086731234146341478e+02
4.807973648341663520e-01 1.898601681054065864e+02
5.009150981177412643e-01 1.784976147376852111e+02
5.204555984555984116e-01 1.764814401544401221e+02
5.419053527118044000e-01 1.683784665012406947e+02
5.606541598694942952e-01 1.583151526916802823e+02
5.752995082700044227e-01 1.563081569065712984e+02
