2.166666666666666741e-02 7.845166500000000269e+03
4.454545454545454780e-02 6.660525909090909408e+03
6.211111111111110999e-02 6.091695999999999913e+03
8.302469135802469091e-02 4.343813086419752835e+03
1.001960784313725428e-01 3.162522254901960423e+03
1.238590604026845732e-01 2.421885167785234898e+03
1.404228855721393054e-01 1.958764925373134247e+03
1.630075187969924899e-01 1.672381390977443971e+03
1.808858858858858887e-01 1.451910690690690899e+03
2.036394557823129059e-01 1.110330458049886602e+03
2.190557939914163088e-01 9.149400278969957299e+02
2.426502732240437277e-01 7.053701803278688658e+02
2.596589259796807103e-01 6.880620449927431537e+02
2.811171662125340753e-01 7.020152384196186404e+02
3.008784530386739986e-01 6.308212685082872895e+02
3.206315289648623001e-01 5.777806438746439426e+02
3.399619047619047429e-01 4.812613885714285402e+02
3.619689737470166979e-01 3.975331360381861714e+02
3.799070887818307152e-01 3.903722044046799624e+02
4.013341804320203487e-01 3.530599027954256712e+02
4.195595854922279933e-01 3.301188566493955250e+02
4.407771883289124948e-01 3.181003236074270717e+02
4.600780487804878027e-01 2.939453565853658006e+02
4.807973648341663520e-01 2.592686138119036627e+02
5.009150981177412643e-01 2.423848662394873941e+02
5.204555984555984116e-01 2.352299185328185445e+02
5.419053527118044000e-01 2.185677880184331627e+02
5.606541598694942952e-01 2.099383057096247569e+02
5.706576338400528581e-01 2.116647395902180904e+02
