2.166666666666666741e-02 2.192829183333333349e+05
4.454545454545454780e-02 8.055619545454545005e+04
6.211111111111110999e-02 1.958621111111111168e+04
8.302469135802469091e-02 1.606998518518518540e+04
1.001960784313725428e-01 1.304375598039215765e+04
1.238590604026845732e-01 8.282446375838926542e+03
1.404228855721393054e-01 6.963772935323382626e+03
1.630075187969924899e-01 4.996272443609022048e+03
1.808858858858858887e-01 4.234030480480480037e+03
2.036394557823129059e-01 3.737809682539681944e+03
2.190557939914163088e-01 2.660489141630901031e+03
2.426502732240437277e-01 2.362847777777777537e+03
2.596589259796807103e-01 2.612715137880986731e+03
2.811171662125340753e-01 2.614660395095367676e+03
3.008784530386739986e-01 2.686839690607734610e+03
3.206315289648623001e-01 2.350316096866096814e+03
3.399619047619047429e-01 1.986121514285714284e+03
3.619689737470166979e-01 1.672682816229116725e+03
3.799070887818307152e-01 1.538345994494150091e+03
4.013341804320203487e-01 1.217480828462516001e+03
4.195595854922279933e-01 1.161884176165802955e+03
4.407771883289124948e-01 1.242596983023872781e+03
4.600780487804878027e-01 9.475972726829268140e+02
4.807973648341663520e-01 7.019297519309404834e+02
5.009150981177412643e-01 8.113265282338807083e+02
5.204555984555984116e-01 7.577954694980694512e+02
5.419053527118044000e-01 6.515560287132223038e+02
5.606541598694942952e-01 6.996756916802610249e+02
5.706576338400528581e-01 6.807469206873761323e+02
