2.166666666666666741e-02 1.762186666666666497e+04
4.454545454545454780e-02 1.039607727272727243e+04
6.211111111111110999e-02 6.973558666666666795e+03
8.302469135802469091e-02 4.644747037037037444e+03
1.001960784313725428e-01 3.429827549019608341e+03
1.238590604026845732e-01 2.621368456375839287e+03
1.404228855721393054e-01 2.013390298507462830e+03
1.630075187969924899e-01 1.705791992481203124e+03
1.808858858858858887e-01 1.502965705705705659e+03
2.036394557823129059e-01 1.209206349206349159e+03
2.190557939914163088e-01 1.045707231759656679e+03
2.426502732240437277e-01 8.647544080145719363e+02
2.596589259796807103e-01 7.659947706821479869e+02
2.811171662125340753e-01 7.256940286103540529e+02
3.008784530386739986e-01 7.038856309392264166e+02
3.206315289648623001e-01 6.327772953466286481e+02
3.399619047619047429e-01 5.346327676190476268e+02
3.619689737470166979e-01 4.269821241050119625e+02
3.799070887818307152e-01 4.212937873365451082e+02
4.013341804320203487e-01 3.918925355781448729e+02
4.195595854922279933e-01 3.695789280368451273e+02
4.407771883289124948e-01 3.583212127320954892e+02
4.600780487804878027e-01 2.997762502439024388e+02
4.807973648341663520e-01 2.866350218082689594e+02
5.009150981177412643e-01 2.851119711653984723e+02
5.204555984555984116e-01 2.462346691119690831e+02
5.419053527118044000e-01 2.303222520382842902e+02
5.606541598694942952e-01 2.194472838499184491e+02
5.706576338400528581e-01 2.033107924653007217e+02
