2.166666666666666741e-02 4.699184150000000045e+03
4.454545454545454780e-02 4.861392272727272939e+03
6.211111111111110999e-02 4.394463111111111175e+03
8.302469135802469091e-02 3.007576296296296277e+03
1.001960784313725428e-01 2.219433235294117821e+03
1.238590604026845732e-01 1.682139798657718302e+03
1.404228855721393054e-01 1.360353492537313514e+03
1.630075187969924899e-01 1.221650406015037788e+03
1.808858858858858887e-01 1.015111387387387367e+03
2.036394557823129059e-01 7.532262766439909001e+02
2.190557939914163088e-01 6.440510665236051864e+02
2.426502732240437277e-01 4.974820491803279197e+02
2.596589259796807103e-01 4.875668084179970947e+02
2.811171662125340753e-01 4.935393991825612829e+02
3.008784530386739986e-01 4.440259845303867223e+02
3.206315289648623001e-01 3.849183798670465535e+02
3.399619047619047429e-01 3.228388180952380822e+02
3.619689737470166979e-01 2.739034152744629864e+02
3.799070887818307152e-01 2.530839655884377066e+02
4.013341804320203487e-01 2.263074783989834486e+02
4.195595854922279933e-01 2.095764657455382860e+02
4.407771883289124948e-01 2.000984026525198658e+02
4.600780487804878027e-01 1.961816073170732011e+02
4.807973648341663520e-01 1.772143798273512232e+02
5.009150981177412643e-01 1.634697064477372805e+02
5.204555984555984116e-01 1.590932374517374512e+02
5.419053527118044000e-01 1.442477660404111930e+02
5.606541598694942952e-01 1.349135693311582145e+02
5.706576338400528581e-01 1.338714355584930615e+02
