2.166666666666666741e-02 4.402544833333333372e+03
4.454545454545454780e-02 4.160724090909091501e+03
6.211111111111110999e-02 3.397054444444444925e+03
8.302469135802469091e-02 2.332813580246913716e+03
1.001960784313725428e-01 1.915912843137254868e+03
1.238590604026845732e-01 1.521596040268456363e+03
1.404228855721393054e-01 1.173670427860696464e+03
1.630075187969924899e-01 9.849294436090226554e+02
1.808858858858858887e-01 8.410683843843843306e+02
2.036394557823129059e-01 6.524671746031744988e+02
2.190557939914163088e-01 5.632498175965664586e+02
2.426502732240437277e-01 4.261064025500911043e+02
2.596589259796807103e-01 3.984301001451378283e+02
2.811171662125340753e-01 3.973625272479563932e+02
3.008784530386739986e-01 3.503281060773480249e+02
3.206315289648623001e-01 3.092169297245964117e+02
3.399619047619047429e-01 2.657246609523809866e+02
3.619689737470166979e-01 2.248901312649164765e+02
3.799070887818307152e-01 2.140082814865794774e+02
4.013341804320203487e-01 1.926012623888182986e+02
4.195595854922279933e-01 1.735018779504893303e+02
4.407771883289124948e-01 1.640314970822280998e+02
4.600780487804878027e-01 1.578572648780487668e+02
4.807973648341663520e-01 1.387842385279418522e+02
5.009150981177412643e-01 1.264970324389267233e+02
5.204555984555984116e-01 1.249534540540540775e+02
5.419053527118044000e-01 1.130281120170152462e+02
5.606541598694942952e-01 1.046918505709624725e+02
5.706576338400528581e-01 1.049152081956378026e+02
