2.166666666666666741e-02 1.896876850000000195e+04
4.454545454545454780e-02 1.005245272727272641e+04
6.211111111111110999e-02 6.461414222222222634e+03
8.302469135802469091e-02 4.363218888888888614e+03
1.001960784313725428e-01 3.124253725490196302e+03
1.238590604026845732e-01 2.567058456375839341e+03
1.404228855721393054e-01 2.092439601990049596e+03
1.630075187969924899e-01 1.783737518796992390e+03
1.808858858858858887e-01 1.593538918918918853e+03
2.036394557823129059e-01 1.287112494331065818e+03
2.190557939914163088e-01 1.079718776824034194e+03
2.426502732240437277e-01 8.209473588342440280e+02
2.596589259796807103e-01 7.714444949201741792e+02
2.811171662125340753e-01 7.438058610354224811e+02
3.008784530386739986e-01 6.947274618784529139e+02
3.206315289648623001e-01 6.455250512820513222e+02
3.399619047619047429e-01 5.474860314285714367e+02
3.619689737470166979e-01 4.543670310262530165e+02
3.799070887818307152e-01 4.336131803165863516e+02
4.013341804320203487e-01 3.951555095298602396e+02
4.195595854922279933e-01 3.555295618883131397e+02
4.407771883289124948e-01 3.322058456233422135e+02
4.600780487804878027e-01 3.077797458536585395e+02
4.807973648341663520e-01 2.830152821444797269e+02
5.009150981177412643e-01 2.786257224669603261e+02
5.204555984555984116e-01 2.714138440154439991e+02
5.419053527118044000e-01 2.575621974477135723e+02
5.606541598694942952e-01 2.402804786296900090e+02
5.706576338400528581e-01 2.269947647058823748e+02
