2.166666666666666741e-02 6.625524333333333743e+03
4.454545454545454780e-02 5.484130454545454086e+03
6.211111111111110999e-02 5.038453111111111866e+03
8.302469135802469091e-02 3.797525925925926458e+03
1.001960784313725428e-01 3.041039313725490501e+03
1.238590604026845732e-01 2.428830671140939558e+03
1.404228855721393054e-01 1.876164129353233420e+03
1.630075187969924899e-01 1.624404962406014874e+03
1.808858858858858887e-01 1.434569999999999936e+03
2.036394557823129059e-01 1.071821464852607505e+03
2.190557939914163088e-01 8.891480643776824309e+02
2.426502732240437277e-01 7.124991985428050612e+02
2.596589259796807103e-01 6.703890043541364321e+02
2.811171662125340753e-01 6.335736784741143310e+02
3.008784530386739986e-01 5.777147801104972586e+02
3.206315289648623001e-01 5.365418262108261160e+02
3.399619047619047429e-01 4.537133571428570917e+02
3.619689737470166979e-01 3.800187828162291339e+02
3.799070887818307152e-01 3.653097756366139492e+02
4.013341804320203487e-01 3.278183449809402532e+02
4.195595854922279933e-01 3.045806211859527934e+02
4.407771883289124948e-01 3.007880381962864931e+02
4.600780487804878027e-01 2.800424004878048549e+02
4.807973648341663520e-01 2.461589173103134840e+02
5.009150981177412643e-01 2.316577484981978614e+02
5.204555984555984116e-01 2.265005196911197061e+02
5.419053527118044000e-01 2.147530166607585898e+02
5.606541598694942952e-01 1.944736606851549823e+02
5.706576338400528581e-01 1.823711791143423966e+02
