2.166666666666666741e-02 7.204165333333331546e+03
4.454545454545454780e-02 5.723117727272726370e+03
6.211111111111110999e-02 5.031755333333333510e+03
8.302469135802469091e-02 3.658339259259259052e+03
1.001960784313725428e-01 2.763530294117646918e+03
1.238590604026845732e-01 2.026452147651006726e+03
1.404228855721393054e-01 1.573103582089552219e+03
1.630075187969924899e-01 1.379824812030075009e+03
1.808858858858858887e-01 1.277734114114113936e+03
2.036394557823129059e-01 1.008048498866213208e+03
2.190557939914163088e-01 8.074070815450644432e+02
2.426502732240437277e-01 6.527217632058287791e+02
2.596589259796807103e-01 6.169028882438316259e+02
2.811171662125340753e-01 5.725843051771116734e+02
3.008784530386739986e-01 5.194400066298342153e+02
3.206315289648623001e-01 4.787315859449192885e+02
3.399619047619047429e-01 4.103380504761905172e+02
3.619689737470166979e-01 3.445384988066825827e+02
3.799070887818307152e-01 3.189799690295939740e+02
4.013341804320203487e-01 2.891618373570520930e+02
4.195595854922279933e-01 2.714360259067357219e+02
4.407771883289124948e-01 2.600435623342174836e+02
4.600780487804878027e-01 2.372997780487804391e+02
4.807973648341663520e-01 2.120393884597910130e+02
5.009150981177412643e-01 2.020285818982779347e+02
5.204555984555984116e-01 1.951757610038609982e+02
5.419053527118044000e-01 1.837117589507266757e+02
5.606541598694942952e-01 1.671481566068515292e+02
5.706576338400528581e-01 1.597321242564441661e+02
