2.166666666666666741e-02 1.471273983333333308e+04
4.454545454545454780e-02 8.265142272727271120e+03
6.211111111111110999e-02 5.673110444444444511e+03
8.302469135802469091e-02 4.142021728395061473e+03
1.001960784313725428e-01 3.081055784313725326e+03
1.238590604026845732e-01 2.321763288590603679e+03
1.404228855721393054e-01 1.869818905472636743e+03
1.630075187969924899e-01 1.655314210526315946e+03
1.808858858858858887e-01 1.483571951951952087e+03
2.036394557823129059e-01 1.121786780045351406e+03
2.190557939914163088e-01 8.991078476394850441e+02
2.426502732240437277e-01 6.726978561020036977e+02
2.596589259796807103e-01 6.592941886792452806e+02
2.811171662125340753e-01 6.404165204359672998e+02
3.008784530386739986e-01 5.646204574585635783e+02
3.206315289648623001e-01 5.195844226020892620e+02
3.399619047619047429e-01 4.547676952380952571e+02
3.619689737470166979e-01 3.907067136038186277e+02
3.799070887818307152e-01 3.698898100481761730e+02
4.013341804320203487e-01 3.336235196950444788e+02
4.195595854922279933e-01 3.112551122625216067e+02
4.407771883289124948e-01 2.989323347480105895e+02
4.600780487804878027e-01 2.786765141463415034e+02
4.807973648341663520e-01 2.488352453430258890e+02
5.009150981177412643e-01 2.304713904685622481e+02
5.204555984555984116e-01 2.274171660231660042e+02
5.419053527118044000e-01 2.098316745834810604e+02
5.606541598694942952e-01 1.933253673735726181e+02
5.706576338400528581e-01 1.899486787838731061e+02
