2.166666666666666741e-02 6.541516366666666727e+03
4.454545454545454780e-02 5.663134545454545332e+03
6.211111111111110999e-02 4.830872666666666191e+03
8.302469135802469091e-02 3.393466913580246910e+03
1.001960784313725428e-01 2.550413823529412184e+03
1.238590604026845732e-01 1.921560201342281971e+03
1.404228855721393054e-01 1.563725074626865535e+03
1.630075187969924899e-01 1.350700586466165532e+03
1.808858858858858887e-01 1.145124972972972955e+03
2.036394557823129059e-01 8.705848616780045859e+02
2.190557939914163088e-01 7.437225171673820796e+02
2.426502732240437277e-01 5.883040892531877262e+02
2.596589259796807103e-01 5.318588548621189602e+02
2.811171662125340753e-01 5.137266035422343293e+02
3.008784530386739986e-01 4.811940419889502891e+02
3.206315289648623001e-01 4.297989696106363340e+02
3.399619047619047429e-01 3.668610609523809671e+02
3.619689737470166979e-01 3.262854630071599331e+02
3.799070887818307152e-01 3.130274046799724488e+02
4.013341804320203487e-01 2.820073862770012738e+02
4.195595854922279933e-01 2.442507812320092171e+02
4.407771883289124948e-01 2.249279936339522692e+02
4.600780487804878027e-01 2.260069985365853995e+02
4.807973648341663520e-01 2.050734225352112787e+02
5.009150981177412643e-01 1.880893944733680314e+02
5.204555984555984116e-01 1.793999416988417011e+02
5.419053527118044000e-01 1.637394820985466311e+02
5.606541598694942952e-01 1.499645641109298424e+02
5.706576338400528581e-01 1.421575393258427198e+02
