2.166666666666666741e-02 6.777997833333331982e+03
4.454545454545454780e-02 5.615923181818181547e+03
6.211111111111110999e-02 4.964690888888888367e+03
8.302469135802469091e-02 3.727490987654320634e+03
1.001960784313725428e-01 3.014827647058823459e+03
1.238590604026845732e-01 2.428554697986577139e+03
1.404228855721393054e-01 1.848692885572139403e+03
1.630075187969924899e-01 1.608515300751879749e+03
1.808858858858858887e-01 1.447900420420420460e+03
2.036394557823129059e-01 1.083823732426304105e+03
2.190557939914163088e-01 9.012165407725323121e+02
2.426502732240437277e-01 7.126484189435337839e+02
2.596589259796807103e-01 6.702115181422350361e+02
2.811171662125340753e-01 6.392716416893732685e+02
3.008784530386739986e-01 5.817585867403314523e+02
3.206315289648623001e-01 5.305516999050332743e+02
3.399619047619047429e-01 4.443217619047618996e+02
3.619689737470166979e-01 3.808997470167063852e+02
3.799070887818307152e-01 3.666960013764625046e+02
4.013341804320203487e-01 3.234285565438373169e+02
4.195595854922279933e-01 3.018648163500287751e+02
4.407771883289124948e-01 2.966029649867374474e+02
4.600780487804878027e-01 2.747924556097560753e+02
4.807973648341663520e-01 2.465182394366197229e+02
5.009150981177412643e-01 2.318847320784941815e+02
5.204555984555984116e-01 2.239488992277992168e+02
5.419053527118044000e-01 2.108565604395604112e+02
5.606541598694942952e-01 1.914365386623164795e+02
5.706576338400528581e-01 1.811413740912095136e+02
