2.166666666666666741e-02 2.498718399999999747e+04
4.454545454545454780e-02 1.222374409090909103e+04
6.211111111111110999e-02 8.534642888888889502e+03
8.302469135802469091e-02 5.903364444444444416e+03
1.001960784313725428e-01 4.242011372549020052e+03
1.238590604026845732e-01 3.412946308724832306e+03
1.404228855721393054e-01 2.714254676616915276e+03
1.630075187969924899e-01 2.478800488721804868e+03
1.808858858858858887e-01 2.041102642642642877e+03
2.036394557823129059e-01 1.443519977324263209e+03
2.190557939914163088e-01 1.256354270386266080e+03
2.426502732240437277e-01 1.038933777777777777e+03
2.596589259796807103e-01 9.920186995645864272e+02
2.811171662125340753e-01 9.415362138964577525e+02
3.008784530386739986e-01 8.546646596685083068e+02
3.206315289648623001e-01 8.365753618233617317e+02
3.399619047619047429e-01 7.309926942857141512e+02
3.619689737470166979e-01 6.128930286396180236e+02
3.799070887818307152e-01 5.508840736407432814e+02
4.013341804320203487e-01 4.803437033036848902e+02
4.195595854922279933e-01 4.608571433506044741e+02
4.407771883289124948e-01 4.229232482758621359e+02
4.600780487804878027e-01 3.827249131707317247e+02
4.807973648341663520e-01 3.451924457064970966e+02
5.009150981177412643e-01 3.715990548658389798e+02
5.204555984555984116e-01 3.577861818532819029e+02
5.419053527118044000e-01 2.894349191775966119e+02
5.606541598694942952e-01 2.801111517128874198e+02
5.706576338400528581e-01 2.843542683410443033e+02
