-2.175000000000000000e+01 2.418571216805553092e+00 5.659179383940470265e-01 5.571752510528021001e-05 5.571752510528021001e-05
-2.125000000000000000e+01 2.390275022364633628e+00 7.751530342204997481e-01 1.520354173415397892e-04 1.520354173415397892e-04
-2.075000000000000000e+01 2.290608526354097396e+00 7.415969711508570983e-01 2.950005398984990781e-04 2.950005398984990781e-04
-2.025000000000000000e+01 2.199409832434935375e+00 7.046467787440803265e-01 6.107331821617535857e-04 6.107331821617535857e-04
-1.975000000000000000e+01 2.076867365084391182e+00 6.382575440219596663e-01 1.369830471871288187e-03 1.369830471871288187e-03
-1.925000000000000000e+01 1.933138669177992819e+00 5.682354345041863430e-01 3.649281934996220517e-03 3.649281934996220517e-03
-1.875000000000000000e+01 1.842279100578547490e+00 5.061313938278670932e-01 8.507288629737609284e-03 8.507288629737609284e-03
-1.825000000000000000e+01 1.799336666919667094e+00 5.099595378827233016e-01 1.384753266385919425e-02 1.384753266385919425e-02
-1.775000000000000000e+01 1.765811606862216721e+00 5.455046807927326213e-01 1.797451679084332080e-02 1.797451679084332080e-02
-1.725000000000000000e+01 1.715444207834066814e+00 5.315893553416484174e-01 2.343289061656408587e-02 2.343289061656408587e-02
