-2.375000000000000000e+01 3.951045111210145233e+00 3.605989761750986178e-01
-2.325000000000000000e+01 3.238710122056500218e+00 1.482485335144675676e-01
-2.275000000000000000e+01 3.311494703226224523e+00 8.631561561069138466e-02
-2.225000000000000000e+01 3.102186882733492190e+00 6.688093604415709659e-02
-2.175000000000000000e+01 2.778824960103365438e+00 5.087345993959397489e-02
-2.125000000000000000e+01 2.424246898419559759e+00 3.549076338242258127e-02
-2.075000000000000000e+01 2.080331524071109328e+00 2.323713547425909284e-02
-2.025000000000000000e+01 1.969619100591543548e+00 1.596658133796307472e-02
-1.975000000000000000e+01 1.913010551201451914e+00 1.297118948756524094e-02
-1.925000000000000000e+01 1.848375691213801408e+00 1.200806573192028312e-02
-1.875000000000000000e+01 1.819444232481708612e+00 1.165605528028664829e-02
-1.825000000000000000e+01 1.733535013780936440e+00 1.081131549245886031e-02
-1.775000000000000000e+01 1.655000086034776219e+00 9.434629099380739681e-03
