2.166666666666666741e-02 2.905281833333333270e+04
4.454545454545454780e-02 1.409901909090909066e+04
6.211111111111110999e-02 9.775799999999999272e+03
8.302469135802469091e-02 6.879613333333333685e+03
1.001960784313725428e-01 4.183144803921568382e+03
1.238590604026845732e-01 2.632488013422818767e+03
1.404228855721393054e-01 2.692152656716417823e+03
1.630075187969924899e-01 2.680655864661654050e+03
1.808858858858858887e-01 2.176640600600600465e+03
2.036394557823129059e-01 1.562693083900226839e+03
2.190557939914163088e-01 1.358232875536480833e+03
2.426502732240437277e-01 6.681203096539161379e+02
2.596589259796807103e-01 6.553972656023222498e+02
2.811171662125340753e-01 1.109505444141689395e+03
3.008784530386739986e-01 8.993353414364642049e+02
3.206315289648623001e-01 7.793186068376068079e+02
3.399619047619047429e-01 4.112795257142857395e+02
3.619689737470166979e-01 2.310029131264915918e+02
3.799070887818307152e-01 3.897956942876806465e+02
4.013341804320203487e-01 5.469076715374841342e+02
4.195595854922279933e-01 4.682677167530224551e+02
4.407771883289124948e-01 2.019579936339522419e+02
4.600780487804878027e-01 3.975543321951219582e+02
4.807973648341663520e-01 5.515370154475237996e+02
5.009150981177412643e-01 3.067487621145374419e+02
5.204555984555984116e-01 2.334635911196911309e+02
5.419053527118044000e-01 3.659920276497695681e+02
5.606541598694942952e-01 4.018604019575855659e+02
5.706576338400528581e-01 4.030173218770653989e+02
