-2.375000000000000000e+01 3.488010036827652538e+00 1.207068043965007442e+00 5.031854011445848358e-05 5.031854011445848358e-05
-2.325000000000000000e+01 3.285462712208720326e+00 9.734870206798833525e-01 1.764388295000539927e-04 1.764388295000539927e-04
-2.275000000000000000e+01 3.151191780911042351e+00 9.274903572203182511e-01 3.835438937479753916e-04 3.835438937479753916e-04
-2.225000000000000000e+01 2.925555670559717214e+00 9.612547566186129266e-01 5.861138106036065673e-04 5.861138106036065673e-04
-2.175000000000000000e+01 2.649930748867651786e+00 8.495021750155331564e-01 9.519490335816866962e-04 9.519490335816866962e-04
-2.125000000000000000e+01 2.352330819620208402e+00 7.960557807365835625e-01 1.812547241118669591e-03 1.812547241118669591e-03
-2.075000000000000000e+01 2.131295804690684026e+00 7.346590492127268446e-01 3.952272972681135886e-03 3.952272972681135886e-03
-2.025000000000000000e+01 1.988836817878484542e+00 6.579767271002685547e-01 7.954000647878198271e-03 7.954000647878198271e-03
-1.975000000000000000e+01 1.901160663515423455e+00 6.444579858820131957e-01 1.182269733290141484e-02 1.182269733290141484e-02
-1.925000000000000000e+01 1.839295529161871334e+00 6.575485985265085986e-01 1.375337436561926280e-02 1.375337436561926280e-02
-1.875000000000000000e+01 1.778553874742837104e+00 6.578245812293760375e-01 1.457812331281719068e-02 1.457812331281719068e-02
-1.825000000000000000e+01 1.710307734036687899e+00 6.118038741563357474e-01 1.690530180326098655e-02 1.690530180326098655e-02
-1.775000000000000000e+01 1.650277064901767510e+00 5.581543135910065345e-01 2.206889104848288458e-02 2.206889104848288458e-02
