2.166666666666666741e-02 4.354119166666666570e+04
4.454545454545454780e-02 2.636812727272726988e+04
6.211111111111110999e-02 1.537044888888888818e+04
8.302469135802469091e-02 9.625577777777778465e+03
1.001960784313725428e-01 6.888145490196077844e+03
1.238590604026845732e-01 5.511047516778524368e+03
1.404228855721393054e-01 4.188384129353234130e+03
1.630075187969924899e-01 3.515503571428571831e+03
1.808858858858858887e-01 3.461192852852852866e+03
2.036394557823129059e-01 2.800026190476190095e+03
2.190557939914163088e-01 2.233109763948497857e+03
2.426502732240437277e-01 1.598846994535519116e+03
2.596589259796807103e-01 1.615334368650217812e+03
2.811171662125340753e-01 1.687974196185286246e+03
3.008784530386739986e-01 1.515368618784530554e+03
3.206315289648623001e-01 1.373245830959164095e+03
3.399619047619047429e-01 1.238366247619047499e+03
3.619689737470166979e-01 1.016488095465393712e+03
3.799070887818307152e-01 9.164155719201652346e+02
4.013341804320203487e-01 8.664124472681068028e+02
4.195595854922279933e-01 8.671186931491075711e+02
4.407771883289124948e-01 7.864199034482759316e+02
4.600780487804878027e-01 7.036657624390243200e+02
4.807973648341663520e-01 6.075234052703316365e+02
5.009150981177412643e-01 5.704569911894272991e+02
5.204555984555984116e-01 6.157700509652510164e+02
5.419053527118044000e-01 5.981539925558311097e+02
5.606541598694942952e-01 5.641736652528547893e+02
5.706576338400528581e-01 5.481986701916721358e+02
