2.166666666666666741e-02 6.919161333333332550e+03
4.454545454545454780e-02 5.696642272727272029e+03
6.211111111111110999e-02 4.928406888888888716e+03
8.302469135802469091e-02 3.637932345679011632e+03
1.001960784313725428e-01 2.777934313725490483e+03
1.238590604026845732e-01 1.986866979865771782e+03
1.404228855721393054e-01 1.568706815920397958e+03
1.630075187969924899e-01 1.392467894736842027e+03
1.808858858858858887e-01 1.277650780780780678e+03
2.036394557823129059e-01 1.008669977324263073e+03
2.190557939914163088e-01 8.150386888412016333e+02
2.426502732240437277e-01 6.670274262295081371e+02
2.596589259796807103e-01 6.227384833091437031e+02
2.811171662125340753e-01 5.705050926430517393e+02
3.008784530386739986e-01 5.195813381215468780e+02
3.206315289648623001e-01 4.785614453941120132e+02
3.399619047619047429e-01 4.101813752380952565e+02
3.619689737470166979e-01 3.407537613365155380e+02
3.799070887818307152e-01 3.143635313145217083e+02
4.013341804320203487e-01 2.880031569250317602e+02
4.195595854922279933e-01 2.706910592976395833e+02
4.407771883289124948e-01 2.613529076923077241e+02
4.600780487804878027e-01 2.407540912195121905e+02
4.807973648341663520e-01 2.115195511131304045e+02
5.009150981177412643e-01 2.022025130156187629e+02
5.204555984555984116e-01 1.966468980694980644e+02
5.419053527118044000e-01 1.806893977313009714e+02
5.606541598694942952e-01 1.640346123980423840e+02
5.706576338400528581e-01 1.583717693324520610e+02
