2.166666666666666741e-02 4.854892350000000988e+03
4.454545454545454780e-02 3.924517727272727370e+03
6.211111111111110999e-02 3.007024222222222306e+03
8.302469135802469091e-02 2.106191111111111240e+03
1.001960784313725428e-01 1.707864215686274747e+03
1.238590604026845732e-01 1.270893892617449637e+03
1.404228855721393054e-01 9.748136517412935973e+02
1.630075187969924899e-01 8.728624436090226482e+02
1.808858858858858887e-01 7.472919339339339331e+02
2.036394557823129059e-01 5.677679909297052063e+02
2.190557939914163088e-01 4.874570171673819914e+02
2.426502732240437277e-01 3.630975409836065637e+02
2.596589259796807103e-01 3.388535689404935169e+02
2.811171662125340753e-01 3.403780245231607751e+02
3.008784530386739986e-01 3.016915679558011334e+02
3.206315289648623001e-01 2.667697018043684807e+02
3.399619047619047429e-01 2.312221752380952182e+02
3.619689737470166979e-01 1.889075322195703848e+02
3.799070887818307152e-01 1.829767632484515048e+02
4.013341804320203487e-01 1.685960190597204473e+02
4.195595854922279933e-01 1.495693753598157798e+02
4.407771883289124948e-01 1.384795671087533151e+02
4.600780487804878027e-01 1.337639356097560892e+02
4.807973648341663520e-01 1.199737083144025434e+02
5.009150981177412643e-01 1.092950348418101640e+02
5.204555984555984116e-01 1.057400988416988241e+02
5.419053527118044000e-01 9.511536518964906861e+01
5.606541598694942952e-01 8.892649265905383515e+01
5.706576338400528581e-01 8.743572822207535467e+01
