2.166666666666666741e-02 2.692863333333333139e+04
4.454545454545454780e-02 1.735646772727272764e+04
6.211111111111110999e-02 1.216053088888888669e+04
8.302469135802469091e-02 7.977637160493826741e+03
1.001960784313725428e-01 4.968121078431372553e+03
1.238590604026845732e-01 3.778502684563758521e+03
1.404228855721393054e-01 3.493470199004975711e+03
1.630075187969924899e-01 2.963455526315789029e+03
1.808858858858858887e-01 2.591312252252252165e+03
2.036394557823129059e-01 2.075412176870748226e+03
2.190557939914163088e-01 1.620553218884120270e+03
2.426502732240437277e-01 1.211119763205828804e+03
2.596589259796807103e-01 1.232952075471697981e+03
2.811171662125340753e-01 1.213876771117166300e+03
3.008784530386739986e-01 1.215369425414364741e+03
3.206315289648623001e-01 1.150742621082621099e+03
3.399619047619047429e-01 9.940022457142857775e+02
3.619689737470166979e-01 8.348684439140810127e+02
3.799070887818307152e-01 7.822887274604266850e+02
4.013341804320203487e-01 6.877334193138500495e+02
4.195595854922279933e-01 5.657800857800806398e+02
4.407771883289124948e-01 5.986710514588859269e+02
4.600780487804878027e-01 5.932992770731707424e+02
4.807973648341663520e-01 4.810365043162198617e+02
5.009150981177412643e-01 4.672557693231877920e+02
5.204555984555984116e-01 4.400636571428571528e+02
5.419053527118044000e-01 3.775166834455866933e+02
5.606541598694942952e-01 3.598356570962479850e+02
5.706576338400528581e-01 3.479815128883013813e+02
