2.166666666666666741e-02 3.870981883333333826e+03
4.454545454545454780e-02 3.471517272727272939e+03
6.211111111111110999e-02 2.708720888888889021e+03
8.302469135802469091e-02 1.887455679012345627e+03
1.001960784313725428e-01 1.586880980392156744e+03
1.238590604026845732e-01 1.175535825503355682e+03
1.404228855721393054e-01 9.075291741293532368e+02
1.630075187969924899e-01 8.014264736842104639e+02
1.808858858858858887e-01 6.571571231231231422e+02
2.036394557823129059e-01 4.895346893424036239e+02
2.190557939914163088e-01 4.366332081545064625e+02
2.426502732240437277e-01 3.315285774134790699e+02
2.596589259796807103e-01 3.008673251088534357e+02
2.811171662125340753e-01 3.069006307901907462e+02
3.008784530386739986e-01 2.756232839779005417e+02
3.206315289648623001e-01 2.435391975308642145e+02
3.399619047619047429e-01 2.123343723809524022e+02
3.619689737470166979e-01 1.752347589498806713e+02
3.799070887818307152e-01 1.629290750172057756e+02
4.013341804320203487e-01 1.489437973316391322e+02
4.195595854922279933e-01 1.323786776050662013e+02
4.407771883289124948e-01 1.254845421750663235e+02
4.600780487804878027e-01 1.200223556097561044e+02
4.807973648341663520e-01 1.028363284870513326e+02
5.009150981177412643e-01 9.490224525430517133e+01
5.204555984555984116e-01 9.525362633204633767e+01
5.419053527118044000e-01 8.843389174051753798e+01
5.606541598694942952e-01 8.083356091353995510e+01
5.706576338400528581e-01 7.843459180436219924e+01
