2.166666666666666741e-02 5.048783833333334042e+04
4.454545454545454780e-02 3.475014999999999418e+04
6.211111111111110999e-02 2.253948444444443885e+04
8.302469135802469091e-02 1.269052777777777737e+04
1.001960784313725428e-01 8.840760098039216246e+03
1.238590604026845732e-01 6.830333825503356820e+03
1.404228855721393054e-01 5.619927661691542198e+03
1.630075187969924899e-01 4.932718533834586196e+03
1.808858858858858887e-01 3.970945315315315383e+03
2.036394557823129059e-01 3.635185238095237764e+03
2.190557939914163088e-01 3.238949184549356232e+03
2.426502732240437277e-01 2.003751384335154853e+03
2.596589259796807103e-01 2.122285776487663043e+03
2.811171662125340753e-01 1.961357356948228698e+03
3.008784530386739986e-01 2.034693038674033005e+03
3.206315289648623001e-01 1.933619648622982140e+03
3.399619047619047429e-01 1.503580476190476247e+03
3.619689737470166979e-01 1.370339737470167165e+03
3.799070887818307152e-01 1.193685230557467321e+03
4.013341804320203487e-01 9.746124390088945120e+02
4.195595854922279933e-01 8.895002435233160440e+02
4.407771883289124948e-01 9.465319458885941231e+02
4.600780487804878027e-01 1.038365172682926641e+03
4.807973648341663520e-01 9.714544725124944762e+02
5.009150981177412643e-01 9.558722386864236569e+02
5.204555984555984116e-01 9.955872691119690217e+02
5.419053527118044000e-01 8.082254445232186981e+02
5.606541598694942952e-01 6.937512577487765384e+02
5.706576338400528581e-01 6.899983192333112356e+02
