2.166666666666666741e-02 6.841362666666666883e+03
4.454545454545454780e-02 5.934368636363636142e+03
6.211111111111110999e-02 5.392195777777777948e+03
8.302469135802469091e-02 4.022961481481481314e+03
1.001960784313725428e-01 3.162642647058823513e+03
1.238590604026845732e-01 2.460223825503355329e+03
1.404228855721393054e-01 1.926364577114427675e+03
1.630075187969924899e-01 1.629111691729323184e+03
1.808858858858858887e-01 1.444245255255255415e+03
2.036394557823129059e-01 1.105965238095237964e+03
2.190557939914163088e-01 9.121613669527897628e+02
2.426502732240437277e-01 7.369565591985427773e+02
2.596589259796807103e-01 6.987524992743105940e+02
2.811171662125340753e-01 6.519044659400544788e+02
3.008784530386739986e-01 5.793655845303867409e+02
3.206315289648623001e-01 5.429495792972459185e+02
3.399619047619047429e-01 4.675560152380952559e+02
3.619689737470166979e-01 3.849316921241049840e+02
3.799070887818307152e-01 3.672554969029593508e+02
4.013341804320203487e-01 3.407266486658195390e+02
4.195595854922279933e-01 3.165798226827864141e+02
4.407771883289124948e-01 3.080362477453581391e+02
4.600780487804878027e-01 2.900774341463414316e+02
4.807973648341663520e-01 2.528572489777373562e+02
5.009150981177412643e-01 2.374440764917901276e+02
5.204555984555984116e-01 2.388630760617760416e+02
5.419053527118044000e-01 2.235001687344913250e+02
5.606541598694942952e-01 2.072045487765089433e+02
5.706576338400528581e-01 2.062576774619960247e+02
