2.166666666666666741e-02 3.243142333333333590e+04
4.454545454545454780e-02 2.611497272727272866e+04
6.211111111111110999e-02 1.937273555555555504e+04
8.302469135802469091e-02 1.164243395061728370e+04
1.001960784313725428e-01 7.669384803921569073e+03
1.238590604026845732e-01 5.922726308724832052e+03
1.404228855721393054e-01 4.363474825870646782e+03
1.630075187969924899e-01 3.312770902255639157e+03
1.808858858858858887e-01 3.193027807807807676e+03
2.036394557823129059e-01 2.724821519274376442e+03
2.190557939914163088e-01 2.318596373390558256e+03
2.426502732240437277e-01 1.848647686703096269e+03
2.596589259796807103e-01 1.676669956458635852e+03
2.811171662125340753e-01 1.622176893732969802e+03
3.008784530386739986e-01 1.584381392265193199e+03
3.206315289648623001e-01 1.399207901234567771e+03
3.399619047619047429e-01 1.250970809523809294e+03
3.619689737470166979e-01 1.102019116945107498e+03
3.799070887818307152e-01 1.006904273916035891e+03
4.013341804320203487e-01 9.500675349428207710e+02
4.195595854922279933e-01 9.384785849165227773e+02
4.407771883289124948e-01 7.980583289124667772e+02
4.600780487804878027e-01 6.459114590243902967e+02
4.807973648341663520e-01 5.778506447069514707e+02
5.009150981177412643e-01 6.429692755306367644e+02
5.204555984555984116e-01 7.383987745173744770e+02
5.419053527118044000e-01 6.343293530662884905e+02
5.606541598694942952e-01 5.264580727569331202e+02
5.706576338400528581e-01 5.011739385327164769e+02
