2.166666666666666741e-02 4.850171350000000530e+03
4.454545454545454780e-02 5.020899090909090773e+03
6.211111111111110999e-02 4.532329777777777053e+03
8.302469135802469091e-02 3.049518888888889251e+03
1.001960784313725428e-01 2.229457450980391968e+03
1.238590604026845732e-01 1.711690402684563651e+03
1.404228855721393054e-01 1.371425850746268679e+03
1.630075187969924899e-01 1.209288007518797031e+03
1.808858858858858887e-01 1.009098036036036092e+03
2.036394557823129059e-01 7.559206621315192933e+02
2.190557939914163088e-01 6.582189034334763846e+02
2.426502732240437277e-01 5.051588287795992187e+02
2.596589259796807103e-01 4.830559230769230226e+02
2.811171662125340753e-01 4.966165504087192630e+02
3.008784530386739986e-01 4.513213889502761731e+02
3.206315289648623001e-01 3.881430560303893458e+02
3.399619047619047429e-01 3.244312104761904720e+02
3.619689737470166979e-01 2.729786801909307883e+02
3.799070887818307152e-01 2.525779807295251089e+02
4.013341804320203487e-01 2.303300686149936780e+02
4.195595854922279933e-01 2.132425757052389201e+02
4.407771883289124948e-01 2.020617612732095267e+02
4.600780487804878027e-01 1.979085273170731512e+02
4.807973648341663520e-01 1.792139795547478514e+02
5.009150981177412643e-01 1.639342703243892743e+02
5.204555984555984116e-01 1.568882088803088948e+02
5.419053527118044000e-01 1.435581708613966612e+02
5.606541598694942952e-01 1.360382659053833549e+02
5.706576338400528581e-01 1.349129048248512674e+02
