2.166666666666666741e-02 5.034255666666666511e+05
4.454545454545454780e-02 1.589133090909090824e+05
6.211111111111110999e-02 2.118836888888889007e+04
8.302469135802469091e-02 1.456487037037037044e+04
1.001960784313725428e-01 1.145129509803921610e+04
1.238590604026845732e-01 1.159610469798657869e+04
1.404228855721393054e-01 1.086465203980099614e+04
1.630075187969924899e-01 6.496907669172932401e+03
1.808858858858858887e-01 5.871638138138137947e+03
2.036394557823129059e-01 5.973402131519274008e+03
2.190557939914163088e-01 3.727738203862661067e+03
2.426502732240437277e-01 2.512821608378870678e+03
2.596589259796807103e-01 3.287915979680696637e+03
2.811171662125340753e-01 3.300471144414168521e+03
3.008784530386739986e-01 3.329893602209944675e+03
3.206315289648623001e-01 3.000961709401709413e+03
3.399619047619047429e-01 2.639517714285714192e+03
3.619689737470166979e-01 3.209862625298329021e+03
3.799070887818307152e-01 3.211393262216104631e+03
4.013341804320203487e-01 2.527620648030495431e+03
4.195595854922279933e-01 2.199138244099021449e+03
4.407771883289124948e-01 1.904155465251989426e+03
4.600780487804878027e-01 1.498483508292682927e+03
4.807973648341663520e-01 1.178760245343025872e+03
5.009150981177412643e-01 1.231711303564277159e+03
5.204555984555984116e-01 1.419356094594594651e+03
5.419053527118044000e-01 1.150622070187876488e+03
5.606541598694942952e-01 5.020171456117454909e+02
5.706576338400528581e-01 1.187410781890284284e+02
