2.166666666666666741e-02 4.826273083333332579e+03
4.454545454545454780e-02 4.590876818181817725e+03
6.211111111111110999e-02 3.807066888888888570e+03
8.302469135802469091e-02 2.566615308641974934e+03
1.001960784313725428e-01 1.995038039215686240e+03
1.238590604026845732e-01 1.504369395973154496e+03
1.404228855721393054e-01 1.203455880597014811e+03
1.630075187969924899e-01 1.052620398496240568e+03
1.808858858858858887e-01 8.894752012012011164e+02
2.036394557823129059e-01 6.796867596371882883e+02
2.190557939914163088e-01 5.832528905579399634e+02
2.426502732240437277e-01 4.487991438979963164e+02
2.596589259796807103e-01 4.075335239477503819e+02
2.811171662125340753e-01 4.015993814713896199e+02
3.008784530386739986e-01 3.698200972375690867e+02
3.206315289648623001e-01 3.320916932573599638e+02
3.399619047619047429e-01 2.804526066666666679e+02
3.619689737470166979e-01 2.322033794749403341e+02
3.799070887818307152e-01 2.225158458362009526e+02
4.013341804320203487e-01 2.031828964421855233e+02
4.195595854922279933e-01 1.805972913068508774e+02
4.407771883289124948e-01 1.688143973474800816e+02
4.600780487804878027e-01 1.608265009756097754e+02
4.807973648341663520e-01 1.423987442071785665e+02
5.009150981177412643e-01 1.332585766920304593e+02
5.204555984555984116e-01 1.291791100386100197e+02
5.419053527118044000e-01 1.189827695852534504e+02
5.606541598694942952e-01 1.112602216639478172e+02
5.706576338400528581e-01 1.082589711830799644e+02
