2.166666666666666741e-02 2.474261666666666570e+05
4.454545454545454780e-02 8.692062727272727352e+04
6.211111111111110999e-02 1.227454222222222597e+04
8.302469135802469091e-02 1.204920000000000255e+04
1.001960784313725428e-01 -3.793723137254900848e+03
1.238590604026845732e-01 -6.953012295302013626e+03
1.404228855721393054e-01 6.538549890547263203e+03
1.630075187969924899e-01 1.003575225563909771e+04
1.808858858858858887e-01 8.580900480480480837e+03
2.036394557823129059e-01 3.503924444444443907e+03
2.190557939914163088e-01 -1.032345793991416485e+03
2.426502732240437277e-01 -1.236875129326047499e+04
2.596589259796807103e-01 -1.906342525399129954e+03
2.811171662125340753e-01 8.411401198910081803e+03
3.008784530386739986e-01 7.152561325966850745e+03
3.206315289648623001e-01 4.990518309591642719e+03
3.399619047619047429e-01 5.055431904761904661e+03
3.619689737470166979e-01 2.009040525059666152e+03
3.799070887818307152e-01 -8.819598554714386864e+02
4.013341804320203487e-01 1.728760648030495304e+03
4.195595854922279933e-01 -2.993905382843983716e+03
4.407771883289124948e-01 -4.341660965517240584e+03
4.600780487804878027e-01 1.196910970731707494e+03
4.807973648341663520e-01 7.606176874148115985e+02
5.009150981177412643e-01 -2.574951786143371919e+03
5.204555984555984116e-01 -1.175549965250964988e+03
5.419053527118044000e-01 -3.175623821339949586e+02
5.606541598694942952e-01 -8.887192854812394671e+01
5.706576338400528581e-01 1.033635967614011861e+03
