2.166666666666666741e-02 2.518109666666666453e+04
4.454545454545454780e-02 1.481675318181818147e+04
6.211111111111110999e-02 1.021168377777777823e+04
8.302469135802469091e-02 6.983519259259260252e+03
1.001960784313725428e-01 4.452251764705882124e+03
1.238590604026845732e-01 3.479007919463087546e+03
1.404228855721393054e-01 3.237270945273631696e+03
1.630075187969924899e-01 2.838699999999999818e+03
1.808858858858858887e-01 2.474852432432432579e+03
2.036394557823129059e-01 1.976157732426303937e+03
2.190557939914163088e-01 1.565457832618026032e+03
2.426502732240437277e-01 1.201274590163934363e+03
2.596589259796807103e-01 1.267620319303338192e+03
2.811171662125340753e-01 1.217492465940054444e+03
3.008784530386739986e-01 1.211764585635359026e+03
3.206315289648623001e-01 1.146898357075023569e+03
3.399619047619047429e-01 9.455119209523808195e+02
3.619689737470166979e-01 8.162694152744630856e+02
3.799070887818307152e-01 7.635842112869925131e+02
4.013341804320203487e-01 6.444635616264295095e+02
4.195595854922279933e-01 5.499724323546344067e+02
4.407771883289124948e-01 5.793341814323607650e+02
4.600780487804878027e-01 5.718571292682926241e+02
4.807973648341663520e-01 5.009138441617446915e+02
5.009150981177412643e-01 4.899183348017621142e+02
5.204555984555984116e-01 4.659363575289575010e+02
5.419053527118044000e-01 3.963844267990074286e+02
5.606541598694942952e-01 3.465406172920064591e+02
5.706576338400528581e-01 3.236569041639127136e+02
