-2.175000000000000000e+01 2.293361706929446076e+00 5.374883536445963506e-01 7.817730266709858520e-05 7.817730266709858520e-05
-2.125000000000000000e+01 2.257565131180299112e+00 7.213829020886091126e-01 1.641291437209804565e-04 1.641291437209804565e-04
-2.075000000000000000e+01 2.129135395925446428e+00 6.284878630912170694e-01 3.427275672173631126e-04 3.427275672173631126e-04
-2.025000000000000000e+01 2.045009888953382315e+00 5.650285901605487382e-01 7.942986718496922302e-04 7.942986718496922302e-04
-1.975000000000000000e+01 1.931704410701227559e+00 5.150070453342188159e-01 2.081416693661591703e-03 2.081416693661591703e-03
-1.925000000000000000e+01 1.834071239647169227e+00 4.388822024172296388e-01 5.282150955620343487e-03 5.282150955620343487e-03
-1.875000000000000000e+01 1.775368272497113598e+00 4.109240629372819531e-01 1.002591512795594428e-02 1.002591512795594428e-02
-1.825000000000000000e+01 1.746064024388674696e+00 4.562466420793041544e-01 1.402073210236475485e-02 1.402073210236475485e-02
-1.775000000000000000e+01 1.720488034271377309e+00 4.994078908424771646e-01 1.752553719900658627e-02 1.752553719900658627e-02
-1.725000000000000000e+01 1.681777682144602437e+00 5.069819495419027877e-01 2.371385379548644756e-02 2.371385379548644756e-02
-1.675000000000000000e+01 1.637305146773089026e+00 4.863048494728869353e-01 3.133506100853039600e-02 3.133506100853039600e-02
-1.625000000000000000e+01 1.604541879294340001e+00 4.926983374042777641e-01 3.755987474354821609e-02 3.755987474354821609e-02
-1.575000000000000000e+01 1.570000996280620509e+00 4.717841219721335966e-01 4.559982723248029446e-02 4.559982723248029446e-02
-1.525000000000000000e+01 1.536703618275074845e+00 4.553840137218962969e-01 5.483273944498434638e-02 5.483273944498434638e-02
-1.475000000000000000e+01 1.507393088532839043e+00 4.392190780127749328e-01 6.386740092862541740e-02 6.386740092862541740e-02
-1.425000000000000000e+01 1.474621482110127557e+00 4.056059549564409727e-01 7.858071482561278243e-02 7.858071482561278243e-02
