2.166666666666666741e-02 4.115212666666667064e+04
4.454545454545454780e-02 3.185719090909091392e+04
6.211111111111110999e-02 2.243327333333333081e+04
8.302469135802469091e-02 1.305629493827160695e+04
1.001960784313725428e-01 8.916547058823529369e+03
1.238590604026845732e-01 6.346834295302013743e+03
1.404228855721393054e-01 5.452714079601990306e+03
1.630075187969924899e-01 4.906998345864662042e+03
1.808858858858858887e-01 4.125732222222222845e+03
2.036394557823129059e-01 3.656399002267574360e+03
2.190557939914163088e-01 3.094477768240343266e+03
2.426502732240437277e-01 2.009641384335154498e+03
2.596589259796807103e-01 2.066179390420899836e+03
2.811171662125340753e-01 2.063138801089918161e+03
3.008784530386739986e-01 2.094058121546961502e+03
3.206315289648623001e-01 2.068976866096865706e+03
3.399619047619047429e-01 1.694643800000000056e+03
3.619689737470166979e-01 1.431795918854415277e+03
3.799070887818307152e-01 1.266514156916724005e+03
4.013341804320203487e-01 1.069269761753494322e+03
4.195595854922279933e-01 9.369568215313757946e+02
4.407771883289124948e-01 1.003382755437665764e+03
4.600780487804878027e-01 1.058363770731707291e+03
4.807973648341663520e-01 9.267419591094957241e+02
5.009150981177412643e-01 9.484050484581497358e+02
5.204555984555984116e-01 9.415092667953668979e+02
5.419053527118044000e-01 7.757300996100673274e+02
5.606541598694942952e-01 7.109323647634585086e+02
5.706576338400528581e-01 7.114555677461997902e+02
