2.166666666666666741e-02 2.005391966666666485e+04
4.454545454545454780e-02 1.110910636363636513e+04
6.211111111111110999e-02 6.699606222222222641e+03
8.302469135802469091e-02 4.216722098765431838e+03
1.001960784313725428e-01 3.181653137254902049e+03
1.238590604026845732e-01 2.441121677852348967e+03
1.404228855721393054e-01 1.909593830845771436e+03
1.630075187969924899e-01 1.742535939849624128e+03
1.808858858858858887e-01 1.577193393393393535e+03
2.036394557823129059e-01 1.233833746031746159e+03
2.190557939914163088e-01 1.006856270386266033e+03
2.426502732240437277e-01 7.123318907103824813e+02
2.596589259796807103e-01 6.765805224963716000e+02
2.811171662125340753e-01 7.782175163487738700e+02
3.008784530386739986e-01 8.133225337016574485e+02
3.206315289648623001e-01 7.184850778727446823e+02
3.399619047619047429e-01 5.613534552380953073e+02
3.619689737470166979e-01 4.636738019093078265e+02
3.799070887818307152e-01 4.511547770130764548e+02
4.013341804320203487e-01 3.817774339263024217e+02
4.195595854922279933e-01 3.502302440990213199e+02
4.407771883289124948e-01 3.366340541114058738e+02
4.600780487804878027e-01 2.751715439024390548e+02
4.807973648341663520e-01 2.516553571104043669e+02
5.009150981177412643e-01 3.041865434521425300e+02
5.204555984555984116e-01 2.927132888030888012e+02
5.419053527118044000e-01 2.546888617511521034e+02
5.606541598694942952e-01 2.444943037520391442e+02
5.706576338400528581e-01 2.198895208195637565e+02
