2.166666666666666741e-02 5.776211000000000240e+03
4.454545454545454780e-02 4.984619545454545914e+03
6.211111111111110999e-02 4.422253999999999905e+03
8.302469135802469091e-02 3.100653703703703741e+03
1.001960784313725428e-01 2.326964607843136946e+03
1.238590604026845732e-01 1.765259060402684327e+03
1.404228855721393054e-01 1.447005024875621984e+03
1.630075187969924899e-01 1.280108323308270656e+03
1.808858858858858887e-01 1.068668840840840630e+03
2.036394557823129059e-01 8.045028775510204468e+02
2.190557939914163088e-01 6.864335214592274497e+02
2.426502732240437277e-01 5.366496102003643500e+02
2.596589259796807103e-01 5.011592104499275138e+02
2.811171662125340753e-01 5.001572547683924199e+02
3.008784530386739986e-01 4.571224453038674369e+02
3.206315289648623001e-01 4.071527920227920276e+02
3.399619047619047429e-01 3.424530114285714149e+02
3.619689737470166979e-01 2.912163914081145890e+02
3.799070887818307152e-01 2.764095526496902835e+02
4.013341804320203487e-01 2.473182382465057287e+02
4.195595854922279933e-01 2.329839810017271020e+02
4.407771883289124948e-01 2.163594190981432348e+02
4.600780487804878027e-01 1.951422468292683163e+02
4.807973648341663520e-01 1.779608636983189740e+02
5.009150981177412643e-01 1.689641774128954523e+02
5.204555984555984116e-01 1.620434320463320432e+02
5.419053527118044000e-01 1.452752520382842931e+02
5.606541598694942952e-01 1.360501350734094501e+02
5.706576338400528581e-01 1.366996034368803805e+02
