2.166666666666666741e-02 4.640025333333333037e+03
4.454545454545454780e-02 4.920611363636364331e+03
6.211111111111110999e-02 4.380662666666666155e+03
8.302469135802469091e-02 2.972025925925925549e+03
1.001960784313725428e-01 2.229250000000000000e+03
1.238590604026845732e-01 1.723056644295301567e+03
1.404228855721393054e-01 1.378343383084577226e+03
1.630075187969924899e-01 1.220222932330827007e+03
1.808858858858858887e-01 1.010957465465465475e+03
2.036394557823129059e-01 7.477822675736961173e+02
2.190557939914163088e-01 6.418436716738198129e+02
2.426502732240437277e-01 4.952809162112932313e+02
2.596589259796807103e-01 4.884237097242379946e+02
2.811171662125340753e-01 4.883176594005449829e+02
3.008784530386739986e-01 4.348604751381215010e+02
3.206315289648623001e-01 3.768777207977207695e+02
3.399619047619047429e-01 3.168870942857142836e+02
3.619689737470166979e-01 2.752108233890214706e+02
3.799070887818307152e-01 2.543056689607708165e+02
4.013341804320203487e-01 2.244634891994917325e+02
4.195595854922279933e-01 2.071165382843984162e+02
4.407771883289124948e-01 1.964969893899204578e+02
4.600780487804878027e-01 1.919276287804877938e+02
4.807973648341663520e-01 1.739294438891413108e+02
5.009150981177412643e-01 1.598404789747697237e+02
5.204555984555984116e-01 1.575920081081081037e+02
5.419053527118044000e-01 1.437808099964551616e+02
5.606541598694942952e-01 1.319699556280587274e+02
5.706576338400528581e-01 1.301463595505617832e+02
