2.166666666666666741e-02 3.312333333333333139e+05
4.454545454545454780e-02 9.292829045454546576e+04
6.211111111111110999e-02 1.391344866666666530e+04
8.302469135802469091e-02 1.186528790123456929e+04
1.001960784313725428e-01 7.063219215686274765e+03
1.238590604026845732e-01 4.736754362416107142e+03
1.404228855721393054e-01 5.043851243781094126e+03
1.630075187969924899e-01 5.163020751879699674e+03
1.808858858858858887e-01 4.871100960960960947e+03
2.036394557823129059e-01 5.181674467120181362e+03
2.190557939914163088e-01 3.688644012875537101e+03
2.426502732240437277e-01 1.397937468123861663e+03
2.596589259796807103e-01 2.224625036284470298e+03
2.811171662125340753e-01 2.112139386920980996e+03
3.008784530386739986e-01 1.829676972375690866e+03
3.206315289648623001e-01 1.526307901044634491e+03
3.399619047619047429e-01 8.806900264761902690e+02
3.619689737470166979e-01 2.180194357995226710e+03
3.799070887818307152e-01 2.338385856847900868e+03
4.013341804320203487e-01 1.393317692503176659e+03
4.195595854922279933e-01 1.926438916522740328e+03
4.407771883289124948e-01 1.576964561803713195e+03
4.600780487804878027e-01 -3.082538746341463138e+02
4.807973648341663520e-01 -3.533894139027720627e+01
5.009150981177412643e-01 9.289663103724470830e+02
5.204555984555984116e-01 9.624394069498069939e+02
5.419053527118044000e-01 9.745789546260190264e+02
5.606541598694942952e-01 8.626822554649265840e+02
5.706576338400528581e-01 8.294289894249834560e+02
