2.166666666666666741e-02 4.842697750000000269e+03
4.454545454545454780e-02 4.557130454545454086e+03
6.211111111111110999e-02 3.853664666666666562e+03
8.302469135802469091e-02 2.676630123456789988e+03
1.001960784313725428e-01 2.131564019607842965e+03
1.238590604026845732e-01 1.636703422818791978e+03
1.404228855721393054e-01 1.303384358208955291e+03
1.630075187969924899e-01 1.157237390977443738e+03
1.808858858858858887e-01 9.702466966966967448e+02
2.036394557823129059e-01 7.323677369614513282e+02
2.190557939914163088e-01 6.291914806866953995e+02
2.426502732240437277e-01 4.704589180327868689e+02
2.596589259796807103e-01 4.398675283018868072e+02
2.811171662125340753e-01 4.482095544959128119e+02
3.008784530386739986e-01 4.057094342541437300e+02
3.206315289648623001e-01 3.596967264957265229e+02
3.399619047619047429e-01 3.042035914285714853e+02
3.619689737470166979e-01 2.575836801909307496e+02
3.799070887818307152e-01 2.458671066758431039e+02
4.013341804320203487e-01 2.192340679796696463e+02
4.195595854922279933e-01 1.979554064478986959e+02
4.407771883289124948e-01 1.874875729442970567e+02
4.600780487804878027e-01 1.831741604878048690e+02
4.807973648341663520e-01 1.686590958655156953e+02
5.009150981177412643e-01 1.583421281537845289e+02
5.204555984555984116e-01 1.493252737451737460e+02
5.419053527118044000e-01 1.324965661113080273e+02
5.606541598694942952e-01 1.260960391517128869e+02
5.706576338400528581e-01 1.261530257766027745e+02
