2.166666666666666741e-02 2.780338999999999942e+04
4.454545454545454780e-02 2.642770909090909117e+04
6.211111111111110999e-02 2.037148222222222103e+04
8.302469135802469091e-02 1.190281296296296205e+04
1.001960784313725428e-01 8.130525098039214754e+03
1.238590604026845732e-01 6.286400201342282344e+03
1.404228855721393054e-01 4.690426517412935937e+03
1.630075187969924899e-01 3.592338609022556739e+03
1.808858858858858887e-01 3.432501681681681930e+03
2.036394557823129059e-01 2.831161609977324133e+03
2.190557939914163088e-01 2.286673476394849786e+03
2.426502732240437277e-01 1.844908579234972649e+03
2.596589259796807103e-01 1.699052728592162566e+03
2.811171662125340753e-01 1.620687956403269709e+03
3.008784530386739986e-01 1.521196011049723893e+03
3.206315289648623001e-01 1.391590113960113968e+03
3.399619047619047429e-01 1.299692057142857038e+03
3.619689737470166979e-01 1.126529856801909091e+03
3.799070887818307152e-01 1.006619504473503071e+03
4.013341804320203487e-01 9.428571029224905260e+02
4.195595854922279933e-01 9.742387219343695506e+02
4.407771883289124948e-01 8.221196021220158627e+02
4.600780487804878027e-01 6.411245175609756188e+02
4.807973648341663520e-01 5.831858950477054577e+02
5.009150981177412643e-01 6.091024028834600585e+02
5.204555984555984116e-01 7.581570895752894330e+02
5.419053527118044000e-01 7.104843934774902436e+02
5.606541598694942952e-01 5.533551696574224934e+02
5.706576338400528581e-01 5.117275261070720376e+02
