2.166666666666666741e-02 1.066893649999999980e+04
4.454545454545454780e-02 7.115201818181818453e+03
6.211111111111110999e-02 5.694385333333333620e+03
8.302469135802469091e-02 4.095602345679012615e+03
1.001960784313725428e-01 3.064890392156862617e+03
1.238590604026845732e-01 2.419448791946308575e+03
1.404228855721393054e-01 1.932812935323382817e+03
1.630075187969924899e-01 1.630649699248120214e+03
1.808858858858858887e-01 1.468745165165165190e+03
2.036394557823129059e-01 1.151585179138322019e+03
2.190557939914163088e-01 9.435535472103003940e+02
2.426502732240437277e-01 7.515563005464480284e+02
2.596589259796807103e-01 7.314053918722786420e+02
2.811171662125340753e-01 6.845668882833787166e+02
3.008784530386739986e-01 5.990517138121546168e+02
3.206315289648623001e-01 5.568282564102564720e+02
3.399619047619047429e-01 4.807520771428571038e+02
3.619689737470166979e-01 4.072745990453460649e+02
3.799070887818307152e-01 3.841630426703372905e+02
4.013341804320203487e-01 3.429577382465056985e+02
4.195595854922279933e-01 3.111369067357513245e+02
4.407771883289124948e-01 3.024426350132625885e+02
4.600780487804878027e-01 2.941387434146341775e+02
4.807973648341663520e-01 2.684884638800544963e+02
5.009150981177412643e-01 2.509507533039647456e+02
5.204555984555984116e-01 2.356879787644787712e+02
5.419053527118044000e-01 2.197763622828784094e+02
5.606541598694942952e-01 2.092305647634584034e+02
5.706576338400528581e-01 2.028678684732319653e+02
