2.166666666666666741e-02 7.618466666666666242e+03
4.454545454545454780e-02 6.050234999999999673e+03
6.211111111111110999e-02 5.204085777777777366e+03
8.302469135802469091e-02 3.797970370370369892e+03
1.001960784313725428e-01 2.939700588235293708e+03
1.238590604026845732e-01 2.310775704697986384e+03
1.404228855721393054e-01 1.828254477611940501e+03
1.630075187969924899e-01 1.617272669172932410e+03
1.808858858858858887e-01 1.435798018018017956e+03
2.036394557823129059e-01 1.104908689342403477e+03
2.190557939914163088e-01 9.004564849785406295e+02
2.426502732240437277e-01 6.933241347905282055e+02
2.596589259796807103e-01 6.583469941944846369e+02
2.811171662125340753e-01 6.355311880108992000e+02
3.008784530386739986e-01 6.031136762430940053e+02
3.206315289648623001e-01 5.477346904083570962e+02
3.399619047619047429e-01 4.477712666666666905e+02
3.619689737470166979e-01 3.835104319809069580e+02
3.799070887818307152e-01 3.649348761183757688e+02
4.013341804320203487e-01 3.234063653113087753e+02
4.195595854922279933e-01 3.029176350028785691e+02
4.407771883289124948e-01 2.988670604774536628e+02
4.600780487804878027e-01 2.810263565853658747e+02
4.807973648341663520e-01 2.470723861880963454e+02
5.009150981177412643e-01 2.340521005206247480e+02
5.204555984555984116e-01 2.242829899613899727e+02
5.419053527118044000e-01 2.049715636299185064e+02
5.606541598694942952e-01 1.906314336052202520e+02
5.706576338400528581e-01 1.850808010575016453e+02
