2.166666666666666741e-02 5.339458700000000135e+03
4.454545454545454780e-02 4.709418181818182347e+03
6.211111111111110999e-02 3.781732666666667228e+03
8.302469135802469091e-02 2.698972098765432293e+03
1.001960784313725428e-01 2.194817549019608123e+03
1.238590604026845732e-01 1.621897248322147561e+03
1.404228855721393054e-01 1.298904079601990134e+03
1.630075187969924899e-01 1.135651751879699304e+03
1.808858858858858887e-01 9.480084384384384748e+02
2.036394557823129059e-01 7.320523628117915678e+02
2.190557939914163088e-01 6.302589699570816038e+02
2.426502732240437277e-01 4.895557741347905107e+02
2.596589259796807103e-01 4.439634760522495753e+02
2.811171662125340753e-01 4.428616702997275638e+02
3.008784530386739986e-01 4.084144298342541788e+02
3.206315289648623001e-01 3.586174900284899536e+02
3.399619047619047429e-01 3.030910657142857190e+02
3.619689737470166979e-01 2.546789451073985617e+02
3.799070887818307152e-01 2.441534796971782555e+02
4.013341804320203487e-01 2.266866486658195754e+02
4.195595854922279933e-01 2.036557898675877709e+02
4.407771883289124948e-01 1.899225771883289156e+02
4.600780487804878027e-01 1.836580956097561170e+02
4.807973648341663520e-01 1.685141453884598093e+02
5.009150981177412643e-01 1.591860148177813414e+02
5.204555984555984116e-01 1.489762003861003734e+02
5.419053527118044000e-01 1.327305537043601475e+02
5.606541598694942952e-01 1.250541102773246394e+02
5.706576338400528581e-01 1.242251130204891041e+02
