2.166666666666666741e-02 7.126651499999999032e+03
4.454545454545454780e-02 5.770639090909090555e+03
6.211111111111110999e-02 4.906103333333333467e+03
8.302469135802469091e-02 3.612821358024691563e+03
1.001960784313725428e-01 2.807820196078431763e+03
1.238590604026845732e-01 2.041241677852349085e+03
1.404228855721393054e-01 1.585842139303482782e+03
1.630075187969924899e-01 1.394336466165413640e+03
1.808858858858858887e-01 1.289862312312312270e+03
2.036394557823129059e-01 1.021427609977324209e+03
2.190557939914163088e-01 8.215659334763947754e+02
2.426502732240437277e-01 6.681843588342441080e+02
2.596589259796807103e-01 6.305267750362845618e+02
2.811171662125340753e-01 5.782234400544958817e+02
3.008784530386739986e-01 5.262095259668508334e+02
3.206315289648623001e-01 4.810777549857549502e+02
3.399619047619047429e-01 4.080461971428571246e+02
3.619689737470166979e-01 3.438156778042959445e+02
3.799070887818307152e-01 3.172313413626978900e+02
4.013341804320203487e-01 2.871762045743329281e+02
4.195595854922279933e-01 2.673051485319516587e+02
4.407771883289124948e-01 2.597592307692307827e+02
4.600780487804878027e-01 2.413985726829268401e+02
4.807973648341663520e-01 2.108395492957746740e+02
5.009150981177412643e-01 2.024273864637565339e+02
5.204555984555984116e-01 1.976762714285714253e+02
5.419053527118044000e-01 1.812369893654732209e+02
5.606541598694942952e-01 1.669577999999999918e+02
5.706576338400528581e-01 1.635036701916721711e+02
