2.166666666666666741e-02 4.082049166666666861e+04
4.454545454545454780e-02 3.314064090909090737e+04
6.211111111111110999e-02 2.416840222222221928e+04
8.302469135802469091e-02 1.313477728395061604e+04
1.001960784313725428e-01 7.941549803921568127e+03
1.238590604026845732e-01 5.834932617449664576e+03
1.404228855721393054e-01 4.695521840796019205e+03
1.630075187969924899e-01 4.150886654135338176e+03
1.808858858858858887e-01 4.016201081081081156e+03
2.036394557823129059e-01 3.552599478458050271e+03
2.190557939914163088e-01 2.941208648068669390e+03
2.426502732240437277e-01 1.920840837887067664e+03
2.596589259796807103e-01 1.713111828737300812e+03
2.811171662125340753e-01 1.985683392370571937e+03
3.008784530386739986e-01 2.028149524861878263e+03
3.206315289648623001e-01 1.933630180436847240e+03
3.399619047619047429e-01 1.779187695238095330e+03
3.619689737470166979e-01 1.290967713603818538e+03
3.799070887818307152e-01 1.064619123193392852e+03
4.013341804320203487e-01 1.166693360864040642e+03
4.195595854922279933e-01 1.148583327576281135e+03
4.407771883289124948e-01 9.591375639257294097e+02
4.600780487804878027e-01 9.003651185365853280e+02
4.807973648341663520e-01 8.996114679691049787e+02
5.009150981177412643e-01 8.564116696035241603e+02
5.204555984555984116e-01 8.001348351351351766e+02
5.419053527118044000e-01 7.199733612194256693e+02
5.606541598694942952e-01 6.910977331158238712e+02
5.706576338400528581e-01 7.142881163251817043e+02
