2.166666666666666741e-02 2.471390933333333305e+04
4.454545454545454780e-02 1.204178636363636360e+04
6.211111111111110999e-02 6.545179555555556362e+03
8.302469135802469091e-02 4.299607160493826996e+03
1.001960784313725428e-01 3.220370980392156980e+03
1.238590604026845732e-01 2.622764966442952755e+03
1.404228855721393054e-01 2.172020696517412489e+03
1.630075187969924899e-01 1.837196654135338349e+03
1.808858858858858887e-01 1.606280210210210043e+03
2.036394557823129059e-01 1.272960294784580583e+03
2.190557939914163088e-01 1.029661918454935631e+03
2.426502732240437277e-01 7.850409180327868626e+02
2.596589259796807103e-01 7.776156269956459255e+02
2.811171662125340753e-01 7.682023569482289531e+02
3.008784530386739986e-01 7.103185756906077586e+02
3.206315289648623001e-01 6.389417521367521431e+02
3.399619047619047429e-01 5.161231799999999339e+02
3.619689737470166979e-01 4.330836038186156998e+02
3.799070887818307152e-01 4.358539435650378095e+02
4.013341804320203487e-01 4.027310946632782702e+02
4.195595854922279933e-01 3.654243955094991065e+02
4.407771883289124948e-01 3.549451883289124225e+02
4.600780487804878027e-01 3.255428370731707446e+02
4.807973648341663520e-01 2.912996292594274905e+02
5.009150981177412643e-01 2.884340620744893613e+02
5.204555984555984116e-01 2.825179216216216105e+02
5.419053527118044000e-01 2.643540460829493099e+02
5.606541598694942952e-01 2.534701455138662425e+02
5.706576338400528581e-01 2.472615862524785371e+02
