2.166666666666666741e-02 2.919064999999999782e+04
4.454545454545454780e-02 1.817103909090908928e+04
6.211111111111110999e-02 9.757810222222224183e+03
8.302469135802469091e-02 4.717277777777777374e+03
1.001960784313725428e-01 3.958502352941176468e+03
1.238590604026845732e-01 4.139288724832214939e+03
1.404228855721393054e-01 3.932245721393034273e+03
1.630075187969924899e-01 3.832019624060150363e+03
1.808858858858858887e-01 3.122515909909909624e+03
2.036394557823129059e-01 1.447046628117913997e+03
2.190557939914163088e-01 -1.430816673819741993e+02
2.426502732240437277e-01 -1.886070673952640959e+02
2.596589259796807103e-01 8.385883773584905612e+02
2.811171662125340753e-01 7.995938664850135638e+02
3.008784530386739986e-01 1.928882612154696119e+02
3.206315289648623001e-01 6.210189823361822619e+02
3.399619047619047429e-01 1.314866342857142854e+03
3.619689737470166979e-01 1.278614114558472693e+03
3.799070887818307152e-01 1.503399512732278026e+03
4.013341804320203487e-01 9.314291334180433068e+02
4.195595854922279933e-01 3.483054438687392462e+02
4.407771883289124948e-01 5.935492053050398908e+02
4.600780487804878027e-01 5.674653692682926476e+02
4.807973648341663520e-01 1.207598854157201345e+02
5.009150981177412643e-01 -2.204969910692831547e+02
5.204555984555984116e-01 -4.921371216216216027e+01
5.419053527118044000e-01 1.505553991492378429e+02
5.606541598694942952e-01 2.462791539967373069e+02
5.706576338400528581e-01 3.463974957038994944e+02
