-2.375000000000000000e+01 3.300921371390432846e+00 1.086001295600663580e-01
-2.325000000000000000e+01 3.293166959940619254e+00 7.243783088202426779e-02
-2.275000000000000000e+01 3.084491226250384521e+00 5.973190463926720400e-02
-2.225000000000000000e+01 2.569614647816724773e+00 4.352627183684319029e-02
-2.175000000000000000e+01 2.280306626004473536e+00 2.906942260552062771e-02
-2.125000000000000000e+01 2.123487890730263228e+00 2.124414847847112472e-02
-2.075000000000000000e+01 1.986713278552309614e+00 1.746443968730163401e-02
-2.025000000000000000e+01 1.926316853683573527e+00 1.538310717982576716e-02
-1.975000000000000000e+01 1.883299901250823138e+00 1.431784698152727305e-02
-1.925000000000000000e+01 1.844573312828416745e+00 1.376935125021465194e-02
-1.875000000000000000e+01 1.799605728765663937e+00 1.299928456856801369e-02
-1.825000000000000000e+01 1.716242586857683161e+00 1.164732527256230957e-02
-1.775000000000000000e+01 1.641992037451213582e+00 1.003656381772824804e-02
-1.725000000000000000e+01 1.584606128099155908e+00 8.798714798442665297e-03
