2.166666666666666741e-02 6.113302666666666482e+03
4.454545454545454780e-02 5.461826818181818453e+03
6.211111111111110999e-02 4.719507333333333918e+03
8.302469135802469091e-02 3.368483703703703668e+03
1.001960784313725428e-01 2.539499019607842911e+03
1.238590604026845732e-01 1.840789798657718393e+03
1.404228855721393054e-01 1.500983731343283807e+03
1.630075187969924899e-01 1.338181639097744437e+03
1.808858858858858887e-01 1.171328006006005808e+03
2.036394557823129059e-01 9.150778185941042011e+02
2.190557939914163088e-01 7.684282467811159449e+02
2.426502732240437277e-01 6.042146757741347756e+02
2.596589259796807103e-01 5.535390275761974408e+02
2.811171662125340753e-01 5.362991934604905282e+02
3.008784530386739986e-01 4.937755823204419698e+02
3.206315289648623001e-01 4.385887635327635508e+02
3.399619047619047429e-01 3.708437342857143335e+02
3.619689737470166979e-01 3.251921408114558290e+02
3.799070887818307152e-01 3.124858898830006524e+02
4.013341804320203487e-01 2.786854072426937705e+02
4.195595854922279933e-01 2.439723275762809465e+02
4.407771883289124948e-01 2.298029793103448526e+02
4.600780487804878027e-01 2.277625556097561343e+02
4.807973648341663520e-01 2.042784384370740725e+02
5.009150981177412643e-01 1.886563444132959546e+02
5.204555984555984116e-01 1.838243891891891906e+02
5.419053527118044000e-01 1.676904516129032174e+02
5.606541598694942952e-01 1.500150411092985223e+02
5.706576338400528581e-01 1.424744937210839169e+02
