2.166666666666666741e-02 2.298060299999999916e+04
4.454545454545454780e-02 1.171477727272727316e+04
6.211111111111110999e-02 6.845019111111110760e+03
8.302469135802469091e-02 4.415540987654320816e+03
1.001960784313725428e-01 3.289811470588235352e+03
1.238590604026845732e-01 2.761419261744966207e+03
1.404228855721393054e-01 2.244331393034826306e+03
1.630075187969924899e-01 1.871750827067668979e+03
1.808858858858858887e-01 1.656764774774774651e+03
2.036394557823129059e-01 1.343218412698412521e+03
2.190557939914163088e-01 1.094573939914163020e+03
2.426502732240437277e-01 8.172695519125683177e+02
2.596589259796807103e-01 7.846145224963714782e+02
2.811171662125340753e-01 7.792020694822888345e+02
3.008784530386739986e-01 7.473548651933700739e+02
3.206315289648623001e-01 6.651491215574548050e+02
3.399619047619047429e-01 5.288358476190476267e+02
3.619689737470166979e-01 4.582307040572792403e+02
3.799070887818307152e-01 4.454038499655884493e+02
4.013341804320203487e-01 3.958930825921220276e+02
4.195595854922279933e-01 3.675813897524467961e+02
4.407771883289124948e-01 3.649578493368700833e+02
4.600780487804878027e-01 3.317946331707317427e+02
4.807973648341663520e-01 2.876529413902771353e+02
5.009150981177412643e-01 2.826192847416900236e+02
5.204555984555984116e-01 2.795063444015444816e+02
5.419053527118044000e-01 2.588054540942928270e+02
5.606541598694942952e-01 2.460737944535073325e+02
5.706576338400528581e-01 2.432273469927296787e+02
