2.166666666666666741e-02 6.908042433333334884e+03
4.454545454545454780e-02 5.851159999999999854e+03
6.211111111111110999e-02 4.943229555555555635e+03
8.302469135802469091e-02 3.430470370370370802e+03
1.001960784313725428e-01 2.587044803921569383e+03
1.238590604026845732e-01 1.995742751677852311e+03
1.404228855721393054e-01 1.579831343283581873e+03
1.630075187969924899e-01 1.357761323308270676e+03
1.808858858858858887e-01 1.172808564564564676e+03
2.036394557823129059e-01 9.056263764172335868e+02
2.190557939914163088e-01 7.639433626609442172e+02
2.426502732240437277e-01 5.868141475409836403e+02
2.596589259796807103e-01 5.407596995645862989e+02
2.811171662125340753e-01 5.284406049046322096e+02
3.008784530386739986e-01 4.911426508287292449e+02
3.206315289648623001e-01 4.440210037986704492e+02
3.399619047619047429e-01 3.811320238095237869e+02
3.619689737470166979e-01 3.326566873508353410e+02
3.799070887818307152e-01 3.148287515485203016e+02
4.013341804320203487e-01 2.806321512071156690e+02
4.195595854922279933e-01 2.471021335636154390e+02
4.407771883289124948e-01 2.298441055702917879e+02
4.600780487804878027e-01 2.280272819512195213e+02
4.807973648341663520e-01 2.060385065879145827e+02
5.009150981177412643e-01 1.879264453344013077e+02
5.204555984555984116e-01 1.813073401544401406e+02
5.419053527118044000e-01 1.660957437079050010e+02
5.606541598694942952e-01 1.506620584013050745e+02
5.706576338400528581e-01 1.447040270984798269e+02
