2.166666666666666741e-02 4.916566166666666504e+03
4.454545454545454780e-02 4.574703181818182202e+03
6.211111111111110999e-02 3.797992888888888956e+03
8.302469135802469091e-02 2.691263950617284081e+03
1.001960784313725428e-01 2.189979705882352846e+03
1.238590604026845732e-01 1.647332281879194625e+03
1.404228855721393054e-01 1.311948746268656578e+03
1.630075187969924899e-01 1.157618473684210358e+03
1.808858858858858887e-01 9.658033993993993818e+02
2.036394557823129059e-01 7.439286077097506222e+02
2.190557939914163088e-01 6.386662832618026187e+02
2.426502732240437277e-01 4.907103315118397404e+02
2.596589259796807103e-01 4.494277793904208806e+02
2.811171662125340753e-01 4.443624904632152379e+02
3.008784530386739986e-01 4.096009502762431680e+02
3.206315289648623001e-01 3.577991168091168106e+02
3.399619047619047429e-01 3.002239514285714108e+02
3.619689737470166979e-01 2.569456062052505558e+02
3.799070887818307152e-01 2.466829222298692628e+02
4.013341804320203487e-01 2.271721740787801593e+02
4.195595854922279933e-01 2.039320713874496107e+02
4.407771883289124948e-01 1.896847045092838187e+02
4.600780487804878027e-01 1.847530853658536785e+02
4.807973648341663520e-01 1.698562966833257519e+02
5.009150981177412643e-01 1.597305294353223815e+02
5.204555984555984116e-01 1.493783405405405347e+02
5.419053527118044000e-01 1.328934966323998594e+02
5.606541598694942952e-01 1.255408427406199081e+02
5.706576338400528581e-01 1.246193384005287612e+02
