-2.375000000000000000e+01 3.328308070269289765e+00 9.409796867612012505e-01 2.723248029370478542e-04 2.723248029370478542e-04
-2.325000000000000000e+01 3.082928223578468518e+00 9.367446035478229627e-01 5.046971169420149056e-04 5.046971169420149056e-04
-2.275000000000000000e+01 2.853616491823876000e+00 9.386991697047910588e-01 7.020840082064571698e-04 7.020840082064571698e-04
-2.225000000000000000e+01 2.544039663023835551e+00 8.755158999209186055e-01 1.257099665262930484e-03 1.257099665262930484e-03
-2.175000000000000000e+01 2.294640333016379596e+00 7.738580802365198075e-01 2.599503293380844328e-03 2.599503293380844328e-03
-2.125000000000000000e+01 2.145582180417169749e+00 7.800902854737017389e-01 4.633840837922470306e-03 4.633840837922470306e-03
-2.075000000000000000e+01 2.018820592737990083e+00 7.083874945093545650e-01 6.713529856386998840e-03 6.713529856386998840e-03
-2.025000000000000000e+01 1.921754790292519388e+00 6.673654442197864967e-01 8.556959291653169764e-03 8.556959291653169764e-03
-1.975000000000000000e+01 1.857742111903651683e+00 6.823475466905059017e-01 9.815570672713529871e-03 9.815570672713529871e-03
-1.925000000000000000e+01 1.800655131055958869e+00 6.387704785490171400e-01 1.060447035957240089e-02 1.060447035957240089e-02
-1.875000000000000000e+01 1.754616479193312761e+00 6.373010715367652956e-01 1.184710074505992798e-02 1.184710074505992798e-02
-1.825000000000000000e+01 1.703372178122295466e+00 6.195151291222676937e-01 1.467206565165748815e-02 1.467206565165748815e-02
-1.775000000000000000e+01 1.652036410097727837e+00 5.580367931283964911e-01 1.958816542490011969e-02 1.958816542490011969e-02
-1.725000000000000000e+01 1.615034238711144710e+00 5.282956269772857150e-01 2.533441313033149914e-02 2.533441313033149914e-02
-1.675000000000000000e+01 1.590484147270265769e+00 5.295527308982717063e-01 2.974991901522513679e-02 2.974991901522513679e-02
-1.625000000000000000e+01 1.564363635005207920e+00 5.072834703517182797e-01 3.483252348558470851e-02 3.483252348558470851e-02
-1.575000000000000000e+01 1.531295362912722169e+00 4.621328004127879252e-01 4.301911240686751015e-02 4.301911240686751015e-02
-1.525000000000000000e+01 1.503063586061653689e+00 4.220878393252026628e-01 5.286059820753698235e-02 5.286059820753698235e-02
-1.475000000000000000e+01 1.474815250028297609e+00 3.714519434462507097e-01 6.247856602958643674e-02 6.247856602958643674e-02
-1.425000000000000000e+01 1.448987178790069219e+00 3.436607135953175240e-01 7.573976892344239098e-02 7.573976892344239098e-02
