2.166666666666666741e-02 8.886091666666667152e+03
4.454545454545454780e-02 7.224689999999999600e+03
6.211111111111110999e-02 6.166362222222222954e+03
8.302469135802469091e-02 4.385342345679012396e+03
1.001960784313725428e-01 3.251244509803921574e+03
1.238590604026845732e-01 2.473668791946308829e+03
1.404228855721393054e-01 1.972079850746268676e+03
1.630075187969924899e-01 1.669604511278195332e+03
1.808858858858858887e-01 1.459288018018018192e+03
2.036394557823129059e-01 1.124184226757369743e+03
2.190557939914163088e-01 9.202238025751072428e+02
2.426502732240437277e-01 6.969467468123863227e+02
2.596589259796807103e-01 6.868198534107402793e+02
2.811171662125340753e-01 7.002111716621253663e+02
3.008784530386739986e-01 6.305835325966850178e+02
3.206315289648623001e-01 5.721238651471984440e+02
3.399619047619047429e-01 4.772193133333333321e+02
3.619689737470166979e-01 4.012239689737470485e+02
3.799070887818307152e-01 3.957844432209222987e+02
4.013341804320203487e-01 3.590504853875476670e+02
4.195595854922279933e-01 3.305752423719055741e+02
4.407771883289124948e-01 3.181569713527850922e+02
4.600780487804878027e-01 2.963685307317072670e+02
4.807973648341663520e-01 2.615267501135847397e+02
5.009150981177412643e-01 2.417683808570284327e+02
5.204555984555984116e-01 2.344701108108108372e+02
5.419053527118044000e-01 2.187393590925204023e+02
5.606541598694942952e-01 2.088933380097878967e+02
5.706576338400528581e-01 2.099683549239920524e+02
