2.166666666666666741e-02 3.074608000000000175e+04
4.454545454545454780e-02 2.695904090909090883e+04
6.211111111111110999e-02 2.021060888888888803e+04
8.302469135802469091e-02 1.113795123456790134e+04
1.001960784313725428e-01 7.459910098039216791e+03
1.238590604026845732e-01 5.174110738255033539e+03
1.404228855721393054e-01 4.442604676616914730e+03
1.630075187969924899e-01 4.059299812030075373e+03
1.808858858858858887e-01 3.429191501501501534e+03
2.036394557823129059e-01 2.707098117913832084e+03
2.190557939914163088e-01 1.906741695278969701e+03
2.426502732240437277e-01 1.309453114754098351e+03
2.596589259796807103e-01 1.436667968069666131e+03
2.811171662125340753e-01 1.405300899182561125e+03
3.008784530386739986e-01 1.525199060773480596e+03
3.206315289648623001e-01 1.590070636277302810e+03
3.399619047619047429e-01 1.306351500952380775e+03
3.619689737470166979e-01 1.136967045346061923e+03
3.799070887818307152e-01 1.138351940812112844e+03
4.013341804320203487e-01 8.842202947903430186e+02
4.195595854922279933e-01 7.077090351180194148e+02
4.407771883289124948e-01 8.110737283819628374e+02
4.600780487804878027e-01 8.186700297560975059e+02
4.807973648341663520e-01 6.849710508859609490e+02
5.009150981177412643e-01 6.972238209851822148e+02
5.204555984555984116e-01 7.538299254826255265e+02
5.419053527118044000e-01 6.196966288550158879e+02
5.606541598694942952e-01 6.100547425774876729e+02
5.706576338400528581e-01 7.076230152015862132e+02
