2.166666666666666741e-02 2.345988750000000073e+04
4.454545454545454780e-02 1.312534681818181889e+04
6.211111111111110999e-02 7.636448666666667123e+03
8.302469135802469091e-02 5.280736790123456558e+03
1.001960784313725428e-01 4.183776568627450615e+03
1.238590604026845732e-01 3.109543422818792351e+03
1.404228855721393054e-01 2.394298009950248797e+03
1.630075187969924899e-01 1.990348796992481311e+03
1.808858858858858887e-01 1.776961921921922112e+03
2.036394557823129059e-01 1.447480340136054565e+03
2.190557939914163088e-01 1.220903025751073073e+03
2.426502732240437277e-01 9.317496684881601823e+02
2.596589259796807103e-01 8.306705805515240399e+02
2.811171662125340753e-01 8.521869237057221653e+02
3.008784530386739986e-01 8.460681414364639750e+02
3.206315289648623001e-01 7.818377986704654177e+02
3.399619047619047429e-01 6.383451552380953444e+02
3.619689737470166979e-01 4.945805274463007208e+02
3.799070887818307152e-01 4.891079132828630236e+02
4.013341804320203487e-01 4.452645756035578302e+02
4.195595854922279933e-01 4.154926309729418108e+02
4.407771883289124948e-01 3.922657999999999561e+02
4.600780487804878027e-01 3.307955087804877508e+02
4.807973648341663520e-01 3.216469513857337574e+02
5.009150981177412643e-01 3.386095470564677612e+02
5.204555984555984116e-01 3.117855424710424472e+02
5.419053527118044000e-01 2.725599007444168933e+02
5.606541598694942952e-01 2.476191592169657554e+02
5.706576338400528581e-01 2.362881209517514947e+02
