2.166666666666666741e-02 3.804778333333333285e+04
4.454545454545454780e-02 2.006578318181818031e+04
6.211111111111110999e-02 1.258870511111111045e+04
8.302469135802469091e-02 8.531017283950617639e+03
1.001960784313725428e-01 5.848864901960783754e+03
1.238590604026845732e-01 4.804614093959731690e+03
1.404228855721393054e-01 3.795030447761194409e+03
1.630075187969924899e-01 3.005917894736841845e+03
1.808858858858858887e-01 2.884823063063062818e+03
2.036394557823129059e-01 2.266992312925170154e+03
2.190557939914163088e-01 1.835967575107296170e+03
2.426502732240437277e-01 1.455473151183971140e+03
2.596589259796807103e-01 1.362554252539912795e+03
2.811171662125340753e-01 1.383854972752043750e+03
3.008784530386739986e-01 1.406822000000000116e+03
3.206315289648623001e-01 1.265756970560303671e+03
3.399619047619047429e-01 1.012987890476190614e+03
3.619689737470166979e-01 8.462846229116944414e+02
3.799070887818307152e-01 8.441009538885065240e+02
4.013341804320203487e-01 7.796521702668361513e+02
4.195595854922279933e-01 6.887014634427174542e+02
4.407771883289124948e-01 6.945116344827584953e+02
4.600780487804878027e-01 5.807300121951219580e+02
4.807973648341663520e-01 4.710477428441616894e+02
5.009150981177412643e-01 5.560903015618741847e+02
5.204555984555984116e-01 5.669566992277991631e+02
5.419053527118044000e-01 4.628759220134703014e+02
5.606541598694942952e-01 4.283699393148450554e+02
5.706576338400528581e-01 4.351679365499008441e+02
