2.166666666666666741e-02 4.679625833333333139e+05
4.454545454545454780e-02 1.480208727272727410e+05
6.211111111111110999e-02 1.270489777777777817e+04
8.302469135802469091e-02 9.358383456790124910e+03
1.001960784313725428e-01 1.005048882352941291e+04
1.238590604026845732e-01 8.608673825503354237e+03
1.404228855721393054e-01 8.624033512437810714e+03
1.630075187969924899e-01 6.993202203007519529e+03
1.808858858858858887e-01 5.167985255255254742e+03
2.036394557823129059e-01 6.744440725623582694e+03
2.190557939914163088e-01 5.607839763948497421e+03
2.426502732240437277e-01 3.703498597449909084e+03
2.596589259796807103e-01 5.019973338171262185e+03
2.811171662125340753e-01 3.024770231607629739e+03
3.008784530386739986e-01 3.620177767955800846e+03
3.206315289648623001e-01 5.577596495726495959e+03
3.399619047619047429e-01 4.907573800000000119e+03
3.619689737470166979e-01 3.951035847255370300e+03
3.799070887818307152e-01 3.718429504473503130e+03
4.013341804320203487e-01 2.941122414231257608e+03
4.195595854922279933e-01 2.803841894070236322e+03
4.407771883289124948e-01 2.793463122015915360e+03
4.600780487804878027e-01 1.229496024878048956e+03
4.807973648341663520e-01 6.777505615629260092e+02
5.009150981177412643e-01 1.508706511814177020e+03
5.204555984555984116e-01 2.506059397683397492e+03
5.419053527118044000e-01 2.047453196738744964e+03
5.606541598694942952e-01 1.056695924959217109e+03
5.706576338400528581e-01 1.070662407138136132e+03
