2.166666666666666741e-02 4.223156500000000233e+04
4.454545454545454780e-02 3.300452272727272793e+04
6.211111111111110999e-02 2.288138888888889051e+04
8.302469135802469091e-02 1.255564246913580246e+04
1.001960784313725428e-01 7.570382745098039777e+03
1.238590604026845732e-01 5.652384966442953555e+03
1.404228855721393054e-01 4.873856069651741564e+03
1.630075187969924899e-01 4.401502706766917981e+03
1.808858858858858887e-01 4.196141531531530745e+03
2.036394557823129059e-01 3.414077664399093010e+03
2.190557939914163088e-01 2.482549699570815847e+03
2.426502732240437277e-01 1.927821402550091079e+03
2.596589259796807103e-01 1.942706269956458527e+03
2.811171662125340753e-01 1.866122874659400395e+03
3.008784530386739986e-01 1.970413005524862001e+03
3.206315289648623001e-01 1.813651310541310522e+03
3.399619047619047429e-01 1.558044257142857077e+03
3.619689737470166979e-01 1.277962443914081177e+03
3.799070887818307152e-01 1.082274344115622853e+03
4.013341804320203487e-01 1.030269364675984662e+03
4.195595854922279933e-01 9.265409038572250893e+02
4.407771883289124948e-01 7.868159618037135488e+02
4.600780487804878027e-01 8.069955863414634223e+02
4.807973648341663520e-01 8.478731376646978788e+02
5.009150981177412643e-01 8.390224405286343199e+02
5.204555984555984116e-01 7.799413169884169292e+02
5.419053527118044000e-01 7.180875607940447480e+02
5.606541598694942952e-01 7.312138841761826598e+02
5.706576338400528581e-01 7.478229444811632902e+02
