2.166666666666666741e-02 2.524154533333333166e+04
4.454545454545454780e-02 1.267489090909090737e+04
6.211111111111110999e-02 8.875407111111109771e+03
8.302469135802469091e-02 6.086443580246912461e+03
1.001960784313725428e-01 4.358603431372548584e+03
1.238590604026845732e-01 3.532536510067114705e+03
1.404228855721393054e-01 2.788662686567163746e+03
1.630075187969924899e-01 2.463880526315789211e+03
1.808858858858858887e-01 2.073087147147147334e+03
2.036394557823129059e-01 1.483986122448979586e+03
2.190557939914163088e-01 1.277652360515021428e+03
2.426502732240437277e-01 1.081284896174863434e+03
2.596589259796807103e-01 1.015977703918722682e+03
2.811171662125340753e-01 9.327179087193459281e+02
3.008784530386739986e-01 8.495456740331491119e+02
3.206315289648623001e-01 8.335706837606836643e+02
3.399619047619047429e-01 7.166920371428572025e+02
3.619689737470166979e-01 6.011267183770884230e+02
3.799070887818307152e-01 5.414311266345491731e+02
4.013341804320203487e-01 4.838816905972045674e+02
4.195595854922279933e-01 4.653647702936096948e+02
4.407771883289124948e-01 4.172590466843501531e+02
4.600780487804878027e-01 3.760298375609756363e+02
4.807973648341663520e-01 3.481045143116765530e+02
5.009150981177412643e-01 3.783924533440128357e+02
5.204555984555984116e-01 3.491567945945946008e+02
5.419053527118044000e-01 2.877651988656504614e+02
5.606541598694942952e-01 2.942371471451876346e+02
5.706576338400528581e-01 3.000741758096497165e+02
