2.166666666666666741e-02 5.208132899999999609e+03
4.454545454545454780e-02 4.917078636363637088e+03
6.211111111111110999e-02 4.368684888888888963e+03
8.302469135802469091e-02 3.025192716049382852e+03
1.001960784313725428e-01 2.275715392156862436e+03
1.238590604026845732e-01 1.763547114093959863e+03
1.404228855721393054e-01 1.417727412935323400e+03
1.630075187969924899e-01 1.218086142857142931e+03
1.808858858858858887e-01 1.018584732732732732e+03
2.036394557823129059e-01 7.822362630385487137e+02
2.190557939914163088e-01 6.687360622317596608e+02
2.426502732240437277e-01 5.283180418943533141e+02
2.596589259796807103e-01 5.016238708272858275e+02
2.811171662125340753e-01 5.107159373297002958e+02
3.008784530386739986e-01 4.643046397790054698e+02
3.206315289648623001e-01 3.950894786324786310e+02
3.399619047619047429e-01 3.330950857142856876e+02
3.619689737470166979e-01 2.817892243436754143e+02
3.799070887818307152e-01 2.620600385409497903e+02
4.013341804320203487e-01 2.397203926302414061e+02
4.195595854922279933e-01 2.193092815198618268e+02
4.407771883289124948e-01 2.046910185676392473e+02
4.600780487804878027e-01 2.030684658536585232e+02
4.807973648341663520e-01 1.865035243071331479e+02
5.009150981177412643e-01 1.692680913095714743e+02
5.204555984555984116e-01 1.596789803088803126e+02
5.419053527118044000e-01 1.437677982984757250e+02
5.606541598694942952e-01 1.367689663947797953e+02
5.706576338400528581e-01 1.380916444150693962e+02
