2.166666666666666741e-02 4.057952666666666482e+04
4.454545454545454780e-02 3.291605454545454268e+04
6.211111111111110999e-02 2.495401555555555387e+04
8.302469135802469091e-02 1.271007283950617239e+04
1.001960784313725428e-01 7.294399019607843002e+03
1.238590604026845732e-01 6.314746577181208522e+03
1.404228855721393054e-01 5.601451393034825742e+03
1.630075187969924899e-01 5.022618609022556484e+03
1.808858858858858887e-01 4.026036816816817009e+03
2.036394557823129059e-01 3.249346961451247353e+03
2.190557939914163088e-01 2.665844313304720799e+03
2.426502732240437277e-01 1.710262295081967295e+03
2.596589259796807103e-01 1.788075994194485020e+03
2.811171662125340753e-01 1.774267479564032783e+03
3.008784530386739986e-01 1.968509535911602370e+03
3.206315289648623001e-01 1.874464586894587001e+03
3.399619047619047429e-01 1.529982160000000249e+03
3.619689737470166979e-01 1.439478964200477321e+03
3.799070887818307152e-01 1.153999752236751647e+03
4.013341804320203487e-01 8.984899428208386780e+02
4.195595854922279933e-01 8.110122521588947393e+02
4.407771883289124948e-01 7.895180954907162914e+02
4.600780487804878027e-01 9.584891463414634245e+02
4.807973648341663520e-01 9.690390967741935810e+02
5.009150981177412643e-01 8.823290364437324342e+02
5.204555984555984116e-01 8.739422146718146678e+02
5.419053527118044000e-01 7.698520425381069572e+02
5.606541598694942952e-01 7.186656052202283718e+02
5.706576338400528581e-01 7.412959418374091456e+02
