2.166666666666666741e-02 4.631732533333332867e+03
4.454545454545454780e-02 3.903344090909091392e+03
6.211111111111110999e-02 3.034864888888888345e+03
8.302469135802469091e-02 2.117900864197531064e+03
1.001960784313725428e-01 1.740945588235294281e+03
1.238590604026845732e-01 1.282001610738255067e+03
1.404228855721393054e-01 9.671788756218904837e+02
1.630075187969924899e-01 8.721550075187968787e+02
1.808858858858858887e-01 7.448520660660659587e+02
2.036394557823129059e-01 5.635260340136053401e+02
2.190557939914163088e-01 4.858188712446351474e+02
2.426502732240437277e-01 3.632729635701275583e+02
2.596589259796807103e-01 3.379203149492017246e+02
2.811171662125340753e-01 3.358449032697547523e+02
3.008784530386739986e-01 2.997365635359115572e+02
3.206315289648623001e-01 2.692580018993352269e+02
3.399619047619047429e-01 2.319043676190476333e+02
3.619689737470166979e-01 1.889532840095465360e+02
3.799070887818307152e-01 1.843432174810736512e+02
4.013341804320203487e-01 1.688645844980940467e+02
4.195595854922279933e-01 1.479197725964306187e+02
4.407771883289124948e-01 1.382098344827586232e+02
4.600780487804878027e-01 1.343301117073170587e+02
4.807973648341663520e-01 1.209460586097228685e+02
5.009150981177412643e-01 1.097591109331197430e+02
5.204555984555984116e-01 1.039603976833977015e+02
5.419053527118044000e-01 9.341016774193548144e+01
5.606541598694942952e-01 8.841263791190864652e+01
5.706576338400528581e-01 8.762456444150694779e+01
