2.166666666666666741e-02 5.945138166666666621e+03
4.454545454545454780e-02 5.944737272727273194e+03
6.211111111111110999e-02 5.769839777777778181e+03
8.302469135802469091e-02 4.472822098765432202e+03
1.001960784313725428e-01 3.315638333333333321e+03
1.238590604026845732e-01 2.322247248322147698e+03
1.404228855721393054e-01 1.875964676616915540e+03
1.630075187969924899e-01 1.666110676691729623e+03
1.808858858858858887e-01 1.484675375375375552e+03
2.036394557823129059e-01 1.148750072562358355e+03
2.190557939914163088e-01 9.504954570815451689e+02
2.426502732240437277e-01 7.464761183970855427e+02
2.596589259796807103e-01 6.986996298984036002e+02
2.811171662125340753e-01 6.443527738419618345e+02
3.008784530386739986e-01 5.896158176795579493e+02
3.206315289648623001e-01 5.726343219373220563e+02
3.399619047619047429e-01 4.920526171428571729e+02
3.619689737470166979e-01 3.867037064439141432e+02
3.799070887818307152e-01 3.819862305574673087e+02
4.013341804320203487e-01 3.661469536213468245e+02
4.195595854922279933e-01 3.379490800230282161e+02
4.407771883289124948e-01 3.188338870026524887e+02
4.600780487804878027e-01 2.886355595121951865e+02
4.807973648341663520e-01 2.499874020899591187e+02
5.009150981177412643e-01 2.363362615138165950e+02
5.204555984555984116e-01 2.333457907335907464e+02
5.419053527118044000e-01 2.155366199929103459e+02
5.606541598694942952e-01 2.071832567699837000e+02
5.706576338400528581e-01 2.088417699933906135e+02
