2.166666666666666741e-02 1.417464516666666714e+04
4.454545454545454780e-02 8.266744545454545005e+03
6.211111111111110999e-02 5.739371999999999389e+03
8.302469135802469091e-02 4.176672592592592082e+03
1.001960784313725428e-01 3.208855784313725508e+03
1.238590604026845732e-01 2.533183691275167803e+03
1.404228855721393054e-01 1.987891343283582046e+03
1.630075187969924899e-01 1.701786240601503778e+03
1.808858858858858887e-01 1.496567987987988317e+03
2.036394557823129059e-01 1.183051687074829943e+03
2.190557939914163088e-01 1.010521939914163227e+03
2.426502732240437277e-01 7.543126302367942344e+02
2.596589259796807103e-01 7.222419114658925992e+02
2.811171662125340753e-01 7.054007452316077433e+02
3.008784530386739986e-01 6.387688110497236949e+02
3.206315289648623001e-01 5.799067283950616911e+02
3.399619047619047429e-01 4.974338790476190297e+02
3.619689737470166979e-01 4.374887923627684927e+02
3.799070887818307152e-01 4.108305609084652019e+02
4.013341804320203487e-01 3.608247585768741601e+02
4.195595854922279933e-01 3.352599775474956800e+02
4.407771883289124948e-01 3.243321453580902016e+02
4.600780487804878027e-01 3.054843351219512328e+02
4.807973648341663520e-01 2.734671535665606257e+02
5.009150981177412643e-01 2.556841918301962551e+02
5.204555984555984116e-01 2.426326239382239578e+02
5.419053527118044000e-01 2.275696876993973774e+02
5.606541598694942952e-01 2.237642453507340861e+02
5.706576338400528581e-01 2.223285869134170412e+02
