2.166666666666666741e-02 4.551685400000000300e+03
4.454545454545454780e-02 4.463525454545454522e+03
6.211111111111110999e-02 3.782168666666666468e+03
8.302469135802469091e-02 2.555489753086420023e+03
1.001960784313725428e-01 1.983891960784313824e+03
1.238590604026845732e-01 1.491323691275167675e+03
1.404228855721393054e-01 1.190194656716417967e+03
1.630075187969924899e-01 1.044627639097744350e+03
1.808858858858858887e-01 8.823104204204204279e+02
2.036394557823129059e-01 6.744565555555556102e+02
2.190557939914163088e-01 5.825312660944206300e+02
2.426502732240437277e-01 4.485637103825137046e+02
2.596589259796807103e-01 4.127664629898403632e+02
2.811171662125340753e-01 4.084889482288828049e+02
3.008784530386739986e-01 3.744405160220994162e+02
3.206315289648623001e-01 3.363928005698005563e+02
3.399619047619047429e-01 2.815854714285714522e+02
3.619689737470166979e-01 2.345547828162291353e+02
3.799070887818307152e-01 2.213527501720577959e+02
4.013341804320203487e-01 1.994312255400254230e+02
4.195595854922279933e-01 1.795279879101899780e+02
4.407771883289124948e-01 1.687073660477453529e+02
4.600780487804878027e-01 1.622401497560975656e+02
4.807973648341663520e-01 1.457955829168560058e+02
5.009150981177412643e-01 1.342134028834601338e+02
5.204555984555984116e-01 1.290753324324324183e+02
5.419053527118044000e-01 1.192018404820985467e+02
5.606541598694942952e-01 1.116613951060358829e+02
5.706576338400528581e-01 1.099956245869134221e+02
