2.166666666666666741e-02 1.485500183333333407e+05
4.454545454545454780e-02 5.951468636363637052e+04
6.211111111111110999e-02 1.934363333333333139e+04
8.302469135802469091e-02 1.670733209876542969e+04
1.001960784313725428e-01 1.221947058823529369e+04
1.238590604026845732e-01 7.010980536912750722e+03
1.404228855721393054e-01 6.829896268656715620e+03
1.630075187969924899e-01 5.350087781954887760e+03
1.808858858858858887e-01 3.972678198198198515e+03
2.036394557823129059e-01 3.492682154195011663e+03
2.190557939914163088e-01 2.705979635193133163e+03
2.426502732240437277e-01 2.222661566484517152e+03
2.596589259796807103e-01 2.414193207547170005e+03
2.811171662125340753e-01 2.210203610354223656e+03
3.008784530386739986e-01 2.200908033149171388e+03
3.206315289648623001e-01 2.048706980056980228e+03
3.399619047619047429e-01 1.762645142857142673e+03
3.619689737470166979e-01 1.654997255369928325e+03
3.799070887818307152e-01 1.558643537508603004e+03
4.013341804320203487e-01 1.098857814485387735e+03
4.195595854922279933e-01 1.129639458837075381e+03
4.407771883289124948e-01 1.275783893899204031e+03
4.600780487804878027e-01 8.685746248780487804e+02
4.807973648341663520e-01 6.103008073602908325e+02
5.009150981177412643e-01 7.704543856627954028e+02
5.204555984555984116e-01 8.476071069498069619e+02
5.419053527118044000e-01 8.555534328252393834e+02
5.606541598694942952e-01 8.403082032626427917e+02
5.706576338400528581e-01 7.789405095836086730e+02
