2.166666666666666741e-02 4.218572133333333113e+03
4.454545454545454780e-02 3.624389999999999418e+03
6.211111111111110999e-02 2.799550444444444111e+03
8.302469135802469091e-02 1.964967777777777883e+03
1.001960784313725428e-01 1.640115000000000009e+03
1.238590604026845732e-01 1.191598228187919403e+03
1.404228855721393054e-01 9.018207363184079668e+02
1.630075187969924899e-01 8.081624887218044933e+02
1.808858858858858887e-01 6.786928348348349118e+02
2.036394557823129059e-01 5.031405351473922565e+02
2.190557939914163088e-01 4.481972081545063702e+02
2.426502732240437277e-01 3.449120418943533650e+02
2.596589259796807103e-01 3.085524658925979793e+02
2.811171662125340753e-01 3.117084005449591473e+02
3.008784530386739986e-01 2.857946530386740278e+02
3.206315289648623001e-01 2.522195337132003772e+02
3.399619047619047429e-01 2.151048066666666898e+02
3.619689737470166979e-01 1.759586205250596720e+02
3.799070887818307152e-01 1.687905705437026995e+02
4.013341804320203487e-01 1.549459351969504439e+02
4.195595854922279933e-01 1.343893465745538265e+02
4.407771883289124948e-01 1.262880201591512161e+02
4.600780487804878027e-01 1.201167073170731641e+02
4.807973648341663520e-01 1.047506242616992296e+02
5.009150981177412643e-01 9.760567264717661828e+01
5.204555984555984116e-01 9.670571899613898381e+01
5.419053527118044000e-01 8.858681517192485444e+01
5.606541598694942952e-01 8.221128933115824111e+01
5.706576338400528581e-01 8.114520277594183995e+01
