2.166666666666666741e-02 2.286509083333333547e+04
4.454545454545454780e-02 1.145879454545454428e+04
6.211111111111110999e-02 7.257783555555555722e+03
8.302469135802469091e-02 4.647371728395061837e+03
1.001960784313725428e-01 3.122256274509803916e+03
1.238590604026845732e-01 2.564822214765100853e+03
1.404228855721393054e-01 2.115974129353234275e+03
1.630075187969924899e-01 1.824968007518796867e+03
1.808858858858858887e-01 1.593842912912912652e+03
2.036394557823129059e-01 1.229075079365079318e+03
2.190557939914163088e-01 1.044406452789699642e+03
2.426502732240437277e-01 8.364556375227685976e+02
2.596589259796807103e-01 7.715596734397677210e+02
2.811171662125340753e-01 7.317671158038147041e+02
3.008784530386739986e-01 6.800791823204418733e+02
3.206315289648623001e-01 6.008651671415004785e+02
3.399619047619047429e-01 4.953725790476190127e+02
3.619689737470166979e-01 4.319606706443914845e+02
3.799070887818307152e-01 4.087600350997935266e+02
4.013341804320203487e-01 3.921133792884371019e+02
4.195595854922279933e-01 3.636464548071387526e+02
4.407771883289124948e-01 3.321506588859417093e+02
4.600780487804878027e-01 3.123120380487804937e+02
4.807973648341663520e-01 2.740807696501590272e+02
5.009150981177412643e-01 2.609493960752903376e+02
5.204555984555984116e-01 2.547123223938224044e+02
5.419053527118044000e-01 2.317648284296348891e+02
5.606541598694942952e-01 2.265400316476345495e+02
5.706576338400528581e-01 2.293935393258426814e+02
