2.166666666666666741e-02 4.220406149999999798e+03
4.454545454545454780e-02 3.837911818181818035e+03
6.211111111111110999e-02 3.177508444444444649e+03
8.302469135802469091e-02 2.194107654320987876e+03
1.001960784313725428e-01 1.771992745098039222e+03
1.238590604026845732e-01 1.344987248322147479e+03
1.404228855721393054e-01 1.026700358208955322e+03
1.630075187969924899e-01 8.898766616541354324e+02
1.808858858858858887e-01 7.437243603603603788e+02
2.036394557823129059e-01 5.614248435374150858e+02
2.190557939914163088e-01 4.905737660944205913e+02
2.426502732240437277e-01 3.792296156648451984e+02
2.596589259796807103e-01 3.551351814223512520e+02
2.811171662125340753e-01 3.533906825613079263e+02
3.008784530386739986e-01 3.161512055248618935e+02
3.206315289648623001e-01 2.774085536562203629e+02
3.399619047619047429e-01 2.372912666666666439e+02
3.619689737470166979e-01 1.991935298329355533e+02
3.799070887818307152e-01 1.897790956641431137e+02
4.013341804320203487e-01 1.726446359593392685e+02
4.195595854922279933e-01 1.547300650546920053e+02
4.407771883289124948e-01 1.456079501326259731e+02
4.600780487804878027e-01 1.386877804878048721e+02
4.807973648341663520e-01 1.243881617446615309e+02
5.009150981177412643e-01 1.148152735282338881e+02
5.204555984555984116e-01 1.099337718146718146e+02
5.419053527118044000e-01 9.928307032967032342e+01
5.606541598694942952e-01 9.297201618270800338e+01
5.706576338400528581e-01 9.210034315928618298e+01
