2.166666666666666741e-02 3.373330249999999796e+04
4.454545454545454780e-02 1.451579363636363450e+04
6.211111111111110999e-02 7.622394222222222197e+03
8.302469135802469091e-02 5.017469012345679403e+03
1.001960784313725428e-01 3.572444019607843529e+03
1.238590604026845732e-01 3.147946711409395903e+03
1.404228855721393054e-01 2.520091691542288572e+03
1.630075187969924899e-01 2.040919999999999845e+03
1.808858858858858887e-01 1.748190780780780869e+03
2.036394557823129059e-01 1.433667845804988701e+03
2.190557939914163088e-01 1.213311830472102884e+03
2.426502732240437277e-01 9.474462969034608477e+02
2.596589259796807103e-01 9.508908330914368889e+02
2.811171662125340753e-01 9.141097302452315034e+02
3.008784530386739986e-01 8.017460972375690744e+02
3.206315289648623001e-01 7.393497435897436389e+02
3.399619047619047429e-01 6.286946657142857475e+02
3.619689737470166979e-01 5.119552959427207952e+02
3.799070887818307152e-01 4.741518196834136347e+02
4.013341804320203487e-01 4.481894644218551207e+02
4.195595854922279933e-01 4.244854087507196709e+02
4.407771883289124948e-01 3.860895384615384387e+02
4.600780487804878027e-01 3.490108912195122457e+02
4.807973648341663520e-01 3.236202612448886953e+02
5.009150981177412643e-01 3.260058334000801210e+02
5.204555984555984116e-01 2.984085332046331587e+02
5.419053527118044000e-01 2.817101081176887760e+02
5.606541598694942952e-01 2.780202952691680593e+02
5.706576338400528581e-01 2.630656530072703276e+02
