2.166666666666666741e-02 2.319541300000000047e+04
4.454545454545454780e-02 1.167246454545454617e+04
6.211111111111110999e-02 8.693552888888889356e+03
8.302469135802469091e-02 6.173108888888889851e+03
1.001960784313725428e-01 4.299955784313725417e+03
1.238590604026845732e-01 3.485356442953020178e+03
1.404228855721393054e-01 2.709212885572139385e+03
1.630075187969924899e-01 2.387764398496240574e+03
1.808858858858858887e-01 2.081931831831831460e+03
2.036394557823129059e-01 1.515007913832199620e+03
2.190557939914163088e-01 1.304822145922746813e+03
2.426502732240437277e-01 1.109600564663023533e+03
2.596589259796807103e-01 1.054511799709724301e+03
2.811171662125340753e-01 1.015047452316076374e+03
3.008784530386739986e-01 9.515389348066298680e+02
3.206315289648623001e-01 8.773159230769231272e+02
3.399619047619047429e-01 7.472776085714285728e+02
3.619689737470166979e-01 5.985766252983294180e+02
3.799070887818307152e-01 5.596080791465931270e+02
4.013341804320203487e-01 5.503525158831004092e+02
4.195595854922279933e-01 4.983426626367300400e+02
4.407771883289124948e-01 4.548003496021220258e+02
4.600780487804878027e-01 4.181035180487805292e+02
4.807973648341663520e-01 3.425802348932303403e+02
5.009150981177412643e-01 3.523595326391670142e+02
5.204555984555984116e-01 3.606122880308880667e+02
5.419053527118044000e-01 3.090967575327898089e+02
5.606541598694942952e-01 2.994832026101142333e+02
5.706576338400528581e-01 3.065458400528751213e+02
