-2.375000000000000000e+01 3.413799672164057775e+00 9.685184003855543677e-01 1.237447359896339427e-04 1.237447359896339427e-04
-2.325000000000000000e+01 3.244766415503754331e+00 9.254751846739278642e-01 3.399200950221358420e-04 3.399200950221358420e-04
-2.275000000000000000e+01 3.018624861618762534e+00 9.691519216608884824e-01 5.280207321023647638e-04 5.280207321023647638e-04
-2.225000000000000000e+01 2.776363615844114729e+00 9.098513434414197132e-01 7.999136162401468799e-04 7.999136162401468799e-04
-2.175000000000000000e+01 2.458822348192811091e+00 8.391075997747658999e-01 1.429435266169960155e-03 1.429435266169960155e-03
-2.125000000000000000e+01 2.213133093689985120e+00 7.266574805061907227e-01 3.043083900226757534e-03 3.043083900226757534e-03
-2.075000000000000000e+01 2.062547107807637836e+00 7.246473975883930274e-01 5.922470575531800160e-03 5.922470575531800160e-03
-2.025000000000000000e+01 1.952267240666973436e+00 6.640364366974530475e-01 9.300507504589137359e-03 9.300507504589137359e-03
-1.975000000000000000e+01 1.879387924337591498e+00 6.652438556260510394e-01 1.154886081416693633e-02 1.154886081416693633e-02
-1.925000000000000000e+01 1.814658554003425461e+00 6.605044611855326320e-01 1.247942986718496988e-02 1.247942986718496988e-02
-1.875000000000000000e+01 1.756772199696486458e+00 6.423284726037836734e-01 1.354022243818162226e-02 1.354022243818162226e-02
-1.825000000000000000e+01 1.696968704815263740e+00 6.094522213714798076e-01 1.652607709750567033e-02 1.652607709750567033e-02
-1.775000000000000000e+01 1.642929174713449791e+00 5.493678694764548842e-01 2.191966310333657436e-02 2.191966310333657436e-02
