2.166666666666666741e-02 4.742758516666666765e+03
4.454545454545454780e-02 3.921798636363636888e+03
6.211111111111110999e-02 3.046113333333333685e+03
8.302469135802469091e-02 2.133254320987654410e+03
1.001960784313725428e-01 1.734880000000000109e+03
1.238590604026845732e-01 1.274773154362415880e+03
1.404228855721393054e-01 9.688472636815919259e+02
1.630075187969924899e-01 8.718698947368420704e+02
1.808858858858858887e-01 7.484839879879880300e+02
2.036394557823129059e-01 5.645562947845804729e+02
2.190557939914163088e-01 4.823588476394849636e+02
2.426502732240437277e-01 3.598790400728597092e+02
2.596589259796807103e-01 3.351944775036284341e+02
2.811171662125340753e-01 3.355801171662125171e+02
3.008784530386739986e-01 2.986424475138121579e+02
3.206315289648623001e-01 2.653399088319088150e+02
3.399619047619047429e-01 2.283556428571428398e+02
3.619689737470166979e-01 1.873239594272076545e+02
3.799070887818307152e-01 1.811536393668272638e+02
4.013341804320203487e-01 1.656835660736975910e+02
4.195595854922279933e-01 1.468377449625791655e+02
4.407771883289124948e-01 1.379315087533156259e+02
4.600780487804878027e-01 1.338564063414634404e+02
4.807973648341663520e-01 1.200345238527941945e+02
5.009150981177412643e-01 1.081990995594713638e+02
5.204555984555984116e-01 1.025124103474903592e+02
5.419053527118044000e-01 9.265547040056716810e+01
5.606541598694942952e-01 8.767461409461662925e+01
5.706576338400528581e-01 8.682278479841373553e+01
