2.166666666666666741e-02 9.802384000000000015e+03
4.454545454545454780e-02 7.417877727272727498e+03
6.211111111111110999e-02 6.004224222222221215e+03
8.302469135802469091e-02 4.290174444444444816e+03
1.001960784313725428e-01 3.174780980392156835e+03
1.238590604026845732e-01 2.436855906040268565e+03
1.404228855721393054e-01 1.962407711442786194e+03
1.630075187969924899e-01 1.674688345864661642e+03
1.808858858858858887e-01 1.442255465465465477e+03
2.036394557823129059e-01 1.130321541950113442e+03
2.190557939914163088e-01 9.584850407725321020e+02
2.426502732240437277e-01 7.160344936247722671e+02
2.596589259796807103e-01 6.970948911465892479e+02
2.811171662125340753e-01 7.069035544959128856e+02
3.008784530386739986e-01 6.378685668508287563e+02
3.206315289648623001e-01 5.758605536562203042e+02
3.399619047619047429e-01 4.856807838095238594e+02
3.619689737470166979e-01 4.057271026252983006e+02
3.799070887818307152e-01 3.978504294562973200e+02
4.013341804320203487e-01 3.565818157560356099e+02
4.195595854922279933e-01 3.271852089810017787e+02
4.407771883289124948e-01 3.154184122015914795e+02
4.600780487804878027e-01 2.904908819512194782e+02
4.807973648341663520e-01 2.604023175829168508e+02
5.009150981177412643e-01 2.445148221866239169e+02
5.204555984555984116e-01 2.344053262548262637e+02
5.419053527118044000e-01 2.132584572846508308e+02
5.606541598694942952e-01 2.081675334420880858e+02
5.706576338400528581e-01 2.143050588235294072e+02
