2.166666666666666741e-02 4.575991983333333337e+03
4.454545454545454780e-02 4.853189545454545623e+03
6.211111111111110999e-02 4.398849333333333561e+03
8.302469135802469091e-02 3.012073333333333267e+03
1.001960784313725428e-01 2.245265196078431472e+03
1.238590604026845732e-01 1.714482885906039883e+03
1.404228855721393054e-01 1.373598467661691302e+03
1.630075187969924899e-01 1.221702075187969740e+03
1.808858858858858887e-01 1.008392144144144027e+03
2.036394557823129059e-01 7.476067596371882473e+02
2.190557939914163088e-01 6.431692145922746704e+02
2.426502732240437277e-01 4.988484972677595692e+02
2.596589259796807103e-01 4.914307387518142036e+02
2.811171662125340753e-01 4.877967288828338042e+02
3.008784530386739986e-01 4.357887734806630533e+02
3.206315289648623001e-01 3.790730750237416942e+02
3.399619047619047429e-01 3.192106123809523979e+02
3.619689737470166979e-01 2.767308186157517866e+02
3.799070887818307152e-01 2.564133509979353107e+02
4.013341804320203487e-01 2.258165508259212118e+02
4.195595854922279933e-01 2.077226067933218019e+02
4.407771883289124948e-01 1.962662753315649979e+02
4.600780487804878027e-01 1.926048600000000022e+02
4.807973648341663520e-01 1.760437919127669204e+02
5.009150981177412643e-01 1.617289042851421925e+02
5.204555984555984116e-01 1.589438969111969300e+02
5.419053527118044000e-01 1.445820173697270548e+02
5.606541598694942952e-01 1.338386084828711091e+02
5.706576338400528581e-01 1.324382095175148777e+02
