2.166666666666666741e-02 3.956911416666667265e+03
4.454545454545454780e-02 3.947983636363636379e+03
6.211111111111110999e-02 3.280813777777777887e+03
8.302469135802469091e-02 2.288875185185185273e+03
1.001960784313725428e-01 1.870776470588235497e+03
1.238590604026845732e-01 1.444260067114093999e+03
1.404228855721393054e-01 1.122822805970149147e+03
1.630075187969924899e-01 9.424169323308269668e+02
1.808858858858858887e-01 7.869593153153152798e+02
2.036394557823129059e-01 6.007429795918367290e+02
2.190557939914163088e-01 5.281487038626609092e+02
2.426502732240437277e-01 4.050454899817850674e+02
2.596589259796807103e-01 3.763176923076923117e+02
2.811171662125340753e-01 3.791262057220708357e+02
3.008784530386739986e-01 3.331380430939226471e+02
3.206315289648623001e-01 2.917635603038935983e+02
3.399619047619047429e-01 2.562525933333333228e+02
3.619689737470166979e-01 2.169942959427207825e+02
3.799070887818307152e-01 1.993755595320027680e+02
4.013341804320203487e-01 1.786483716645489324e+02
4.195595854922279933e-01 1.636792659758203854e+02
4.407771883289124948e-01 1.545124880636604985e+02
4.600780487804878027e-01 1.489907653658536617e+02
4.807973648341663520e-01 1.350501249432076065e+02
5.009150981177412643e-01 1.214359383259911880e+02
5.204555984555984116e-01 1.165675517374517227e+02
5.419053527118044000e-01 1.055346608294930633e+02
5.606541598694942952e-01 9.767465977161501200e+01
5.706576338400528581e-01 9.806123397224058635e+01
