2.166666666666666741e-02 1.933604616666666698e+05
4.454545454545454780e-02 6.643628181818181474e+04
6.211111111111110999e-02 1.507148444444444613e+04
8.302469135802469091e-02 1.385086666666666679e+04
1.001960784313725428e-01 1.057507392156862807e+04
1.238590604026845732e-01 6.852248187919462907e+03
1.404228855721393054e-01 6.068590746268656403e+03
1.630075187969924899e-01 4.568477969924811987e+03
1.808858858858858887e-01 3.824298858858858694e+03
2.036394557823129059e-01 3.340908072562358029e+03
2.190557939914163088e-01 2.664825665236051009e+03
2.426502732240437277e-01 2.359956684881602996e+03
2.596589259796807103e-01 2.551061814223512101e+03
2.811171662125340753e-01 2.407568773841961956e+03
3.008784530386739986e-01 2.414689513812154928e+03
3.206315289648623001e-01 2.243183171889838377e+03
3.399619047619047429e-01 1.776993495238095420e+03
3.619689737470166979e-01 1.531949474940334085e+03
3.799070887818307152e-01 1.515167969717824917e+03
4.013341804320203487e-01 1.225650952986022958e+03
4.195595854922279933e-01 1.114701888313183645e+03
4.407771883289124948e-01 1.188698360742705745e+03
4.600780487804878027e-01 9.554358663414634520e+02
4.807973648341663520e-01 7.329901844616083508e+02
5.009150981177412643e-01 8.482697492991588888e+02
5.204555984555984116e-01 8.630524664092664580e+02
5.419053527118044000e-01 7.640249953917051471e+02
5.606541598694942952e-01 7.581766417618269998e+02
5.706576338400528581e-01 7.601016384666227168e+02
