2.166666666666666741e-02 6.026178783333332831e+03
4.454545454545454780e-02 5.105855454545454450e+03
6.211111111111110999e-02 4.447359777777777708e+03
8.302469135802469091e-02 3.106887283950617075e+03
1.001960784313725428e-01 2.338407745098038959e+03
1.238590604026845732e-01 1.779108456375839069e+03
1.404228855721393054e-01 1.450953034825870645e+03
1.630075187969924899e-01 1.274332781954887196e+03
1.808858858858858887e-01 1.066565945945945941e+03
2.036394557823129059e-01 8.026408911564626578e+02
2.190557939914163088e-01 6.954401115879828694e+02
2.426502732240437277e-01 5.448813825136612650e+02
2.596589259796807103e-01 5.091084658925979625e+02
2.811171662125340753e-01 5.113247452316076647e+02
3.008784530386739986e-01 4.646769613259668859e+02
3.206315289648623001e-01 4.089441576448243154e+02
3.399619047619047429e-01 3.378798295238095193e+02
3.619689737470166979e-01 2.940046897374701302e+02
3.799070887818307152e-01 2.827991507226427643e+02
4.013341804320203487e-01 2.519969339263024040e+02
4.195595854922279933e-01 2.373399447322970559e+02
4.407771883289124948e-01 2.187603342175066246e+02
4.600780487804878027e-01 1.941097731707316996e+02
4.807973648341663520e-01 1.786829354838709776e+02
5.009150981177412643e-01 1.721530957148578409e+02
5.204555984555984116e-01 1.656698420849420756e+02
5.419053527118044000e-01 1.474994097837646052e+02
5.606541598694942952e-01 1.356741419249592013e+02
5.706576338400528581e-01 1.354675300727032550e+02
