-2.175000000000000000e+01 3.686929228493128985e+00 3.534830220786361887e-01
-2.125000000000000000e+01 2.420289785115947723e+00 2.122768367022951352e-01
-2.075000000000000000e+01 2.320403898342754623e+00 1.226545843367802119e-01
-2.025000000000000000e+01 2.069630322877188178e+00 7.454182604608335094e-02
-1.975000000000000000e+01 2.046595380539746767e+00 4.353383239249161013e-02
-1.925000000000000000e+01 1.910776665851396716e+00 2.455845588969854040e-02
-1.875000000000000000e+01 1.862540715313937056e+00 1.546240806025160966e-02
-1.825000000000000000e+01 1.811050274802765037e+00 1.197813110715007998e-02
-1.775000000000000000e+01 1.795606910757153285e+00 1.045869331785890567e-02
-1.725000000000000000e+01 1.752180557439472652e+00 9.130674236306032115e-03
