2.166666666666666741e-02 1.028075974999999926e+04
4.454545454545454780e-02 7.027109090909090810e+03
6.211111111111110999e-02 5.420127111111110935e+03
8.302469135802469091e-02 3.801541234567901483e+03
1.001960784313725428e-01 2.867882843137254895e+03
1.238590604026845732e-01 2.164954161073825617e+03
1.404228855721393054e-01 1.732502288557213660e+03
1.630075187969924899e-01 1.530974248120300899e+03
1.808858858858858887e-01 1.344419069069069110e+03
2.036394557823129059e-01 1.053269995464852855e+03
2.190557939914163088e-01 8.627640686695278873e+02
2.426502732240437277e-01 6.597262440801456478e+02
2.596589259796807103e-01 6.182308069666182746e+02
2.811171662125340753e-01 5.874330476839237463e+02
3.008784530386739986e-01 5.555177491712707933e+02
3.206315289648623001e-01 5.176439734093066818e+02
3.399619047619047429e-01 4.337864247619047546e+02
3.619689737470166979e-01 3.654500381861574851e+02
3.799070887818307152e-01 3.377119910529938238e+02
4.013341804320203487e-01 3.043097274459974528e+02
4.195595854922279933e-01 2.860968658606793156e+02
4.407771883289124948e-01 2.752787034482757917e+02
4.600780487804878027e-01 2.566966078048781128e+02
4.807973648341663520e-01 2.300182653339391265e+02
5.009150981177412643e-01 2.166825818982779026e+02
5.204555984555984116e-01 2.032855131274131395e+02
5.419053527118044000e-01 1.857674384969868981e+02
5.606541598694942952e-01 1.753675526916802596e+02
5.706576338400528581e-01 1.741429246530072703e+02
