2.166666666666666741e-02 7.588113449999999830e+03
4.454545454545454780e-02 6.083575909090908681e+03
6.211111111111110999e-02 5.128814444444444234e+03
8.302469135802469091e-02 3.637250246913580668e+03
1.001960784313725428e-01 2.684001274509803807e+03
1.238590604026845732e-01 2.095427785234899147e+03
1.404228855721393054e-01 1.694053980099502724e+03
1.630075187969924899e-01 1.460972593984962487e+03
1.808858858858858887e-01 1.300549489489489360e+03
2.036394557823129059e-01 9.956007528344672437e+02
2.190557939914163088e-01 8.147391759656652539e+02
2.426502732240437277e-01 6.410948488160290708e+02
2.596589259796807103e-01 5.989284978229318313e+02
2.811171662125340753e-01 5.764990381471390037e+02
3.008784530386739986e-01 5.339164276243094491e+02
3.206315289648623001e-01 4.902684843304842843e+02
3.399619047619047429e-01 4.175678628571428703e+02
3.619689737470166979e-01 3.575905250596658789e+02
3.799070887818307152e-01 3.389136035788025083e+02
4.013341804320203487e-01 3.066632153748411724e+02
4.195595854922279933e-01 2.810225647668393663e+02
4.407771883289124948e-01 2.639026217506631156e+02
4.600780487804878027e-01 2.502345146341463078e+02
4.807973648341663520e-01 2.233028373466606240e+02
5.009150981177412643e-01 2.074413291950340579e+02
5.204555984555984116e-01 1.988493949806949672e+02
5.419053527118044000e-01 1.814101091811414506e+02
5.606541598694942952e-01 1.711590358890701395e+02
5.706576338400528581e-01 1.714654996695307432e+02
