2.166666666666666741e-02 5.386546266666666270e+03
4.454545454545454780e-02 4.694653636363636906e+03
6.211111111111110999e-02 3.795296222222221786e+03
8.302469135802469091e-02 2.704363209876542896e+03
1.001960784313725428e-01 2.176746862745098042e+03
1.238590604026845732e-01 1.612223355704697951e+03
1.404228855721393054e-01 1.296300228855721571e+03
1.630075187969924899e-01 1.136495112781954958e+03
1.808858858858858887e-01 9.483546846846846847e+02
2.036394557823129059e-01 7.321867233560089971e+02
2.190557939914163088e-01 6.294469742489270629e+02
2.426502732240437277e-01 4.897683806921676251e+02
2.596589259796807103e-01 4.490811523947750175e+02
2.811171662125340753e-01 4.448319809264305036e+02
3.008784530386739986e-01 4.081930209944751482e+02
3.206315289648623001e-01 3.588385622032289461e+02
3.399619047619047429e-01 3.032598238095237662e+02
3.619689737470166979e-01 2.554989761336515528e+02
3.799070887818307152e-01 2.440217040605643319e+02
4.013341804320203487e-01 2.277209383735705046e+02
4.195595854922279933e-01 2.056960074841681205e+02
4.407771883289124948e-01 1.898436143236074258e+02
4.600780487804878027e-01 1.826387634146341554e+02
4.807973648341663520e-01 1.681490885960926676e+02
5.009150981177412643e-01 1.587749026832198638e+02
5.204555984555984116e-01 1.481736216216216064e+02
5.419053527118044000e-01 1.329062417582417481e+02
5.606541598694942952e-01 1.256794456769983697e+02
5.706576338400528581e-01 1.240900389953734191e+02
