2.166666666666666741e-02 5.891333999999998923e+03
4.454545454545454780e-02 6.192873636363636251e+03
6.211111111111110999e-02 5.923771111111111168e+03
8.302469135802469091e-02 4.378119135802469827e+03
1.001960784313725428e-01 3.281599803921568764e+03
1.238590604026845732e-01 2.476780469798658032e+03
1.404228855721393054e-01 1.968349253731342969e+03
1.630075187969924899e-01 1.682828308270676644e+03
1.808858858858858887e-01 1.491696606606606565e+03
2.036394557823129059e-01 1.135389990929704936e+03
2.190557939914163088e-01 9.259125343347639046e+02
2.426502732240437277e-01 7.078456448087432591e+02
2.596589259796807103e-01 6.872520653120465113e+02
2.811171662125340753e-01 6.851690136239782305e+02
3.008784530386739986e-01 6.138077690607735803e+02
3.206315289648623001e-01 5.657195460588794731e+02
3.399619047619047429e-01 4.782787961904761573e+02
3.619689737470166979e-01 4.061068305489259842e+02
3.799070887818307152e-01 3.924932787336545630e+02
4.013341804320203487e-01 3.517927191867852343e+02
4.195595854922279933e-01 3.280553517559009720e+02
4.407771883289124948e-01 3.124546153846153516e+02
4.600780487804878027e-01 2.870971751219512385e+02
4.807973648341663520e-01 2.492434834166288056e+02
5.009150981177412643e-01 2.359363428113736347e+02
5.204555984555984116e-01 2.336693513513513949e+02
5.419053527118044000e-01 2.107328904643743499e+02
5.606541598694942952e-01 1.973082636215334276e+02
5.706576338400528581e-01 2.002773641771315170e+02
