2.166666666666666741e-02 4.463632316666667066e+03
4.454545454545454780e-02 4.094303181818181656e+03
6.211111111111110999e-02 3.371313333333333503e+03
8.302469135802469091e-02 2.374099506172839483e+03
1.001960784313725428e-01 1.931205294117647099e+03
1.238590604026845732e-01 1.492938255033556970e+03
1.404228855721393054e-01 1.148069930348258595e+03
1.630075187969924899e-01 9.503326240601503514e+02
1.808858858858858887e-01 8.004394894894895742e+02
2.036394557823129059e-01 6.165716122448980059e+02
2.190557939914163088e-01 5.324478369098711710e+02
2.426502732240437277e-01 4.024414553734061997e+02
2.596589259796807103e-01 3.813113367198839114e+02
2.811171662125340753e-01 3.846232302452315821e+02
3.008784530386739986e-01 3.353232486187845893e+02
3.206315289648623001e-01 2.944266543209876659e+02
3.399619047619047429e-01 2.566317047619047571e+02
3.619689737470166979e-01 2.166371861575178741e+02
3.799070887818307152e-01 1.995940832759807506e+02
4.013341804320203487e-01 1.792283691232528327e+02
4.195595854922279933e-01 1.644765768566494160e+02
4.407771883289124948e-01 1.553693342175066334e+02
4.600780487804878027e-01 1.507530858536585470e+02
4.807973648341663520e-01 1.356204520672421552e+02
5.009150981177412643e-01 1.227845810973167744e+02
5.204555984555984116e-01 1.178155610038610064e+02
5.419053527118044000e-01 1.073849670329670261e+02
5.606541598694942952e-01 1.009856959869494375e+02
5.706576338400528581e-01 1.007218573694646295e+02
