2.166666666666666741e-02 1.671876916666666875e+04
4.454545454545454780e-02 9.060150454545453613e+03
6.211111111111110999e-02 6.221087777777777774e+03
8.302469135802469091e-02 4.393290987654320816e+03
1.001960784313725428e-01 3.094524705882352919e+03
1.238590604026845732e-01 2.469502751677852302e+03
1.404228855721393054e-01 2.023399900497512363e+03
1.630075187969924899e-01 1.748090563909774346e+03
1.808858858858858887e-01 1.517671081081081184e+03
2.036394557823129059e-01 1.226062675736961410e+03
2.190557939914163088e-01 1.070963281115879909e+03
2.426502732240437277e-01 8.052978306010929828e+02
2.596589259796807103e-01 7.659388693759070748e+02
2.811171662125340753e-01 7.478348065395093727e+02
3.008784530386739986e-01 6.725709160220994818e+02
3.206315289648623001e-01 6.206921234567901138e+02
3.399619047619047429e-01 5.410717580952381240e+02
3.619689737470166979e-01 4.487129451073985820e+02
3.799070887818307152e-01 4.213192023399862478e+02
4.013341804320203487e-01 3.898206486658194763e+02
4.195595854922279933e-01 3.632328267127231243e+02
4.407771883289124948e-01 3.282582403183023985e+02
4.600780487804878027e-01 3.114911107317072947e+02
4.807973648341663520e-01 2.922732330758746002e+02
5.009150981177412643e-01 2.764216195434521524e+02
5.204555984555984116e-01 2.620053525096525391e+02
5.419053527118044000e-01 2.389857040056717494e+02
5.606541598694942952e-01 2.326120652528548192e+02
5.706576338400528581e-01 2.292200264375413212e+02
