2.166666666666666741e-02 4.350066499999999651e+05
4.454545454545454780e-02 1.369600818181818177e+05
6.211111111111110999e-02 1.856043111111111284e+04
8.302469135802469091e-02 1.211613395061728443e+04
1.001960784313725428e-01 8.073164215686274474e+03
1.238590604026845732e-01 9.418635570469798040e+03
1.404228855721393054e-01 1.001562577114427950e+04
1.630075187969924899e-01 6.625098233082707338e+03
1.808858858858858887e-01 4.852993483483483942e+03
2.036394557823129059e-01 4.068626145124716913e+03
2.190557939914163088e-01 2.839641373390558329e+03
2.426502732240437277e-01 1.874196193078324086e+03
2.596589259796807103e-01 2.273545471698113488e+03
2.811171662125340753e-01 2.647548201634877387e+03
3.008784530386739986e-01 2.636536519337016216e+03
3.206315289648623001e-01 2.754098651471984795e+03
3.399619047619047429e-01 2.544642476190476373e+03
3.619689737470166979e-01 2.598966396181383971e+03
3.799070887818307152e-01 2.600461445285615810e+03
4.013341804320203487e-01 2.088735813214739665e+03
4.195595854922279933e-01 1.557306303972366322e+03
4.407771883289124948e-01 1.262286413262599353e+03
4.600780487804878027e-01 1.270158060487804732e+03
4.807973648341663520e-01 1.320717807814629623e+03
5.009150981177412643e-01 1.259506479775730895e+03
5.204555984555984116e-01 1.045069598455598452e+03
5.419053527118044000e-01 9.708467238567883442e+02
5.606541598694942952e-01 6.420759605220229105e+02
5.706576338400528581e-01 3.399616067415730640e+02
