2.166666666666666741e-02 4.592667433333333065e+03
4.454545454545454780e-02 4.679116363636363531e+03
6.211111111111110999e-02 3.965415555555555784e+03
8.302469135802469091e-02 2.725727654320987767e+03
1.001960784313725428e-01 2.133783235294117731e+03
1.238590604026845732e-01 1.582798859060402719e+03
1.404228855721393054e-01 1.266906179104477587e+03
1.630075187969924899e-01 1.098283729323308080e+03
1.808858858858858887e-01 8.973027207207206857e+02
2.036394557823129059e-01 6.813393401360544885e+02
2.190557939914163088e-01 6.025022231759656961e+02
2.426502732240437277e-01 4.708704608378870944e+02
2.596589259796807103e-01 4.378363134978229141e+02
2.811171662125340753e-01 4.248777125340599810e+02
3.008784530386739986e-01 3.847790243093922413e+02
3.206315289648623001e-01 3.383355811965812450e+02
3.399619047619047429e-01 2.849495428571428874e+02
3.619689737470166979e-01 2.411228806682577783e+02
3.799070887818307152e-01 2.253129401238816172e+02
4.013341804320203487e-01 2.075686073697585812e+02
4.195595854922279933e-01 1.889365215889464764e+02
4.407771883289124948e-01 1.777446015915119233e+02
4.600780487804878027e-01 1.726735419512195051e+02
4.807973648341663520e-01 1.532363830077237594e+02
5.009150981177412643e-01 1.407833812575090064e+02
5.204555984555984116e-01 1.391133027027026969e+02
5.419053527118044000e-01 1.272213934774902384e+02
5.606541598694942952e-01 1.176615611745513803e+02
5.706576338400528581e-01 1.156070039656311934e+02
