2.166666666666666741e-02 -1.645156666666666570e+04
4.454545454545454780e-02 7.166126363636361930e+03
6.211111111111110999e-02 3.023367288888889016e+04
8.302469135802469091e-02 2.453959629629629490e+04
1.001960784313725428e-01 1.289964901960784300e+04
1.238590604026845732e-01 5.249852751677852211e+03
1.404228855721393054e-01 3.352182338308457929e+03
1.630075187969924899e-01 8.672040977443609790e+02
1.808858858858858887e-01 2.112657947147146842e+03
2.036394557823129059e-01 2.794511239002267757e+03
2.190557939914163088e-01 -2.578969957081395314e+00
2.426502732240437277e-01 -3.344862513661201433e+02
2.596589259796807103e-01 -8.034040928882438948e+01
2.811171662125340753e-01 -2.408186239782015434e+02
3.008784530386739986e-01 3.071995359116022541e+02
3.206315289648623001e-01 1.287515982905983037e+03
3.399619047619047429e-01 1.827965657142856799e+03
3.619689737470166979e-01 1.251894332219570288e+03
3.799070887818307152e-01 2.131608118100481988e+03
4.013341804320203487e-01 2.434704212198220830e+03
4.195595854922279933e-01 1.599645860679332145e+03
4.407771883289124948e-01 1.700998074270557026e+03
4.600780487804878027e-01 1.523454873170731616e+03
4.807973648341663520e-01 1.115446567923671182e+03
5.009150981177412643e-01 1.603772641569883945e+03
5.204555984555984116e-01 1.453990366409266471e+03
5.419053527118044000e-01 1.346294200283587543e+03
5.606541598694942952e-01 1.363510665579118950e+03
5.706576338400528581e-01 9.753115862524786053e+02
