2.166666666666666741e-02 9.825651499999999942e+03
4.454545454545454780e-02 7.442766818181816234e+03
6.211111111111110999e-02 6.148700222222222692e+03
8.302469135802469091e-02 4.106730123456790352e+03
1.001960784313725428e-01 3.039455686274509844e+03
1.238590604026845732e-01 2.556373557046979840e+03
1.404228855721393054e-01 2.062869701492537388e+03
1.630075187969924899e-01 1.716158082706766891e+03
1.808858858858858887e-01 1.488531171171171309e+03
2.036394557823129059e-01 1.156773328798185958e+03
2.190557939914163088e-01 9.611408648068668299e+02
2.426502732240437277e-01 7.437667340619307197e+02
2.596589259796807103e-01 7.165963599419447974e+02
2.811171662125340753e-01 7.295331539509536469e+02
3.008784530386739986e-01 6.676991767955801151e+02
3.206315289648623001e-01 5.926040151946818924e+02
3.399619047619047429e-01 5.025188095238095229e+02
3.619689737470166979e-01 4.361063150357995255e+02
3.799070887818307152e-01 4.083289573296628419e+02
4.013341804320203487e-01 3.645505266836087230e+02
4.195595854922279933e-01 3.334119435808865433e+02
4.407771883289124948e-01 3.079810970822281320e+02
4.600780487804878027e-01 2.987030126829267829e+02
4.807973648341663520e-01 2.718285651976373742e+02
5.009150981177412643e-01 2.475019359231077374e+02
5.204555984555984116e-01 2.460096324324324542e+02
5.419053527118044000e-01 2.274396320453739975e+02
5.606541598694942952e-01 2.067535758564437174e+02
5.706576338400528581e-01 2.044236417713152605e+02
