2.166666666666666741e-02 1.231481683333333240e+04
4.454545454545454780e-02 7.910296363636364731e+03
6.211111111111110999e-02 5.864316888888889480e+03
8.302469135802469091e-02 4.238721481481481533e+03
1.001960784313725428e-01 3.214174215686274692e+03
1.238590604026845732e-01 2.495064496644295104e+03
1.404228855721393054e-01 1.962590696517412880e+03
1.630075187969924899e-01 1.680706052631579269e+03
1.808858858858858887e-01 1.467213213213213294e+03
2.036394557823129059e-01 1.150513659863945577e+03
2.190557939914163088e-01 9.824191931330473153e+02
2.426502732240437277e-01 7.237912568306011281e+02
2.596589259796807103e-01 6.996905631349782198e+02
2.811171662125340753e-01 7.093520245231607078e+02
3.008784530386739986e-01 6.427744353591160689e+02
3.206315289648623001e-01 5.738191756885089490e+02
3.399619047619047429e-01 4.851524190476191052e+02
3.619689737470166979e-01 4.179541861575178814e+02
3.799070887818307152e-01 3.997575492085341011e+02
4.013341804320203487e-01 3.587806810673443465e+02
4.195595854922279933e-01 3.340345613126079911e+02
4.407771883289124948e-01 3.187647511936339697e+02
4.600780487804878027e-01 2.972916312195122259e+02
4.807973648341663520e-01 2.689994493412085035e+02
5.009150981177412643e-01 2.461128418101721707e+02
5.204555984555984116e-01 2.311782911196911243e+02
5.419053527118044000e-01 2.151338660049627549e+02
5.606541598694942952e-01 2.109669200652528502e+02
5.706576338400528581e-01 2.131004031725049686e+02
