2.166666666666666741e-02 1.524323950000000150e+04
4.454545454545454780e-02 8.675988181818182056e+03
6.211111111111110999e-02 6.199268000000000029e+03
8.302469135802469091e-02 4.493194197530863676e+03
1.001960784313725428e-01 3.260208235294117458e+03
1.238590604026845732e-01 2.557893355704698479e+03
1.404228855721393054e-01 2.063743731343283798e+03
1.630075187969924899e-01 1.740427481203007801e+03
1.808858858858858887e-01 1.518120060060060041e+03
2.036394557823129059e-01 1.232788911564626005e+03
2.190557939914163088e-01 1.066942901287553696e+03
2.426502732240437277e-01 7.950946921675773638e+02
2.596589259796807103e-01 7.483307532656023113e+02
2.811171662125340753e-01 7.434507384196184603e+02
3.008784530386739986e-01 6.828165182320442455e+02
3.206315289648623001e-01 6.270861206077871657e+02
3.399619047619047429e-01 5.369932495238094816e+02
3.619689737470166979e-01 4.455211861575179455e+02
3.799070887818307152e-01 4.230455994494150218e+02
4.013341804320203487e-01 3.878073252858957858e+02
4.195595854922279933e-01 3.557830523891767598e+02
4.407771883289124948e-01 3.259254965517241658e+02
4.600780487804878027e-01 3.162295546341463819e+02
4.807973648341663520e-01 2.936228505224898413e+02
5.009150981177412643e-01 2.704351113336003323e+02
5.204555984555984116e-01 2.596270351351350882e+02
5.419053527118044000e-01 2.387198369372563036e+02
5.606541598694942952e-01 2.281102117455138796e+02
5.706576338400528581e-01 2.247196292134831594e+02
