-2.375000000000000000e+01 3.407600308303178060e+00 9.665320738838947268e-01 1.956592160673793388e-04 1.956592160673793388e-04
-2.325000000000000000e+01 3.178543938584873718e+00 9.327022929567005960e-01 4.085951841053882022e-04 4.085951841053882022e-04
-2.275000000000000000e+01 2.955853999177234126e+00 9.528908476230522062e-01 5.982075369830472346e-04 5.982075369830472346e-04
-2.225000000000000000e+01 2.686848684820693833e+00 8.652854108613470263e-01 9.221466364323507121e-04 9.221466364323507121e-04
-2.175000000000000000e+01 2.378117981721630692e+00 8.047143248787412828e-01 1.790087463556851210e-03 1.790087463556851210e-03
-2.125000000000000000e+01 2.189134378242439283e+00 7.790712621796714865e-01 3.670445956160241739e-03 3.670445956160241739e-03
-2.075000000000000000e+01 2.042399544008215884e+00 6.934887140979302256e-01 6.467768059604794666e-03 6.467768059604794666e-03
-2.025000000000000000e+01 1.941122486482818932e+00 6.732711420173658201e-01 9.185185185185185119e-03 9.185185185185185119e-03
-1.975000000000000000e+01 1.872776419234555956e+00 6.848313027273780218e-01 1.087765900010797919e-02 1.087765900010797919e-02
-1.925000000000000000e+01 1.808974833829480655e+00 6.521851808951086849e-01 1.162120721304394852e-02 1.162120721304394852e-02
-1.875000000000000000e+01 1.754501852940038686e+00 6.388696496305777961e-01 1.277075909728970886e-02 1.277075909728970886e-02
-1.825000000000000000e+01 1.696991167016266511e+00 6.042184754833241911e-01 1.571212612028938596e-02 1.571212612028938596e-02
-1.775000000000000000e+01 1.647921681749997314e+00 5.629067787270347623e-01 2.092473814922794426e-02 2.092473814922794426e-02
-1.725000000000000000e+01 1.609371395438758290e+00 5.195093244285261536e-01 2.644811575423820435e-02 2.644811575423820435e-02
