2.166666666666666741e-02 1.664225383333333230e+04
4.454545454545454780e-02 9.439338636363636397e+03
6.211111111111110999e-02 6.736040222222221928e+03
8.302469135802469091e-02 4.721070370370370256e+03
1.001960784313725428e-01 3.291949313725490811e+03
1.238590604026845732e-01 2.592999530201341713e+03
1.404228855721393054e-01 2.165835671641791123e+03
1.630075187969924899e-01 1.820823496240601571e+03
1.808858858858858887e-01 1.539252492492492593e+03
2.036394557823129059e-01 1.191659251700680215e+03
2.190557939914163088e-01 1.020149072961373349e+03
2.426502732240437277e-01 8.259255045537340720e+02
2.596589259796807103e-01 7.801923207547168886e+02
2.811171662125340753e-01 7.626488119891008637e+02
3.008784530386739986e-01 6.975531834254144314e+02
3.206315289648623001e-01 6.417816372269705880e+02
3.399619047619047429e-01 5.420056019047618747e+02
3.619689737470166979e-01 4.404097231503579906e+02
3.799070887818307152e-01 4.175375313145217433e+02
4.013341804320203487e-01 3.846131346886912183e+02
4.195595854922279933e-01 3.616565970063327313e+02
4.407771883289124948e-01 3.454942323607427284e+02
4.600780487804878027e-01 3.298761595121951586e+02
4.807973648341663520e-01 2.884429218537028987e+02
5.009150981177412643e-01 2.812277561073287870e+02
5.204555984555984116e-01 2.865067007722007588e+02
5.419053527118044000e-01 2.589380531726338290e+02
5.606541598694942952e-01 2.401879370309951014e+02
5.706576338400528581e-01 2.343565280898876608e+02
