2.166666666666666741e-02 7.257852666666665755e+04
4.454545454545454780e-02 3.494662727272726625e+04
6.211111111111110999e-02 1.992274222222222306e+04
8.302469135802469091e-02 1.614309135802469063e+04
1.001960784313725428e-01 1.162569509803921392e+04
1.238590604026845732e-01 7.773182953020133937e+03
1.404228855721393054e-01 6.206791243781094636e+03
1.630075187969924899e-01 4.836117067669172684e+03
1.808858858858858887e-01 3.981387327327327057e+03
2.036394557823129059e-01 3.523520657596372075e+03
2.190557939914163088e-01 3.079723798283261658e+03
2.426502732240437277e-01 2.239950309653916065e+03
2.596589259796807103e-01 2.414288606676342624e+03
2.811171662125340753e-01 2.127125027247956496e+03
3.008784530386739986e-01 1.846342143646408886e+03
3.206315289648623001e-01 1.778132924976258437e+03
3.399619047619047429e-01 1.689020704761904653e+03
3.619689737470166979e-01 1.765565799522672933e+03
3.799070887818307152e-01 1.507353752924982700e+03
4.013341804320203487e-01 1.179598841804320273e+03
4.195595854922279933e-01 1.199496519286125476e+03
4.407771883289124948e-01 1.138267210079575761e+03
4.600780487804878027e-01 1.116080341951219680e+03
4.807973648341663520e-01 9.781303198546114572e+02
5.009150981177412643e-01 9.423983115738885772e+02
5.204555984555984116e-01 1.081012768339768400e+03
5.419053527118044000e-01 1.055359634881247985e+03
5.606541598694942952e-01 9.346424926590539144e+02
5.706576338400528581e-01 8.241190879048249371e+02
