2.166666666666666741e-02 1.345712116666666589e+04
4.454545454545454780e-02 7.243113636363636033e+03
6.211111111111110999e-02 4.974353777777777395e+03
8.302469135802469091e-02 3.737175802469135760e+03
1.001960784313725428e-01 2.855686078431372152e+03
1.238590604026845732e-01 2.226257852348993310e+03
1.404228855721393054e-01 1.766671840796019978e+03
1.630075187969924899e-01 1.531627105263158001e+03
1.808858858858858887e-01 1.386397507507507726e+03
2.036394557823129059e-01 1.100751188208616668e+03
2.190557939914163088e-01 9.051985686695278446e+02
2.426502732240437277e-01 6.739640783242258522e+02
2.596589259796807103e-01 6.487804862119013478e+02
2.811171662125340753e-01 6.056618910081743934e+02
3.008784530386739986e-01 5.304766640883977971e+02
3.206315289648623001e-01 4.927750123456789879e+02
3.399619047619047429e-01 4.420013552380952433e+02
3.619689737470166979e-01 3.796597923627684281e+02
3.799070887818307152e-01 3.347060302821747655e+02
4.013341804320203487e-01 3.004882058449809392e+02
4.195595854922279933e-01 2.778386885434657643e+02
4.407771883289124948e-01 2.689440843501326412e+02
4.600780487804878027e-01 2.648285131707317532e+02
4.807973648341663520e-01 2.325936069968196307e+02
5.009150981177412643e-01 2.117088017621145468e+02
5.204555984555984116e-01 2.043338945945945966e+02
5.419053527118044000e-01 1.908130723147820049e+02
5.606541598694942952e-01 1.811440274061990294e+02
5.706576338400528581e-01 1.778255254461335255e+02
