2.166666666666666741e-02 2.425745500000000175e+04
4.454545454545454780e-02 1.203496954545454537e+04
6.211111111111110999e-02 7.309791333333332659e+03
8.302469135802469091e-02 5.124885432098765705e+03
1.001960784313725428e-01 3.829534019607842765e+03
1.238590604026845732e-01 3.033601543624160968e+03
1.404228855721393054e-01 2.470187313432835708e+03
1.630075187969924899e-01 2.064691616541353142e+03
1.808858858858858887e-01 1.780856696696696872e+03
2.036394557823129059e-01 1.381259183673469124e+03
2.190557939914163088e-01 1.190810472103004486e+03
2.426502732240437277e-01 9.142355992714024069e+02
2.596589259796807103e-01 8.290917358490565903e+02
2.811171662125340753e-01 8.177655708446866356e+02
3.008784530386739986e-01 7.623071812154695408e+02
3.206315289648623001e-01 7.028571984805317925e+02
3.399619047619047429e-01 6.220206504761904398e+02
3.619689737470166979e-01 5.425486181384247857e+02
3.799070887818307152e-01 4.778553413626978568e+02
4.013341804320203487e-01 4.354167820838627563e+02
4.195595854922279933e-01 4.173872884283246663e+02
4.407771883289124948e-01 3.735814843501325981e+02
4.600780487804878027e-01 3.558828409756097813e+02
4.807973648341663520e-01 3.441182089959109476e+02
5.009150981177412643e-01 3.263380352422907436e+02
5.204555984555984116e-01 2.978793540540540334e+02
5.419053527118044000e-01 2.736024179369018157e+02
5.606541598694942952e-01 2.692830345840130803e+02
5.706576338400528581e-01 2.633928334434897920e+02
