2.166666666666666741e-02 5.921710933333332832e+03
4.454545454545454780e-02 5.088248636363635342e+03
6.211111111111110999e-02 4.421359111111110906e+03
8.302469135802469091e-02 3.103047037037037171e+03
1.001960784313725428e-01 2.326965000000000146e+03
1.238590604026845732e-01 1.780768456375838923e+03
1.404228855721393054e-01 1.428276616915423119e+03
1.630075187969924899e-01 1.260093609022556393e+03
1.808858858858858887e-01 1.080615015015015160e+03
2.036394557823129059e-01 8.196473537414966586e+02
2.190557939914163088e-01 7.018396781115881140e+02
2.426502732240437277e-01 5.374236848816028669e+02
2.596589259796807103e-01 4.984217808417996594e+02
2.811171662125340753e-01 5.036535967302452264e+02
3.008784530386739986e-01 4.608156386740330959e+02
3.206315289648623001e-01 4.037776096866096509e+02
3.399619047619047429e-01 3.347917485714285704e+02
3.619689737470166979e-01 2.873489140811455513e+02
3.799070887818307152e-01 2.765702704748795782e+02
4.013341804320203487e-01 2.500040603557814620e+02
4.195595854922279933e-01 2.335726470926885270e+02
4.407771883289124948e-01 2.153234137931034411e+02
4.600780487804878027e-01 1.950445619512194924e+02
4.807973648341663520e-01 1.762128000908678018e+02
5.009150981177412643e-01 1.684775350420504481e+02
5.204555984555984116e-01 1.637897567567567592e+02
5.419053527118044000e-01 1.434354374335342186e+02
5.606541598694942952e-01 1.333653474714518552e+02
5.706576338400528581e-01 1.361337937871777797e+02
