2.166666666666666741e-02 5.822085516666666990e+03
4.454545454545454780e-02 5.307230909090908426e+03
6.211111111111110999e-02 4.577540444444443892e+03
8.302469135802469091e-02 3.115918148148148248e+03
1.001960784313725428e-01 2.310875882352941062e+03
1.238590604026845732e-01 1.771559798657718375e+03
1.404228855721393054e-01 1.427309084577114618e+03
1.630075187969924899e-01 1.239258421052631547e+03
1.808858858858858887e-01 1.058875597597597562e+03
2.036394557823129059e-01 8.243899977324263091e+02
2.190557939914163088e-01 7.060494699570815555e+02
2.426502732240437277e-01 5.425184918032787209e+02
2.596589259796807103e-01 5.099670769230768883e+02
2.811171662125340753e-01 5.247239414168938083e+02
3.008784530386739986e-01 4.746908209944751320e+02
3.206315289648623001e-01 4.065235631528964859e+02
3.399619047619047429e-01 3.420807447619047821e+02
3.619689737470166979e-01 2.867552410501193094e+02
3.799070887818307152e-01 2.724967969717824872e+02
4.013341804320203487e-01 2.520658722998729502e+02
4.195595854922279933e-01 2.273115607369026918e+02
4.407771883289124948e-01 2.134318811671087701e+02
4.600780487804878027e-01 2.070950273170731748e+02
4.807973648341663520e-01 1.895821163107678444e+02
5.009150981177412643e-01 1.735739879855827041e+02
5.204555984555984116e-01 1.645816903474903370e+02
5.419053527118044000e-01 1.513414484225451986e+02
5.606541598694942952e-01 1.424849755301794403e+02
5.706576338400528581e-01 1.428469914077990666e+02
