2.166666666666666741e-02 3.978627133333333404e+03
4.454545454545454780e-02 3.502963181818181965e+03
6.211111111111110999e-02 2.699196888888888680e+03
8.302469135802469091e-02 1.874098271604938191e+03
1.001960784313725428e-01 1.592922549019607914e+03
1.238590604026845732e-01 1.179313959731543719e+03
1.404228855721393054e-01 9.001396616915424147e+02
1.630075187969924899e-01 7.968392368421052652e+02
1.808858858858858887e-01 6.548393903903903492e+02
2.036394557823129059e-01 4.885528435374149581e+02
2.190557939914163088e-01 4.368443090128754989e+02
2.426502732240437277e-01 3.338220983606557297e+02
2.596589259796807103e-01 3.023057590711175635e+02
2.811171662125340753e-01 3.038875940054496141e+02
3.008784530386739986e-01 2.745171071823203874e+02
3.206315289648623001e-01 2.443641661918328225e+02
3.399619047619047429e-01 2.100419952380952395e+02
3.619689737470166979e-01 1.738283054892601456e+02
3.799070887818307152e-01 1.635940543702683954e+02
4.013341804320203487e-01 1.482245489199491999e+02
4.195595854922279933e-01 1.308053373632700129e+02
4.407771883289124948e-01 1.247509745358090214e+02
4.600780487804878027e-01 1.189458658536585460e+02
4.807973648341663520e-01 1.019534322580645096e+02
5.009150981177412643e-01 9.472971726071284593e+01
5.204555984555984116e-01 9.477342965250964824e+01
5.419053527118044000e-01 8.745192002835874234e+01
5.606541598694942952e-01 7.961892114192495740e+01
5.706576338400528581e-01 7.721832921348314471e+01
