2.166666666666666741e-02 1.906447766666666575e+04
4.454545454545454780e-02 9.719524545454543841e+03
6.211111111111110999e-02 6.227653777777777577e+03
8.302469135802469091e-02 4.318659012345679002e+03
1.001960784313725428e-01 3.112220294117647427e+03
1.238590604026845732e-01 2.576217785234900020e+03
1.404228855721393054e-01 2.099451592039801199e+03
1.630075187969924899e-01 1.771617706766917308e+03
1.808858858858858887e-01 1.550358258258258502e+03
2.036394557823129059e-01 1.222847637188208637e+03
2.190557939914163088e-01 1.028669244635193081e+03
2.426502732240437277e-01 7.960349362477230670e+02
2.596589259796807103e-01 7.696666487663279668e+02
2.811171662125340753e-01 7.467072765667576277e+02
3.008784530386739986e-01 6.894574453038674164e+02
3.206315289648623001e-01 6.334768062678061824e+02
3.399619047619047429e-01 5.405415571428570729e+02
3.619689737470166979e-01 4.522454367541766942e+02
3.799070887818307152e-01 4.270633606331728060e+02
4.013341804320203487e-01 3.930428939008894531e+02
4.195595854922279933e-01 3.599407299942429859e+02
4.407771883289124948e-01 3.384394010610079135e+02
4.600780487804878027e-01 3.177819960975610343e+02
4.807973648341663520e-01 2.898062248977736886e+02
5.009150981177412643e-01 2.747664164997997887e+02
5.204555984555984116e-01 2.615024077220077174e+02
5.419053527118044000e-01 2.487619716412619937e+02
5.606541598694942952e-01 2.375487311582381835e+02
5.706576338400528581e-01 2.258873397224058124e+02
