2.166666666666666741e-02 6.501514666666666017e+03
4.454545454545454780e-02 5.635310454545454377e+03
6.211111111111110999e-02 5.035384444444443943e+03
8.302469135802469091e-02 3.788469876543209921e+03
1.001960784313725428e-01 3.070663039215686240e+03
1.238590604026845732e-01 2.431441677852349130e+03
1.404228855721393054e-01 1.858031840796020106e+03
1.630075187969924899e-01 1.621088082706767182e+03
1.808858858858858887e-01 1.448237687687687867e+03
2.036394557823129059e-01 1.079847088435374189e+03
2.190557939914163088e-01 9.041361072961373111e+02
2.426502732240437277e-01 7.223151839708561965e+02
2.596589259796807103e-01 6.712027184325108919e+02
2.811171662125340753e-01 6.273543978201635127e+02
3.008784530386739986e-01 5.776900850828728835e+02
3.206315289648623001e-01 5.363399753086420105e+02
3.399619047619047429e-01 4.496477438095238313e+02
3.619689737470166979e-01 3.788833007159904582e+02
3.799070887818307152e-01 3.640628258774949018e+02
4.013341804320203487e-01 3.238703545108004960e+02
4.195595854922279933e-01 2.993715002878525979e+02
4.407771883289124948e-01 2.995212169761272776e+02
4.600780487804878027e-01 2.754703160975609535e+02
4.807973648341663520e-01 2.413915556565197562e+02
5.009150981177412643e-01 2.329376179415298225e+02
5.204555984555984116e-01 2.274747888030887850e+02
5.419053527118044000e-01 2.162769836937256400e+02
5.606541598694942952e-01 1.991205063621533213e+02
5.706576338400528581e-01 1.882683701255783149e+02
