2.166666666666666741e-02 4.685792983333332813e+03
4.454545454545454780e-02 4.553322727272727207e+03
6.211111111111110999e-02 3.799362666666666883e+03
8.302469135802469091e-02 2.567097530864197324e+03
1.001960784313725428e-01 2.005590686274509835e+03
1.238590604026845732e-01 1.522281812080536838e+03
1.404228855721393054e-01 1.223750228855721389e+03
1.630075187969924899e-01 1.063236240601503596e+03
1.808858858858858887e-01 8.968519159159160381e+02
2.036394557823129059e-01 6.860184058956915578e+02
2.190557939914163088e-01 5.876632231759656406e+02
2.426502732240437277e-01 4.534526284153004667e+02
2.596589259796807103e-01 4.140229404934687523e+02
2.811171662125340753e-01 4.075767520435967413e+02
3.008784530386739986e-01 3.720589635359115732e+02
3.206315289648623001e-01 3.361952260208926759e+02
3.399619047619047429e-01 2.848450866666667025e+02
3.619689737470166979e-01 2.344334606205250395e+02
3.799070887818307152e-01 2.258455822436338565e+02
4.013341804320203487e-01 2.048574612452350436e+02
4.195595854922279933e-01 1.827258911917098203e+02
4.407771883289124948e-01 1.715994259946949683e+02
4.600780487804878027e-01 1.621855634146341458e+02
4.807973648341663520e-01 1.439728955020445085e+02
5.009150981177412643e-01 1.343071850220264309e+02
5.204555984555984116e-01 1.305947424710424798e+02
5.419053527118044000e-01 1.200757724211272688e+02
5.606541598694942952e-01 1.124942656443719500e+02
5.706576338400528581e-01 1.107391884996695381e+02
