-2.375000000000000000e+01 3.370315174818207637e+00 1.355472239422982061e-01
-2.325000000000000000e+01 3.222318610488128954e+00 8.343794717492940272e-02
-2.275000000000000000e+01 3.179216315334718601e+00 6.541368951862715220e-02
-2.225000000000000000e+01 2.859401249807071999e+00 5.144659989833120367e-02
-2.175000000000000000e+01 2.347822737229081191e+00 3.586715564110947579e-02
-2.125000000000000000e+01 2.188829266486741698e+00 2.409027653164926355e-02
-2.075000000000000000e+01 2.025587592628194766e+00 1.779075954310057120e-02
-2.025000000000000000e+01 1.914150393771037351e+00 1.481913186798217673e-02
-1.975000000000000000e+01 1.893142779014138188e+00 1.355961158676344432e-02
-1.925000000000000000e+01 1.847739071862797955e+00 1.311921498391771176e-02
-1.875000000000000000e+01 1.799563538110009464e+00 1.249609915662668741e-02
-1.825000000000000000e+01 1.700661351830863532e+00 1.124174110440502063e-02
-1.775000000000000000e+01 1.640027450934016917e+00 9.700011406269960085e-03
-1.725000000000000000e+01 1.578922779621428685e+00 8.606032921104711172e-03
