2.166666666666666741e-02 4.349270849999999882e+03
4.454545454545454780e-02 4.714402727272728043e+03
6.211111111111110999e-02 4.498895999999999731e+03
8.302469135802469091e-02 3.036196666666666715e+03
1.001960784313725428e-01 2.180412254901960750e+03
1.238590604026845732e-01 1.698065234899328971e+03
1.404228855721393054e-01 1.401523572139303496e+03
1.630075187969924899e-01 1.247714052631578852e+03
1.808858858858858887e-01 1.037898678678678607e+03
2.036394557823129059e-01 7.662616009070294467e+02
2.190557939914163088e-01 6.532534742489270911e+02
2.426502732240437277e-01 5.049454080145719104e+02
2.596589259796807103e-01 4.806017503628447685e+02
2.811171662125340753e-01 4.817660272479564583e+02
3.008784530386739986e-01 4.451003071823204209e+02
3.206315289648623001e-01 3.964338746438746170e+02
3.399619047619047429e-01 3.334949771428571808e+02
3.619689737470166979e-01 2.801579952267302929e+02
3.799070887818307152e-01 2.625619958706125203e+02
4.013341804320203487e-01 2.347861537484116639e+02
4.195595854922279933e-01 2.134967564766839700e+02
4.407771883289124948e-01 1.996898700265252273e+02
4.600780487804878027e-01 1.916164107317073046e+02
4.807973648341663520e-01 1.753395152203543432e+02
5.009150981177412643e-01 1.612273027633160041e+02
5.204555984555984116e-01 1.575626602316602600e+02
5.419053527118044000e-01 1.447444434597660177e+02
5.606541598694942952e-01 1.354927738988580472e+02
5.706576338400528581e-01 1.356414857898215587e+02
