-2.375000000000000000e+01 3.462893767952314850e+00 1.001750938446888339e+00 1.626174279235503731e-04 1.626174279235503731e-04
-2.325000000000000000e+01 3.195037597045002009e+00 9.283954231161123394e-01 3.990929705215419637e-04 3.990929705215419637e-04
-2.275000000000000000e+01 2.974863443212888203e+00 9.874533252534823946e-01 6.219630709426627766e-04 6.219630709426627766e-04
-2.225000000000000000e+01 2.642052926407815416e+00 8.671910972861245348e-01 1.034661483641075410e-03 1.034661483641075410e-03
-2.175000000000000000e+01 2.379343133895125195e+00 8.260893539748919157e-01 2.124392614188532619e-03 2.124392614188532619e-03
-2.125000000000000000e+01 2.207445828079170447e+00 7.741237984924951299e-01 3.745167908433214704e-03 3.745167908433214704e-03
-2.075000000000000000e+01 2.073046978951386343e+00 7.417867939156986834e-01 5.425547996976568324e-03 5.425547996976568324e-03
-2.025000000000000000e+01 1.975088715578231291e+00 7.110922054931385627e-01 6.995788791707159213e-03 6.995788791707159213e-03
-1.975000000000000000e+01 1.887469872285336026e+00 6.651898697277032202e-01 8.397581254724111044e-03 8.397581254724111044e-03
-1.925000000000000000e+01 1.832971931172248548e+00 6.563392929971889611e-01 9.485152791275239942e-03 9.485152791275239942e-03
-1.875000000000000000e+01 1.787542292614333173e+00 6.442679079013395871e-01 1.037900874635568592e-02 1.037900874635568592e-02
-1.825000000000000000e+01 1.742534134480967722e+00 6.425582682284863845e-01 1.201900442716769164e-02 1.201900442716769164e-02
-1.775000000000000000e+01 1.690762553399547841e+00 5.978808707107012843e-01 1.535579311089515196e-02 1.535579311089515196e-02
