-2.375000000000000000e+01 3.720780789799693178e+00 1.135789075250331681e+00
-2.325000000000000000e+01 3.136110224690385362e+00 2.534675255808971905e-01
-2.275000000000000000e+01 3.083007736518657893e+00 1.277147190125446363e-01
-2.225000000000000000e+01 3.186345312857866041e+00 7.802876439083752946e-02
-2.175000000000000000e+01 2.822852141091322320e+00 5.958723195048956645e-02
-2.125000000000000000e+01 2.570539379173854222e+00 4.161352103630455712e-02
-2.075000000000000000e+01 2.220679669153767577e+00 2.824839668285179795e-02
-2.025000000000000000e+01 1.959188163556381257e+00 1.833987275978677181e-02
-1.975000000000000000e+01 1.917991578794700835e+00 1.337769154605703698e-02
-1.925000000000000000e+01 1.862001954201072840e+00 1.176506550055404603e-02
-1.875000000000000000e+01 1.827792943472027032e+00 1.127341721103504793e-02
-1.825000000000000000e+01 1.760516863496481621e+00 1.066653823884413342e-02
-1.775000000000000000e+01 1.676411025520800679e+00 9.375209801952664665e-03
