2.166666666666666741e-02 4.421837966666666944e+03
4.454545454545454780e-02 4.460565454545454486e+03
6.211111111111110999e-02 3.805205111111111364e+03
8.302469135802469091e-02 2.579136419753086557e+03
1.001960784313725428e-01 1.984131666666666888e+03
1.238590604026845732e-01 1.498992617449664522e+03
1.404228855721393054e-01 1.214708398009950088e+03
1.630075187969924899e-01 1.062059593984962476e+03
1.808858858858858887e-01 8.920770090090090889e+02
2.036394557823129059e-01 6.861331156462586023e+02
2.190557939914163088e-01 5.943002553648068442e+02
2.426502732240437277e-01 4.540815063752277183e+02
2.596589259796807103e-01 4.193270551523947915e+02
2.811171662125340753e-01 4.178939645776566749e+02
3.008784530386739986e-01 3.813585292817680283e+02
3.206315289648623001e-01 3.406973067426400803e+02
3.399619047619047429e-01 2.857795190476190328e+02
3.619689737470166979e-01 2.373555727923627217e+02
3.799070887818307152e-01 2.226769993117687534e+02
4.013341804320203487e-01 1.988685031766200666e+02
4.195595854922279933e-01 1.814874335060449084e+02
4.407771883289124948e-01 1.722375909814323620e+02
4.600780487804878027e-01 1.631107219512195172e+02
4.807973648341663520e-01 1.442277896410722349e+02
5.009150981177412643e-01 1.356459291149379283e+02
5.204555984555984116e-01 1.325302729729729663e+02
5.419053527118044000e-01 1.221682644452321824e+02
5.606541598694942952e-01 1.149841253507341179e+02
5.706576338400528581e-01 1.126576498347653512e+02
