2.166666666666666741e-02 1.667128366666666698e+05
4.454545454545454780e-02 5.156515727272727236e+04
6.211111111111110999e-02 9.359190666666665493e+03
8.302469135802469091e-02 9.901939135802469536e+03
1.001960784313725428e-01 6.648527647058823277e+03
1.238590604026845732e-01 3.586333355704698079e+03
1.404228855721393054e-01 4.730499054726368740e+03
1.630075187969924899e-01 3.195364323308270741e+03
1.808858858858858887e-01 2.139784024024024347e+03
2.036394557823129059e-01 2.814955895691610294e+03
2.190557939914163088e-01 2.278988240343347570e+03
2.426502732240437277e-01 1.172645067395264050e+03
2.596589259796807103e-01 1.500513384615384439e+03
2.811171662125340753e-01 1.862699700272479731e+03
3.008784530386739986e-01 1.691228939226519060e+03
3.206315289648623001e-01 1.471927996201329279e+03
3.399619047619047429e-01 1.570679790476190419e+03
3.619689737470166979e-01 9.736580429594271209e+02
3.799070887818307152e-01 7.937571644872678007e+02
4.013341804320203487e-01 1.223379856416772554e+03
4.195595854922279933e-01 9.604816591824986745e+02
4.407771883289124948e-01 5.731955002652521216e+02
4.600780487804878027e-01 3.664377487804878228e+02
4.807973648341663520e-01 4.579036760563379858e+02
5.009150981177412643e-01 4.168945030036043136e+02
5.204555984555984116e-01 4.702513637065637795e+02
5.419053527118044000e-01 6.887990634526762506e+02
5.606541598694942952e-01 5.595369360522022362e+02
5.706576338400528581e-01 4.553462954395241127e+02
