2.166666666666666741e-02 1.971072833333333256e+04
4.454545454545454780e-02 1.627496499999999833e+04
6.211111111111110999e-02 1.311221622222222140e+04
8.302469135802469091e-02 8.198910864197530827e+03
1.001960784313725428e-01 5.046088725490196339e+03
1.238590604026845732e-01 3.734730402684563614e+03
1.404228855721393054e-01 3.241808656716418227e+03
1.630075187969924899e-01 2.902730939849623610e+03
1.808858858858858887e-01 2.552965195195195520e+03
2.036394557823129059e-01 2.009017233560090745e+03
2.190557939914163088e-01 1.658043261802574989e+03
2.426502732240437277e-01 1.171767154826958176e+03
2.596589259796807103e-01 1.103181245283018825e+03
2.811171662125340753e-01 1.128674468664850110e+03
3.008784530386739986e-01 1.167883922651933744e+03
3.206315289648623001e-01 1.067396752136752184e+03
3.399619047619047429e-01 8.416343771428571472e+02
3.619689737470166979e-01 7.666708257756563398e+02
3.799070887818307152e-01 7.726646572608395900e+02
4.013341804320203487e-01 6.272387750952987062e+02
4.195595854922279933e-01 5.334500316637881951e+02
4.407771883289124948e-01 5.446662392572944782e+02
4.600780487804878027e-01 5.397676424390243710e+02
4.807973648341663520e-01 4.622434175374829692e+02
5.009150981177412643e-01 4.418779595514617995e+02
5.204555984555984116e-01 4.300249111969112050e+02
5.419053527118044000e-01 3.370961003190358838e+02
5.606541598694942952e-01 3.339681944535073512e+02
5.706576338400528581e-01 3.671690680766689070e+02
