2.166666666666666741e-02 6.677976166666666359e+03
4.454545454545454780e-02 5.526595909090910027e+03
6.211111111111110999e-02 5.024831555555555497e+03
8.302469135802469091e-02 3.886315679012345754e+03
1.001960784313725428e-01 3.133018627450980148e+03
1.238590604026845732e-01 2.410932684563758357e+03
1.404228855721393054e-01 1.838805174129353418e+03
1.630075187969924899e-01 1.601867518796992499e+03
1.808858858858858887e-01 1.439504264264264293e+03
2.036394557823129059e-01 1.087713374149659785e+03
2.190557939914163088e-01 9.003429034334764083e+02
2.426502732240437277e-01 7.252206612021857381e+02
2.596589259796807103e-01 6.768978650217705990e+02
2.811171662125340753e-01 6.169728555858310983e+02
3.008784530386739986e-01 5.650446397790055926e+02
3.206315289648623001e-01 5.334197018043685148e+02
3.399619047619047429e-01 4.513210238095238083e+02
3.619689737470166979e-01 3.736107183770883466e+02
3.799070887818307152e-01 3.618148981417756431e+02
4.013341804320203487e-01 3.339364237611181352e+02
4.195595854922279933e-01 3.148531882556130768e+02
4.407771883289124948e-01 3.080893713527851219e+02
4.600780487804878027e-01 2.777373043902438781e+02
4.807973648341663520e-01 2.434780177192185135e+02
5.009150981177412643e-01 2.345873700440528467e+02
5.204555984555984116e-01 2.301656999999999869e+02
5.419053527118044000e-01 2.205534193548386952e+02
5.606541598694942952e-01 2.035203650897226737e+02
5.706576338400528581e-01 1.915996345009913853e+02
