2.166666666666666741e-02 -3.060575000000000273e+03
4.454545454545454780e-02 1.932558845454545371e+04
6.211111111111110999e-02 2.100175546666666924e+04
8.302469135802469091e-02 1.627476882716049295e+04
1.001960784313725428e-01 1.351659387254901958e+04
1.238590604026845732e-01 1.264970107382550304e+04
1.404228855721393054e-01 8.878183184079602142e+03
1.630075187969924899e-01 5.421614962406015366e+03
1.808858858858858887e-01 7.026097897897898292e+03
2.036394557823129059e-01 3.515567777777778247e+03
2.190557939914163088e-01 1.669083776824034430e+03
2.426502732240437277e-01 3.347912750455371338e+02
2.596589259796807103e-01 5.175146879535560629e+02
2.811171662125340753e-01 1.285796730245231856e+03
3.008784530386739986e-01 -5.731607734806630106e+02
3.206315289648623001e-01 -8.524020892687559581e+02
3.399619047619047429e-01 1.723633533333333617e+03
3.619689737470166979e-01 2.164664224343675414e+03
3.799070887818307152e-01 4.854296180316587197e+02
4.013341804320203487e-01 -2.060288696950444773e+02
4.195595854922279933e-01 7.951635026482441617e+02
4.407771883289124948e-01 1.328665028010610058e+03
4.600780487804878027e-01 1.335567787219512184e+03
4.807973648341663520e-01 9.508614566106316488e+02
5.009150981177412643e-01 7.888315394473369224e+02
5.204555984555984116e-01 1.487126406949807006e+03
5.419053527118044000e-01 1.059442831194611699e+03
5.606541598694942952e-01 5.765367624143556213e+02
5.706576338400528581e-01 5.218734104428289129e+02
