2.166666666666666741e-02 6.808798999999999978e+03
4.454545454545454780e-02 6.031343181818181620e+03
6.211111111111110999e-02 5.606868000000000393e+03
8.302469135802469091e-02 3.979274197530864512e+03
1.001960784313725428e-01 3.032301764705881851e+03
1.238590604026845732e-01 2.471412684563758376e+03
1.404228855721393054e-01 1.980935621890547282e+03
1.630075187969924899e-01 1.651747481203007510e+03
1.808858858858858887e-01 1.450967837837838033e+03
2.036394557823129059e-01 1.147668734693877468e+03
2.190557939914163088e-01 9.427666266094421417e+02
2.426502732240437277e-01 7.193618287795993638e+02
2.596589259796807103e-01 6.932543294629898583e+02
2.811171662125340753e-01 6.668151811989100679e+02
3.008784530386739986e-01 5.963651292817679632e+02
3.206315289648623001e-01 5.627231130104463546e+02
3.399619047619047429e-01 4.868175990476190123e+02
3.619689737470166979e-01 3.952446754176611421e+02
3.799070887818307152e-01 3.804612801101170021e+02
4.013341804320203487e-01 3.519040883100380483e+02
4.195595854922279933e-01 3.148955849165226937e+02
4.407771883289124948e-01 2.981468164456233580e+02
4.600780487804878027e-01 2.834113219512195769e+02
4.807973648341663520e-01 2.525469245797364692e+02
5.009150981177412643e-01 2.395420580696836055e+02
5.204555984555984116e-01 2.348927625482625103e+02
5.419053527118044000e-01 2.195370365118752147e+02
5.606541598694942952e-01 2.067530345840130508e+02
5.706576338400528581e-01 2.024494534038334734e+02
