-2.375000000000000000e+01 3.429251651170271309e+00 1.448011547268995280e-01
-2.325000000000000000e+01 3.304192036364387519e+00 8.601610817418364752e-02
-2.275000000000000000e+01 3.191912358089189272e+00 6.671918900795506535e-02
-2.225000000000000000e+01 2.924043882479812950e+00 5.275428676782308729e-02
-2.175000000000000000e+01 2.432770855805467036e+00 3.711844816517755746e-02
-2.125000000000000000e+01 2.163282153078956327e+00 2.482926261674632193e-02
-2.075000000000000000e+01 2.025996101682713046e+00 1.791513167642332788e-02
-2.025000000000000000e+01 1.922895582333921549e+00 1.463083686676711764e-02
-1.975000000000000000e+01 1.897140248499083581e+00 1.330359881421204135e-02
-1.925000000000000000e+01 1.832279776301064755e+00 1.288120234516530391e-02
-1.875000000000000000e+01 1.793592316363324723e+00 1.224247760373457262e-02
-1.825000000000000000e+01 1.701694414986488990e+00 1.100402261921815811e-02
-1.775000000000000000e+01 1.637871599008357881e+00 9.510129152830145219e-03
