2.166666666666666741e-02 2.251611000000000058e+04
4.454545454545454780e-02 1.157845681818181765e+04
6.211111111111110999e-02 7.103384222222221979e+03
8.302469135802469091e-02 4.662387654320987167e+03
1.001960784313725428e-01 3.376458529411764175e+03
1.238590604026845732e-01 2.732643288590603788e+03
1.404228855721393054e-01 2.167832487562189272e+03
1.630075187969924899e-01 1.856567669172932256e+03
1.808858858858858887e-01 1.653416306306306296e+03
2.036394557823129059e-01 1.341736122448979586e+03
2.190557939914163088e-01 1.099656862660944171e+03
2.426502732240437277e-01 8.369817777777777792e+02
2.596589259796807103e-01 8.227566589259796501e+02
2.811171662125340753e-01 7.980506811989101834e+02
3.008784530386739986e-01 7.499188441988950444e+02
3.206315289648623001e-01 6.746648328584993806e+02
3.399619047619047429e-01 5.457396523809524069e+02
3.619689737470166979e-01 4.764633937947494360e+02
3.799070887818307152e-01 4.464635960082587758e+02
4.013341804320203487e-01 3.800347160101651980e+02
4.195595854922279933e-01 3.587348842832470268e+02
4.407771883289124948e-01 3.602738535809018572e+02
4.600780487804878027e-01 3.324272180487805031e+02
4.807973648341663520e-01 2.960049154929577639e+02
5.009150981177412643e-01 2.859184108930716661e+02
5.204555984555984116e-01 2.784806490347490353e+02
5.419053527118044000e-01 2.555195721375398819e+02
5.606541598694942952e-01 2.392763765089722767e+02
5.706576338400528581e-01 2.368564481163251685e+02
