-2.375000000000000000e+01 3.522684495896652113e+00 1.858056743413376566e-01
-2.325000000000000000e+01 3.359976423621864772e+00 9.303619120102607498e-02
-2.275000000000000000e+01 3.189349479194837578e+00 7.087031652335926135e-02
-2.225000000000000000e+01 3.034275704055803491e+00 5.541283607478426909e-02
-2.175000000000000000e+01 2.555220048364493124e+00 4.041687939096157145e-02
-2.125000000000000000e+01 2.186450147708066893e+00 2.674345931883210375e-02
-2.075000000000000000e+01 2.017405900300646593e+00 1.866759726433951314e-02
-2.025000000000000000e+01 1.951398079785493067e+00 1.470361424575015660e-02
-1.975000000000000000e+01 1.887780291992897874e+00 1.313978386954371344e-02
-1.925000000000000000e+01 1.839807563086498288e+00 1.264138832717996014e-02
-1.875000000000000000e+01 1.794971568806592810e+00 1.212111953228932858e-02
-1.825000000000000000e+01 1.708259496113037734e+00 1.094621830113802138e-02
-1.775000000000000000e+01 1.638268559038667416e+00 9.470559400266389399e-03
