2.166666666666666741e-02 4.377938166666665893e+03
4.454545454545454780e-02 4.055788636363636670e+03
6.211111111111110999e-02 3.466039111111111197e+03
8.302469135802469091e-02 2.426173703703703723e+03
1.001960784313725428e-01 1.932516764705882451e+03
1.238590604026845732e-01 1.520695838926174474e+03
1.404228855721393054e-01 1.180469174129353178e+03
1.630075187969924899e-01 9.830380451127819015e+02
1.808858858858858887e-01 8.428217057057056536e+02
2.036394557823129059e-01 6.595875646258502911e+02
2.190557939914163088e-01 5.711644849785408269e+02
2.426502732240437277e-01 4.366688852459016061e+02
2.596589259796807103e-01 4.061126618287373162e+02
2.811171662125340753e-01 3.977135790190735634e+02
3.008784530386739986e-01 3.487129712707181852e+02
3.206315289648623001e-01 3.066852554605887349e+02
3.399619047619047429e-01 2.632345876190476019e+02
3.619689737470166979e-01 2.252645369928400783e+02
3.799070887818307152e-01 2.105589249827942240e+02
4.013341804320203487e-01 1.913382700127065164e+02
4.195595854922279933e-01 1.743140765687967644e+02
4.407771883289124948e-01 1.623789156498673663e+02
4.600780487804878027e-01 1.567544034146341403e+02
4.807973648341663520e-01 1.389649627442071562e+02
5.009150981177412643e-01 1.260980452543051484e+02
5.204555984555984116e-01 1.223399930501930442e+02
5.419053527118044000e-01 1.125160124069479082e+02
5.606541598694942952e-01 1.060891312887438858e+02
5.706576338400528581e-01 1.057228654329147304e+02
