2.166666666666666741e-02 1.701516333333333387e+04
4.454545454545454780e-02 9.302798636363637343e+03
6.211111111111110999e-02 5.976181555555556770e+03
8.302469135802469091e-02 4.247305555555555657e+03
1.001960784313725428e-01 3.205172843137254858e+03
1.238590604026845732e-01 2.489634362416107706e+03
1.404228855721393054e-01 1.961409154228855641e+03
1.630075187969924899e-01 1.679297330827067526e+03
1.808858858858858887e-01 1.489616606606606638e+03
2.036394557823129059e-01 1.195801174603174559e+03
2.190557939914163088e-01 1.014270049356223240e+03
2.426502732240437277e-01 7.318847887067395277e+02
2.596589259796807103e-01 7.074171204644412683e+02
2.811171662125340753e-01 6.988067861035422084e+02
3.008784530386739986e-01 6.231292077348066414e+02
3.206315289648623001e-01 5.827843608736942542e+02
3.399619047619047429e-01 5.074948876190476312e+02
3.619689737470166979e-01 4.243101575178997678e+02
3.799070887818307152e-01 3.898753544390915522e+02
4.013341804320203487e-01 3.456144822109276333e+02
4.195595854922279933e-01 3.278413753598157996e+02
4.407771883289124948e-01 3.228152466843501429e+02
4.600780487804878027e-01 2.972764292682927021e+02
4.807973648341663520e-01 2.627973412085416385e+02
5.009150981177412643e-01 2.453525410492591163e+02
5.204555984555984116e-01 2.409357494208494188e+02
5.419053527118044000e-01 2.259692463665366802e+02
5.606541598694942952e-01 2.098661885807504177e+02
5.706576338400528581e-01 2.068212610707203964e+02
