-2.375000000000000000e+01 3.656982356126912137e+00 2.468212687296877650e-01
-2.325000000000000000e+01 3.308186901068943531e+00 1.155019174879140798e-01
-2.275000000000000000e+01 3.292379714937863522e+00 7.524578362509100338e-02
-2.225000000000000000e+01 3.045760620440220112e+00 6.077476396235834827e-02
-2.175000000000000000e+01 2.668248425617750108e+00 4.564947693712852195e-02
-2.125000000000000000e+01 2.294429335174145823e+00 3.035573619081018831e-02
-2.075000000000000000e+01 2.044315208758271218e+00 2.027587160556020701e-02
-2.025000000000000000e+01 1.956556036492888673e+00 1.502325748900525289e-02
-1.975000000000000000e+01 1.892105165382800491e+00 1.292925004567199374e-02
-1.925000000000000000e+01 1.839477891088270756e+00 1.229360490389630120e-02
-1.875000000000000000e+01 1.815932570006861591e+00 1.190466725189984545e-02
-1.825000000000000000e+01 1.709076078667935095e+00 1.087004782362060648e-02
-1.775000000000000000e+01 1.644861266859156457e+00 9.423523088540912071e-03
-1.725000000000000000e+01 1.574765043404298570e+00 8.392355088016360473e-03
-1.675000000000000000e+01 1.536710598959399210e+00 7.762251278360277930e-03
-1.625000000000000000e+01 1.496275340484762184e+00 7.178128997215702141e-03
-1.575000000000000000e+01 1.442198604005773044e+00 6.472448391901756276e-03
-1.525000000000000000e+01 1.375973741315108301e+00 5.853432902376825599e-03
-1.475000000000000000e+01 1.314114463432214608e+00 5.382344889214837023e-03
-1.425000000000000000e+01 1.249600076498238677e+00 4.842254201693407464e-03
