2.166666666666666741e-02 1.983858499999999913e+04
4.454545454545454780e-02 1.090237318181818227e+04
6.211111111111110999e-02 6.685060222222222365e+03
8.302469135802469091e-02 4.134698395061728661e+03
1.001960784313725428e-01 3.060359803921568528e+03
1.238590604026845732e-01 2.542301275167785207e+03
1.404228855721393054e-01 1.903419850746268821e+03
1.630075187969924899e-01 1.672244924812029922e+03
1.808858858858858887e-01 1.503698858858858785e+03
2.036394557823129059e-01 1.126917442176870736e+03
2.190557939914163088e-01 9.381742510729613969e+02
2.426502732240437277e-01 7.427696848816029842e+02
2.596589259796807103e-01 6.906280812772133686e+02
2.811171662125340753e-01 6.694653841961852550e+02
3.008784530386739986e-01 6.004707314917127405e+02
3.206315289648623001e-01 5.171441908831908449e+02
3.399619047619047429e-01 4.329295628571428551e+02
3.619689737470166979e-01 3.716383770883055604e+02
3.799070887818307152e-01 3.628832890571231360e+02
4.013341804320203487e-01 3.307234758576873901e+02
4.195595854922279933e-01 3.101880575705238812e+02
4.407771883289124948e-01 2.964350694960211854e+02
4.600780487804878027e-01 2.667067741463414450e+02
4.807973648341663520e-01 2.397822939572921541e+02
5.009150981177412643e-01 2.390924569483379685e+02
5.204555984555984116e-01 2.370950652509652343e+02
5.419053527118044000e-01 2.067723410138248710e+02
5.606541598694942952e-01 1.925436391517128811e+02
5.706576338400528581e-01 1.967378519497686682e+02
