2.166666666666666741e-02 5.222368983333332835e+03
4.454545454545454780e-02 4.771111818181817398e+03
6.211111111111110999e-02 4.105540888888889640e+03
8.302469135802469091e-02 2.875199382716049513e+03
1.001960784313725428e-01 2.195369117647058829e+03
1.238590604026845732e-01 1.682987785234899320e+03
1.404228855721393054e-01 1.365862089552239013e+03
1.630075187969924899e-01 1.197731466165413622e+03
1.808858858858858887e-01 1.014748378378378447e+03
2.036394557823129059e-01 7.723152018140590371e+02
2.190557939914163088e-01 6.558905236051501788e+02
2.426502732240437277e-01 4.926089544626593693e+02
2.596589259796807103e-01 4.601623193033381654e+02
2.811171662125340753e-01 4.735579059945503673e+02
3.008784530386739986e-01 4.256293005524861996e+02
3.206315289648623001e-01 3.765117122507122076e+02
3.399619047619047429e-01 3.265494628571428279e+02
3.619689737470166979e-01 2.744402601431980884e+02
3.799070887818307152e-01 2.557870385409497089e+02
4.013341804320203487e-01 2.288301200762388703e+02
4.195595854922279933e-01 2.083402567645365764e+02
4.407771883289124948e-01 1.981353633952254540e+02
4.600780487804878027e-01 1.933104117073170585e+02
4.807973648341663520e-01 1.769056447069513638e+02
5.009150981177412643e-01 1.644265226271525933e+02
5.204555984555984116e-01 1.555786034749034741e+02
5.419053527118044000e-01 1.399896774193548481e+02
5.606541598694942952e-01 1.311753690048939802e+02
5.706576338400528581e-01 1.300226080634500931e+02
