-2.175000000000000000e+01 2.864579877769741767e+00 9.402253285511114056e-01 2.140157650361732087e-04 2.140157650361732087e-04
-2.125000000000000000e+01 2.759215150061734789e+00 9.715652426214873572e-01 4.511391858330633794e-04 4.511391858330633794e-04
-2.075000000000000000e+01 2.548003075508494142e+00 8.871824300168417166e-01 8.666450707267033373e-04 8.666450707267033373e-04
-2.025000000000000000e+01 2.283108184299171395e+00 7.541703836987622145e-01 1.785984234963826833e-03 1.785984234963826833e-03
-1.975000000000000000e+01 2.079580134440769612e+00 6.992620300040630621e-01 3.952920850880034358e-03 3.952920850880034358e-03
-1.925000000000000000e+01 1.917370667992194466e+00 5.662225291538408589e-01 8.486772486772486968e-03 8.486772486772486968e-03
-1.875000000000000000e+01 1.855225297246139382e+00 5.884917800214068961e-01 1.352596911780585241e-02 1.352596911780585241e-02
-1.825000000000000000e+01 1.809444541246442828e+00 6.026998303995108053e-01 1.642911132707050928e-02 1.642911132707050928e-02
-1.775000000000000000e+01 1.758609880846849771e+00 6.272975526509257937e-01 1.814534067595292149e-02 1.814534067595292149e-02
-1.725000000000000000e+01 1.686094277994801383e+00 5.862806795379346125e-01 2.269344563222114308e-02 2.269344563222114308e-02
-1.675000000000000000e+01 1.627082683414003306e+00 5.365681223079318274e-01 2.939164237123420911e-02 2.939164237123420911e-02
-1.625000000000000000e+01 1.587736968679234861e+00 5.015798190134819201e-01 3.526401036605118083e-02 3.526401036605118083e-02
-1.575000000000000000e+01 1.556978331968325469e+00 4.871039354057388748e-01 4.150739660943742609e-02 4.150739660943742609e-02
-1.525000000000000000e+01 1.527783834372042460e+00 4.646373927641020973e-01 4.991318432134758676e-02 4.991318432134758676e-02
-1.475000000000000000e+01 1.496451913928507738e+00 4.201760363558432188e-01 6.066256343807364254e-02 6.066256343807364254e-02
-1.425000000000000000e+01 1.470188946706441291e+00 3.906357259693458706e-01 7.198401900442716328e-02 7.198401900442716328e-02
