2.166666666666666741e-02 3.622967333333333227e+04
4.454545454545454780e-02 1.668422363636363661e+04
6.211111111111110999e-02 1.002164044444444517e+04
8.302469135802469091e-02 7.109202716049383525e+03
1.001960784313725428e-01 4.538713039215686877e+03
1.238590604026845732e-01 3.566840201342281489e+03
1.404228855721393054e-01 3.126768258706467805e+03
1.630075187969924899e-01 2.737177744360902580e+03
1.808858858858858887e-01 2.502015315315315092e+03
2.036394557823129059e-01 1.965293945578230932e+03
2.190557939914163088e-01 1.578414527896995651e+03
2.426502732240437277e-01 1.258952531876138437e+03
2.596589259796807103e-01 1.241268824383163974e+03
2.811171662125340753e-01 1.214439059945504141e+03
3.008784530386739986e-01 1.216917138121546714e+03
3.206315289648623001e-01 1.097354841405508068e+03
3.399619047619047429e-01 8.814569666666667445e+02
3.619689737470166979e-01 7.718439832935559934e+02
3.799070887818307152e-01 7.044553585684789141e+02
4.013341804320203487e-01 6.222879529860229013e+02
4.195595854922279933e-01 5.413377420840530476e+02
4.407771883289124948e-01 5.129796111405835290e+02
4.600780487804878027e-01 4.912754682926828877e+02
4.807973648341663520e-01 4.249335497501135706e+02
5.009150981177412643e-01 4.839305578694433621e+02
5.204555984555984116e-01 4.775829532818532357e+02
5.419053527118044000e-01 3.500473895781637452e+02
5.606541598694942952e-01 2.916561530179445754e+02
5.706576338400528581e-01 2.720810396563119866e+02
