-2.375000000000000000e+01 3.239388759517471073e+00 1.087132869696140869e+00 1.878846776805960460e-05 1.878846776805960460e-05
-2.325000000000000000e+01 3.170185354962996804e+00 1.007914096195172027e+00 9.135082604470359769e-05 9.135082604470359769e-05
-2.275000000000000000e+01 3.140776056607208044e+00 9.552782651901466915e-01 2.233020192203865782e-04 2.233020192203865782e-04
-2.225000000000000000e+01 2.992649079673681101e+00 9.261953204837447551e-01 4.528668610301263319e-04 4.528668610301263319e-04
-2.175000000000000000e+01 2.736803924027244150e+00 9.295752385585662747e-01 7.355577151495518466e-04 7.355577151495518466e-04
-2.125000000000000000e+01 2.451811574789061421e+00 8.196326500840078744e-01 1.363999568081200641e-03 1.363999568081200641e-03
-2.075000000000000000e+01 2.198791529485599749e+00 7.398382618858418969e-01 2.749163157326422503e-03 2.749163157326422503e-03
-2.025000000000000000e+01 2.016379309259414221e+00 6.513849656003004585e-01 6.152035417341539941e-03 6.152035417341539941e-03
-1.975000000000000000e+01 1.913294396767597716e+00 6.240566408789635089e-01 1.114911996544649606e-02 1.114911996544649606e-02
-1.925000000000000000e+01 1.853534421597497150e+00 6.453482744973128016e-01 1.429046539250620855e-02 1.429046539250620855e-02
-1.875000000000000000e+01 1.794363615771733755e+00 6.398533930344659781e-01 1.553741496598639443e-02 1.553741496598639443e-02
-1.825000000000000000e+01 1.729509474234024013e+00 6.344850430115788198e-01 1.732923010474030773e-02 1.732923010474030773e-02
-1.775000000000000000e+01 1.661752668300402691e+00 5.721520077910047242e-01 2.232005183025591311e-02 2.232005183025591311e-02
