2.166666666666666741e-02 4.696072533333333013e+03
4.454545454545454780e-02 3.872342272727272757e+03
6.211111111111110999e-02 3.032677555555555955e+03
8.302469135802469091e-02 2.146894074074074069e+03
1.001960784313725428e-01 1.738973725490196102e+03
1.238590604026845732e-01 1.266671543624161359e+03
1.404228855721393054e-01 9.657244079601988460e+02
1.630075187969924899e-01 8.738553157894738206e+02
1.808858858858858887e-01 7.489034834834835692e+02
2.036394557823129059e-01 5.658340498866213011e+02
2.190557939914163088e-01 4.848897682403433009e+02
2.426502732240437277e-01 3.615041748633879592e+02
2.596589259796807103e-01 3.347944557329462896e+02
2.811171662125340753e-01 3.343713051771117648e+02
3.008784530386739986e-01 2.981427867403315872e+02
3.206315289648623001e-01 2.646311025641026049e+02
3.399619047619047429e-01 2.286061714285714004e+02
3.619689737470166979e-01 1.889791288782816423e+02
3.799070887818307152e-01 1.820892222986923628e+02
4.013341804320203487e-01 1.655409707750953032e+02
4.195595854922279933e-01 1.470019504893494684e+02
4.407771883289124948e-01 1.374763087533156636e+02
4.600780487804878027e-01 1.330119160975609702e+02
4.807973648341663520e-01 1.195046260790549582e+02
5.009150981177412643e-01 1.079768802563075809e+02
5.204555984555984116e-01 1.027119714285714025e+02
5.419053527118044000e-01 9.233616674937964319e+01
5.606541598694942952e-01 8.698993820554649403e+01
5.706576338400528581e-01 8.628904309319233334e+01
