2.166666666666666741e-02 4.348537666666666155e+03
4.454545454545454780e-02 4.675780909090908608e+03
6.211111111111110999e-02 3.926001777777777534e+03
8.302469135802469091e-02 2.676850740740741003e+03
1.001960784313725428e-01 2.162777254901960987e+03
1.238590604026845732e-01 1.607381543624160940e+03
1.404228855721393054e-01 1.278448447761194075e+03
1.630075187969924899e-01 1.105357586466165458e+03
1.808858858858858887e-01 8.935205165165166363e+02
2.036394557823129059e-01 6.731894421768707844e+02
2.190557939914163088e-01 6.003808905579398925e+02
2.426502732240437277e-01 4.804157941712202842e+02
2.596589259796807103e-01 4.456287779390420951e+02
2.811171662125340753e-01 4.280539209809264776e+02
3.008784530386739986e-01 3.926300883977900185e+02
3.206315289648623001e-01 3.500793418803418717e+02
3.399619047619047429e-01 2.942425200000000132e+02
3.619689737470166979e-01 2.491209665871121786e+02
3.799070887818307152e-01 2.335390523055746712e+02
4.013341804320203487e-01 2.116070057179161665e+02
4.195595854922279933e-01 1.898366609096142952e+02
4.407771883289124948e-01 1.790622408488063684e+02
4.600780487804878027e-01 1.746513224390243977e+02
4.807973648341663520e-01 1.568993780099954733e+02
5.009150981177412643e-01 1.426566479775731011e+02
5.204555984555984116e-01 1.403188096525096569e+02
5.419053527118044000e-01 1.312193119461184097e+02
5.606541598694942952e-01 1.216603265905383182e+02
5.706576338400528581e-01 1.186736027759418306e+02
