2.166666666666666741e-02 3.918119016666666994e+03
4.454545454545454780e-02 3.561869545454545460e+03
6.211111111111110999e-02 2.766274222222222306e+03
8.302469135802469091e-02 1.910601728395061627e+03
1.001960784313725428e-01 1.594353039215686294e+03
1.238590604026845732e-01 1.181835100671140935e+03
1.404228855721393054e-01 9.143734726368157908e+02
1.630075187969924899e-01 8.068916804511278542e+02
1.808858858858858887e-01 6.672149759759760173e+02
2.036394557823129059e-01 4.997213356009070253e+02
2.190557939914163088e-01 4.466265579399141643e+02
2.426502732240437277e-01 3.371879180327869108e+02
2.596589259796807103e-01 3.010228476052249675e+02
2.811171662125340753e-01 3.037802288828337964e+02
3.008784530386739986e-01 2.783653060773480661e+02
3.206315289648623001e-01 2.492684871794871810e+02
3.399619047619047429e-01 2.119541199999999890e+02
3.619689737470166979e-01 1.707372673031026125e+02
3.799070887818307152e-01 1.637555808671713748e+02
4.013341804320203487e-01 1.514725940279542726e+02
4.195595854922279933e-01 1.320853264248704590e+02
4.407771883289124948e-01 1.263949570291777036e+02
4.600780487804878027e-01 1.205687258536585347e+02
4.807973648341663520e-01 1.034185074057246538e+02
5.009150981177412643e-01 9.580141377653184520e+01
5.204555984555984116e-01 9.453660424710425048e+01
5.419053527118044000e-01 8.622550740872030417e+01
5.606541598694942952e-01 7.953511951060357887e+01
5.706576338400528581e-01 7.846781526768010906e+01
