2.166666666666666741e-02 4.615981833333332906e+04
4.454545454545454780e-02 1.797458772727272662e+04
6.211111111111110999e-02 1.204959177777777768e+04
8.302469135802469091e-02 9.116681111111111022e+03
1.001960784313725428e-01 5.828087254901959568e+03
1.238590604026845732e-01 3.658781006711409191e+03
1.404228855721393054e-01 2.450812437810945539e+03
1.630075187969924899e-01 2.228404172932330766e+03
1.808858858858858887e-01 2.070482228228228450e+03
2.036394557823129059e-01 1.906059460317460434e+03
2.190557939914163088e-01 1.286588905579399352e+03
2.426502732240437277e-01 3.694997522768670137e+02
2.596589259796807103e-01 7.095930682148040205e+02
2.811171662125340753e-01 1.273367425068119928e+03
3.008784530386739986e-01 8.390761264088398548e+02
3.206315289648623001e-01 8.901708712250712097e+02
3.399619047619047429e-01 1.178700939999999946e+03
3.619689737470166979e-01 8.488915226730310906e+02
3.799070887818307152e-01 5.842631280110116450e+02
4.013341804320203487e-01 4.304687687420584439e+02
4.195595854922279933e-01 3.926232222222222390e+02
4.407771883289124948e-01 3.680488355437665291e+02
4.600780487804878027e-01 3.996756400000000440e+02
4.807973648341663520e-01 5.217456569741027579e+02
5.009150981177412643e-01 4.408533418101722532e+02
5.204555984555984116e-01 3.036646407335907725e+02
5.419053527118044000e-01 4.282071736972705480e+02
5.606541598694942952e-01 4.845730668841762281e+02
5.706576338400528581e-01 4.617738149372108296e+02
