2.166666666666666741e-02 4.491250616666667156e+03
4.454545454545454780e-02 3.894972272727272866e+03
6.211111111111110999e-02 3.073954888888888945e+03
8.302469135802469091e-02 2.103952962962962829e+03
1.001960784313725428e-01 1.713033823529411848e+03
1.238590604026845732e-01 1.282217046979865700e+03
1.404228855721393054e-01 9.853834129353233493e+02
1.630075187969924899e-01 8.865376691729323966e+02
1.808858858858858887e-01 7.438105285285284936e+02
2.036394557823129059e-01 5.566598730158730177e+02
2.190557939914163088e-01 4.781305364806866578e+02
2.426502732240437277e-01 3.634316612021858077e+02
2.596589259796807103e-01 3.400004615384615363e+02
2.811171662125340753e-01 3.390839032697547850e+02
3.008784530386739986e-01 3.041254618784530521e+02
3.206315289648623001e-01 2.727299477682811357e+02
3.399619047619047429e-01 2.361363104761904594e+02
3.619689737470166979e-01 1.926673341288782808e+02
3.799070887818307152e-01 1.835397439779766273e+02
4.013341804320203487e-01 1.664560012706480450e+02
4.195595854922279933e-01 1.495142371905584184e+02
4.407771883289124948e-01 1.417578037135278350e+02
4.600780487804878027e-01 1.353155082926829209e+02
4.807973648341663520e-01 1.227806978646070206e+02
5.009150981177412643e-01 1.132567192631157553e+02
5.204555984555984116e-01 1.076559208494208377e+02
5.419053527118044000e-01 9.634471740517547289e+01
5.606541598694942952e-01 8.889984329526916440e+01
5.706576338400528581e-01 8.764118103106412150e+01
