2.166666666666666741e-02 6.294192000000000553e+04
4.454545454545454780e-02 3.529132227272727323e+04
6.211111111111110999e-02 2.483747088888888902e+04
8.302469135802469091e-02 1.563070000000000255e+04
1.001960784313725428e-01 1.019181715686274401e+04
1.238590604026845732e-01 7.095826107382550617e+03
1.404228855721393054e-01 5.535422835820895671e+03
1.630075187969924899e-01 4.742321503759398183e+03
1.808858858858858887e-01 3.696537327327327148e+03
2.036394557823129059e-01 3.305483287981859121e+03
2.190557939914163088e-01 3.009270450643776712e+03
2.426502732240437277e-01 2.010419052823315269e+03
2.596589259796807103e-01 1.976369158200290485e+03
2.811171662125340753e-01 1.779300831062670341e+03
3.008784530386739986e-01 1.893381856353591274e+03
3.206315289648623001e-01 1.977699667616334182e+03
3.399619047619047429e-01 1.570484923809523707e+03
3.619689737470166979e-01 1.292805202863961767e+03
3.799070887818307152e-01 1.265089490708878202e+03
4.013341804320203487e-01 1.213248792884371142e+03
4.195595854922279933e-01 1.100487116868163412e+03
4.407771883289124948e-01 1.079381674270556914e+03
4.600780487804878027e-01 1.069118435609755807e+03
4.807973648341663520e-01 9.580567164925032557e+02
5.009150981177412643e-01 9.529655010012013463e+02
5.204555984555984116e-01 9.822902888030887425e+02
5.419053527118044000e-01 9.296628160226870250e+02
5.606541598694942952e-01 8.941978554649266471e+02
5.706576338400528581e-01 8.739423390614673508e+02
