2.166666666666666741e-02 1.339991016666666546e+05
4.454545454545454780e-02 5.351675000000000000e+04
6.211111111111110999e-02 1.850822888888889065e+04
8.302469135802469091e-02 1.561657777777777846e+04
1.001960784313725428e-01 1.115333294117646983e+04
1.238590604026845732e-01 6.791483758389262221e+03
1.404228855721393054e-01 6.609611940298507761e+03
1.630075187969924899e-01 5.115129436090225681e+03
1.808858858858858887e-01 3.681525375375375916e+03
2.036394557823129059e-01 3.353664240362812052e+03
2.190557939914163088e-01 2.708127703862660837e+03
2.426502732240437277e-01 2.090864954462659171e+03
2.596589259796807103e-01 2.191775268505080021e+03
2.811171662125340753e-01 1.897055245231607614e+03
3.008784530386739986e-01 1.833196453038674008e+03
3.206315289648623001e-01 1.679823703703703814e+03
3.399619047619047429e-01 1.642600714285714275e+03
3.619689737470166979e-01 1.675218066825775622e+03
3.799070887818307152e-01 1.559565774260151329e+03
4.013341804320203487e-01 1.192242865311308833e+03
4.195595854922279933e-01 1.136713321819228668e+03
4.407771883289124948e-01 1.213688360742705527e+03
4.600780487804878027e-01 8.427772863414634230e+02
4.807973648341663520e-01 5.295196460699681893e+02
5.009150981177412643e-01 7.069273972767319947e+02
5.204555984555984116e-01 9.376492382239381413e+02
5.419053527118044000e-01 8.724550428925912229e+02
5.606541598694942952e-01 7.578666867862967820e+02
5.706576338400528581e-01 7.307348043621943816e+02
