2.166666666666666741e-02 5.998282233333332442e+03
4.454545454545454780e-02 5.105824999999999818e+03
6.211111111111110999e-02 4.468245333333333292e+03
8.302469135802469091e-02 3.094402962962963102e+03
1.001960784313725428e-01 2.317584411764705692e+03
1.238590604026845732e-01 1.772782617449664258e+03
1.404228855721393054e-01 1.446480796019900481e+03
1.630075187969924899e-01 1.273238172932331054e+03
1.808858858858858887e-01 1.066589771771771666e+03
2.036394557823129059e-01 8.032495555555556166e+02
2.190557939914163088e-01 6.861689506437768387e+02
2.426502732240437277e-01 5.341068360655737024e+02
2.596589259796807103e-01 5.015293613933235406e+02
2.811171662125340753e-01 5.056241307901906907e+02
3.008784530386739986e-01 4.627915116022099937e+02
3.206315289648623001e-01 4.111365527065527203e+02
3.399619047619047429e-01 3.426808657142857442e+02
3.619689737470166979e-01 2.908800978520286549e+02
3.799070887818307152e-01 2.763693331039228838e+02
4.013341804320203487e-01 2.497669803049554957e+02
4.195595854922279933e-01 2.366750063327576470e+02
4.407771883289124948e-01 2.191939464190981255e+02
4.600780487804878027e-01 1.962895536585365903e+02
4.807973648341663520e-01 1.792795910949568281e+02
5.009150981177412643e-01 1.712573640368442227e+02
5.204555984555984116e-01 1.636464575289575407e+02
5.419053527118044000e-01 1.459849269762495680e+02
5.606541598694942952e-01 1.359162319738988742e+02
5.706576338400528581e-01 1.364021592861863894e+02
