-2.375000000000000000e+01 3.450428110672364213e+00 1.031955601678125278e+00 8.357628765792031163e-05 8.357628765792031163e-05
-2.325000000000000000e+01 3.277661146923384283e+00 9.457637880633710248e-01 2.490011877766979960e-04 2.490011877766979960e-04
-2.275000000000000000e+01 3.092488679954017439e+00 9.570116810274422736e-01 4.738149227945146575e-04 4.738149227945146575e-04
-2.225000000000000000e+01 2.830749071119283311e+00 8.847308093701099496e-01 6.861030126336249138e-04 6.861030126336249138e-04
-2.175000000000000000e+01 2.565313870403605367e+00 8.812361410987142873e-01 1.154518950437317818e-03 1.154518950437317818e-03
-2.125000000000000000e+01 2.270495380863573498e+00 7.487082071019367513e-01 2.403196199114566653e-03 2.403196199114566653e-03
-2.075000000000000000e+01 2.090306427729981209e+00 7.103854768570242451e-01 5.079581038764712474e-03 5.079581038764712474e-03
-2.025000000000000000e+01 1.967756018658768147e+00 6.702824447040914846e-01 8.928193499622070345e-03 8.928193499622070345e-03
-1.975000000000000000e+01 1.889989979603762249e+00 6.629570802950658370e-01 1.191080876795162433e-02 1.191080876795162433e-02
-1.925000000000000000e+01 1.823855251379666420e+00 6.525488031607099559e-01 1.315603066623474704e-02 1.315603066623474704e-02
-1.875000000000000000e+01 1.765940527052665576e+00 6.584843881802829868e-01 1.400259151279559418e-02 1.400259151279559418e-02
-1.825000000000000000e+01 1.700020353911285032e+00 6.006512702986124275e-01 1.674808336032825723e-02 1.674808336032825723e-02
-1.775000000000000000e+01 1.644993564215811999e+00 5.537945334338769676e-01 2.212568837058632998e-02 2.212568837058632998e-02
