2.166666666666666741e-02 4.346976683333333312e+03
4.454545454545454780e-02 4.703211818181818671e+03
6.211111111111110999e-02 4.427910444444444693e+03
8.302469135802469091e-02 3.040534197530864276e+03
1.001960784313725428e-01 2.224833529411765085e+03
1.238590604026845732e-01 1.702763154362416117e+03
1.404228855721393054e-01 1.394192358208955284e+03
1.630075187969924899e-01 1.241439240601503798e+03
1.808858858858858887e-01 1.024120822822822902e+03
2.036394557823129059e-01 7.541586417233560269e+02
2.190557939914163088e-01 6.518839763948498103e+02
2.426502732240437277e-01 5.000797814207650163e+02
2.596589259796807103e-01 4.828964107402031800e+02
2.811171662125340753e-01 4.882842861035422857e+02
3.008784530386739986e-01 4.391253204419890039e+02
3.206315289648623001e-01 3.860575802469135738e+02
3.399619047619047429e-01 3.236736961904761074e+02
3.619689737470166979e-01 2.765344224343675137e+02
3.799070887818307152e-01 2.566656290433585923e+02
4.013341804320203487e-01 2.283976607369758369e+02
4.195595854922279933e-01 2.097261732872769073e+02
4.407771883289124948e-01 1.951634583554376263e+02
4.600780487804878027e-01 1.926901585365853293e+02
4.807973648341663520e-01 1.765705997273966545e+02
5.009150981177412643e-01 1.607916275530636767e+02
5.204555984555984116e-01 1.585856208494208488e+02
5.419053527118044000e-01 1.441301892945764109e+02
5.606541598694942952e-01 1.338835539967373620e+02
5.706576338400528581e-01 1.340052115003304891e+02
