2.166666666666666741e-02 2.227781166666666468e+04
4.454545454545454780e-02 1.107308909090909037e+04
6.211111111111110999e-02 6.840362222222222044e+03
8.302469135802469091e-02 4.643250864197530063e+03
1.001960784313725428e-01 3.234854901960783991e+03
1.238590604026845732e-01 2.507207248322147279e+03
1.404228855721393054e-01 2.064735621890547009e+03
1.630075187969924899e-01 1.826200187969924855e+03
1.808858858858858887e-01 1.634117207207207230e+03
2.036394557823129059e-01 1.252203310657596376e+03
2.190557939914163088e-01 1.024799287553648128e+03
2.426502732240437277e-01 8.324666520947176878e+02
2.596589259796807103e-01 8.031866632801161359e+02
2.811171662125340753e-01 7.616363337874660147e+02
3.008784530386739986e-01 7.031756618784529564e+02
3.206315289648623001e-01 6.476368850902184704e+02
3.399619047619047429e-01 5.326818361904761332e+02
3.619689737470166979e-01 4.478260429594272409e+02
3.799070887818307152e-01 4.195486648313832916e+02
4.013341804320203487e-01 3.780969072426937601e+02
4.195595854922279933e-01 3.472750846286701290e+02
4.407771883289124948e-01 3.234111315649867606e+02
4.600780487804878027e-01 3.155724351219512300e+02
4.807973648341663520e-01 2.935981049522944204e+02
5.009150981177412643e-01 2.715569787745294548e+02
5.204555984555984116e-01 2.630419787644788130e+02
5.419053527118044000e-01 2.435749610067351796e+02
5.606541598694942952e-01 2.311247840130505722e+02
5.706576338400528581e-01 2.316459372108393495e+02
