2.166666666666666741e-02 2.808988999999999942e+04
4.454545454545454780e-02 1.287529000000000087e+04
6.211111111111110999e-02 7.361985333333333983e+03
8.302469135802469091e-02 4.833752592592592919e+03
1.001960784313725428e-01 3.418597745098039013e+03
1.238590604026845732e-01 2.877047852348993274e+03
1.404228855721393054e-01 2.266789850746268712e+03
1.630075187969924899e-01 1.968186804511278069e+03
1.808858858858858887e-01 1.788868618618618711e+03
2.036394557823129059e-01 1.456414988662131464e+03
2.190557939914163088e-01 1.245927339055793936e+03
2.426502732240437277e-01 9.491536138433516498e+02
2.596589259796807103e-01 8.839986240928882353e+02
2.811171662125340753e-01 8.410586498637602517e+02
3.008784530386739986e-01 7.903907679558011523e+02
3.206315289648623001e-01 7.172089591642926507e+02
3.399619047619047429e-01 6.136742904761904356e+02
3.619689737470166979e-01 5.582740453460621666e+02
3.799070887818307152e-01 5.010589119064005672e+02
4.013341804320203487e-01 4.419347147395171191e+02
4.195595854922279933e-01 4.145648877374784433e+02
4.407771883289124948e-01 3.934772816976127388e+02
4.600780487804878027e-01 3.670266390243903061e+02
4.807973648341663520e-01 3.403092857791912138e+02
5.009150981177412643e-01 3.209361169403284180e+02
5.204555984555984116e-01 2.977856389961389709e+02
5.419053527118044000e-01 2.835154473590924908e+02
5.606541598694942952e-01 2.626105138662316563e+02
5.706576338400528581e-01 2.484921381361533292e+02
