2.166666666666666741e-02 4.180774500000000444e+03
4.454545454545454780e-02 4.042335454545454013e+03
6.211111111111110999e-02 3.260055999999999585e+03
8.302469135802469091e-02 2.260051481481481460e+03
1.001960784313725428e-01 1.853085980392157126e+03
1.238590604026845732e-01 1.437355167785234698e+03
1.404228855721393054e-01 1.126887104477611956e+03
1.630075187969924899e-01 9.501753157894735295e+02
1.808858858858858887e-01 7.918071651651652019e+02
2.036394557823129059e-01 6.055115600907029147e+02
2.190557939914163088e-01 5.284775107296137548e+02
2.426502732240437277e-01 4.023843387978141664e+02
2.596589259796807103e-01 3.771056719883890196e+02
2.811171662125340753e-01 3.773335749318801504e+02
3.008784530386739986e-01 3.293455027624310105e+02
3.206315289648623001e-01 2.900623266856600253e+02
3.399619047619047429e-01 2.556233761904762218e+02
3.619689737470166979e-01 2.143680023866348279e+02
3.799070887818307152e-01 1.985559958706125485e+02
4.013341804320203487e-01 1.803265006353240096e+02
4.195595854922279933e-01 1.653355451928612467e+02
4.407771883289124948e-01 1.540354302387267751e+02
4.600780487804878027e-01 1.486495517073170731e+02
4.807973648341663520e-01 1.346901930940481691e+02
5.009150981177412643e-01 1.201795294353223937e+02
5.204555984555984116e-01 1.159711200772200783e+02
5.419053527118044000e-01 1.070787807160581337e+02
5.606541598694942952e-01 9.949277957585643151e+01
5.706576338400528581e-01 9.815591077329808911e+01
