2.166666666666666741e-02 1.183720566666666673e+04
4.454545454545454780e-02 6.901622727272727388e+03
6.211111111111110999e-02 4.792861333333333278e+03
8.302469135802469091e-02 3.621320246913580377e+03
1.001960784313725428e-01 2.910117647058823422e+03
1.238590604026845732e-01 2.308659194630872207e+03
1.404228855721393054e-01 1.839691293532338022e+03
1.630075187969924899e-01 1.542602293233082491e+03
1.808858858858858887e-01 1.358729429429429274e+03
2.036394557823129059e-01 1.071647374149659754e+03
2.190557939914163088e-01 8.753017296137339827e+02
2.426502732240437277e-01 6.722608051001820968e+02
2.596589259796807103e-01 6.504509187227865823e+02
2.811171662125340753e-01 6.327135204359672116e+02
3.008784530386739986e-01 5.613520143646408087e+02
3.206315289648623001e-01 5.111513029439695401e+02
3.399619047619047429e-01 4.382164638095238161e+02
3.619689737470166979e-01 3.716423651551312446e+02
3.799070887818307152e-01 3.476935154852030223e+02
4.013341804320203487e-01 3.112729987293519684e+02
4.195595854922279933e-01 2.903938341968912482e+02
4.407771883289124948e-01 2.728265809018567438e+02
4.600780487804878027e-01 2.593338692682926876e+02
4.807973648341663520e-01 2.380792707860063615e+02
5.009150981177412643e-01 2.237410336403684425e+02
5.204555984555984116e-01 2.153127637065637430e+02
5.419053527118044000e-01 1.990946448068061159e+02
5.606541598694942952e-01 1.845688179445350556e+02
5.706576338400528581e-01 1.790477164573694608e+02
