2.166666666666666741e-02 8.034728333333333467e+03
4.454545454545454780e-02 6.007555454545454268e+03
6.211111111111110999e-02 5.001204000000000633e+03
8.302469135802469091e-02 3.703192839506172731e+03
1.001960784313725428e-01 2.839261568627450742e+03
1.238590604026845732e-01 2.099473154362416153e+03
1.404228855721393054e-01 1.654792487562188853e+03
1.630075187969924899e-01 1.468488120300751689e+03
1.808858858858858887e-01 1.342839369369369479e+03
2.036394557823129059e-01 1.044250013605442064e+03
2.190557939914163088e-01 8.467057103004291321e+02
2.426502732240437277e-01 6.751919726775955723e+02
2.596589259796807103e-01 6.372273860667634153e+02
2.811171662125340753e-01 6.054828119891009237e+02
3.008784530386739986e-01 5.486260055248618528e+02
3.206315289648623001e-01 4.931037891737891528e+02
3.399619047619047429e-01 4.161278714285714386e+02
3.619689737470166979e-01 3.576153723150358132e+02
3.799070887818307152e-01 3.261638912594632416e+02
4.013341804320203487e-01 2.906988900889453475e+02
4.195595854922279933e-01 2.738438589522164648e+02
4.407771883289124948e-01 2.664877570291777147e+02
4.600780487804878027e-01 2.489900185365853531e+02
4.807973648341663520e-01 2.202807814629713903e+02
5.009150981177412643e-01 2.090273648378053508e+02
5.204555984555984116e-01 2.005410501930501823e+02
5.419053527118044000e-01 1.874269003899326265e+02
5.606541598694942952e-01 1.733397716150081749e+02
5.706576338400528581e-01 1.684430667547918006e+02
