-2.175000000000000000e+01 3.427732542250349290e+00 3.253987510916926396e-01
-2.125000000000000000e+01 2.470076108238783430e+00 1.836218303237218685e-01
-2.075000000000000000e+01 2.192829210458591138e+00 1.105571892212204171e-01
-2.025000000000000000e+01 2.019536106308906565e+00 6.239553214455804270e-02
-1.975000000000000000e+01 1.872714144953590454e+00 3.427651814743336994e-02
-1.925000000000000000e+01 1.846401973300062282e+00 2.005274217230828063e-02
-1.875000000000000000e+01 1.778335208907408482e+00 1.421214061593243858e-02
-1.825000000000000000e+01 1.765194318343517033e+00 1.190946698925381998e-02
-1.775000000000000000e+01 1.761415448535821771e+00 1.060463426469735772e-02
-1.725000000000000000e+01 1.715996785161036930e+00 9.081071615891139759e-03
-1.675000000000000000e+01 1.628491404925567210e+00 7.881855787980946229e-03
-1.625000000000000000e+01 1.578085367550636775e+00 7.189543578047605070e-03
-1.575000000000000000e+01 1.516365500887553175e+00 6.518167525662800672e-03
-1.525000000000000000e+01 1.472687181189291872e+00 5.938463231634725017e-03
-1.475000000000000000e+01 1.410462824318014841e+00 5.499509781370834870e-03
-1.425000000000000000e+01 1.332282974577212453e+00 4.955554065914202951e-03
