2.166666666666666741e-02 4.538793500000000349e+05
4.454545454545454780e-02 1.342540954545454588e+05
6.211111111111110999e-02 1.319638888888888869e+04
8.302469135802469091e-02 1.083558938271604893e+04
1.001960784313725428e-01 8.982388627450980493e+03
1.238590604026845732e-01 9.744323624161073894e+03
1.404228855721393054e-01 9.554784378109452518e+03
1.630075187969924899e-01 6.806169022556390701e+03
1.808858858858858887e-01 5.089688948948948564e+03
2.036394557823129059e-01 5.607081224489795204e+03
2.190557939914163088e-01 4.215152409871244345e+03
2.426502732240437277e-01 1.885746089253187392e+03
2.596589259796807103e-01 2.841149375907111789e+03
2.811171662125340753e-01 2.111583241144413932e+03
3.008784530386739986e-01 1.686871932596684928e+03
3.206315289648623001e-01 1.939056486229819484e+03
3.399619047619047429e-01 2.178216761904761825e+03
3.619689737470166979e-01 3.223961813842481661e+03
3.799070887818307152e-01 2.798875815554026303e+03
4.013341804320203487e-01 2.076765495552731863e+03
4.195595854922279933e-01 1.861343839953943416e+03
4.407771883289124948e-01 1.649151819628646990e+03
4.600780487804878027e-01 1.169769785951219546e+03
4.807973648341663520e-01 1.027547733393911813e+03
5.009150981177412643e-01 1.219192492991589916e+03
5.204555984555984116e-01 1.742575812741312802e+03
5.419053527118044000e-01 1.862287465437788114e+03
5.606541598694942952e-01 1.071428737683523650e+03
5.706576338400528581e-01 7.177248916060806323e+02
