2.166666666666666741e-02 3.782204299999999876e+03
4.454545454545454780e-02 3.513039090909091101e+03
6.211111111111110999e-02 2.723298888888888996e+03
8.302469135802469091e-02 1.869569753086419723e+03
1.001960784313725428e-01 1.586248137254901849e+03
1.238590604026845732e-01 1.179614765100671093e+03
1.404228855721393054e-01 9.019608059701492948e+02
1.630075187969924899e-01 7.920456804511278506e+02
1.808858858858858887e-01 6.539536606606606028e+02
2.036394557823129059e-01 4.884726145124716936e+02
2.190557939914163088e-01 4.364755064377682174e+02
2.426502732240437277e-01 3.319321511839708592e+02
2.596589259796807103e-01 2.986115283018868354e+02
2.811171662125340753e-01 3.023331076294278432e+02
3.008784530386739986e-01 2.743376110497237619e+02
3.206315289648623001e-01 2.445295261158594542e+02
3.399619047619047429e-01 2.103827647619047525e+02
3.619689737470166979e-01 1.718993126491646706e+02
3.799070887818307152e-01 1.627581245698554540e+02
4.013341804320203487e-01 1.491396893265565211e+02
4.195595854922279933e-01 1.301282371905584228e+02
4.407771883289124948e-01 1.242536482758620764e+02
4.600780487804878027e-01 1.191055273170731539e+02
4.807973648341663520e-01 1.019077662880508939e+02
5.009150981177412643e-01 9.504113608329996055e+01
5.204555984555984116e-01 9.465153895752894186e+01
5.419053527118044000e-01 8.708283413683091112e+01
5.606541598694942952e-01 7.960361973898857002e+01
5.706576338400528581e-01 7.705442042300064998e+01
