2.166666666666666741e-02 5.613091733333333650e+03
4.454545454545454780e-02 5.176016818181818962e+03
6.211111111111110999e-02 4.579230888888888330e+03
8.302469135802469091e-02 3.215241111111110513e+03
1.001960784313725428e-01 2.367241078431372898e+03
1.238590604026845732e-01 1.773421879194630719e+03
1.404228855721393054e-01 1.445339701492537188e+03
1.630075187969924899e-01 1.260349195488721534e+03
1.808858858858858887e-01 1.059692150150150155e+03
2.036394557823129059e-01 8.142359138321995715e+02
2.190557939914163088e-01 7.116079957081544762e+02
2.426502732240437277e-01 5.555666302367941398e+02
2.596589259796807103e-01 5.141390072568939331e+02
2.811171662125340753e-01 5.335920899182560788e+02
3.008784530386739986e-01 4.903123425414364078e+02
3.206315289648623001e-01 4.158624368471035950e+02
3.399619047619047429e-01 3.436499552380952309e+02
3.619689737470166979e-01 2.895257303102625315e+02
3.799070887818307152e-01 2.760640791465932580e+02
4.013341804320203487e-01 2.563915635324015057e+02
4.195595854922279933e-01 2.392163788140472036e+02
4.407771883289124948e-01 2.193548238726790487e+02
4.600780487804878027e-01 2.069257907317073091e+02
4.807973648341663520e-01 1.908462099045888181e+02
5.009150981177412643e-01 1.767012370845014004e+02
5.204555984555984116e-01 1.677443320463320617e+02
5.419053527118044000e-01 1.508555260545905696e+02
5.606541598694942952e-01 1.420334920065252788e+02
5.706576338400528581e-01 1.424831229345670920e+02
