2.166666666666666741e-02 4.213353166666666511e+05
4.454545454545454780e-02 1.359416909090909176e+05
6.211111111111110999e-02 1.964576444444444496e+04
8.302469135802469091e-02 1.277989629629629417e+04
1.001960784313725428e-01 8.519647745098038286e+03
1.238590604026845732e-01 7.614231879194629983e+03
1.404228855721393054e-01 8.164469253731342178e+03
1.630075187969924899e-01 6.205826804511277260e+03
1.808858858858858887e-01 5.309899249249248896e+03
2.036394557823129059e-01 4.343316825396825152e+03
2.190557939914163088e-01 2.719876394849785356e+03
2.426502732240437277e-01 2.006827905282331585e+03
2.596589259796807103e-01 2.530431233671988139e+03
2.811171662125340753e-01 2.931814032697547646e+03
3.008784530386739986e-01 2.685845060773480327e+03
3.206315289648623001e-01 2.675465669515669560e+03
3.399619047619047429e-01 2.704933714285714814e+03
3.619689737470166979e-01 2.433693532219570443e+03
3.799070887818307152e-01 2.311509938059188244e+03
4.013341804320203487e-01 2.159086016518424458e+03
4.195595854922279933e-01 1.659234621761657763e+03
4.407771883289124948e-01 1.130038909283819748e+03
4.600780487804878027e-01 1.292452788292682953e+03
4.807973648341663520e-01 1.398965968196274389e+03
5.009150981177412643e-01 1.244840330796956323e+03
5.204555984555984116e-01 1.059370111969111804e+03
5.419053527118044000e-01 1.073942637362637470e+03
5.606541598694942952e-01 7.578742854812397809e+02
5.706576338400528581e-01 3.439643919365498732e+02
