2.166666666666666741e-02 9.195374833333333663e+04
4.454545454545454780e-02 3.214249095454545750e+04
6.211111111111110999e-02 8.926473799999997937e+03
8.302469135802469091e-02 6.314241234567901301e+03
1.001960784313725428e-01 3.676189421568627495e+03
1.238590604026845732e-01 4.071898664429530072e+03
1.404228855721393054e-01 3.336963621890547074e+03
1.630075187969924899e-01 2.699417323308270625e+03
1.808858858858858887e-01 2.881747267267267489e+03
2.036394557823129059e-01 2.592219591836734253e+03
2.190557939914163088e-01 1.861769435622317360e+03
2.426502732240437277e-01 1.773102945355191196e+03
2.596589259796807103e-01 2.125274368650217639e+03
2.811171662125340753e-01 1.361847384196185203e+03
3.008784530386739986e-01 5.544160441988950652e+02
3.206315289648623001e-01 6.548916334283001106e+02
3.399619047619047429e-01 9.044149495238095824e+02
3.619689737470166979e-01 1.157424460620524997e+03
3.799070887818307152e-01 1.060558602890571137e+03
4.013341804320203487e-01 5.090877547649300823e+02
4.195595854922279933e-01 1.975733655728266740e+02
4.407771883289124948e-01 4.876748503978780036e+02
4.600780487804878027e-01 5.930912648780487189e+02
4.807973648341663520e-01 -2.398820536119920632e+00
5.009150981177412643e-01 2.367096083299960014e+02
5.204555984555984116e-01 6.439370930501930843e+02
5.419053527118044000e-01 5.415565824175823764e+02
5.606541598694942952e-01 4.873519862969004635e+02
5.706576338400528581e-01 4.697829966953073608e+02
