3.910000000000000142e+01 4.149683358382356246e+00 1.922975207839080936e+00 7.472195227297268299e-04 7.472195227297268299e-04
3.930000000000000426e+01 4.209185876516456482e+00 2.033196283397440407e+00 9.226865349314328441e-04 9.226865349314328441e-04
3.950000000000000000e+01 4.244757552644017551e+00 1.942848755712432540e+00 1.039304610733182135e-03 1.039304610733182135e-03
3.970000000000000284e+01 4.323709194336211148e+00 2.194135783875552193e+00 1.258503401360544201e-03 1.258503401360544201e-03
3.989999999999999858e+01 4.272714926586404616e+00 2.006096848795846377e+00 1.395097721628333785e-03 1.395097721628333785e-03
4.010000000000000142e+01 3.181959066777983569e+00 1.385374641544614649e+00 5.992333441313032853e-03 5.992333441313032853e-03
4.030000000000000426e+01 4.147185656487121896e+00 1.932627230186600542e+00 1.872367994816974456e-03 1.872367994816974456e-03
4.050000000000000000e+01 3.950055164648117234e+00 1.717048493948503118e+00 2.133678868372746069e-03 2.133678868372746069e-03
4.070000000000000284e+01 3.865758380373094383e+00 1.799063070898055283e+00 2.629845589029262444e-03 2.629845589029262444e-03
4.089999999999999858e+01 3.645787980675404327e+00 1.673084209913806575e+00 3.183781449087571495e-03 3.183781449087571495e-03
4.110000000000000142e+01 3.396227882123591613e+00 1.510394098811300934e+00 4.319727891156462628e-03 4.319727891156462628e-03
4.130000000000000426e+01 3.156925647233791210e+00 1.274536608259557502e+00 5.755857898715041263e-03 5.755857898715041263e-03
4.150000000000000000e+01 2.937602790528649699e+00 1.086568208236790678e+00 8.284202569916855954e-03 8.284202569916855954e-03
4.170000000000000284e+01 2.763848765423674525e+00 8.542387292113422514e-01 1.179624230644638755e-02 1.179624230644638755e-02
4.189999999999999858e+01 2.646655020655925838e+00 6.438530023298348892e-01 1.598855415181945835e-02 1.598855415181945835e-02
4.210000000000000142e+01 2.577073192085012288e+00 5.171952932673912207e-01 1.939909297052154133e-02 1.939909297052154133e-02
4.230000000000000426e+01 2.554713440914051059e+00 4.282334253105172239e-01 1.746733614080552693e-02 1.746733614080552693e-02
4.250000000000000000e+01 2.602436390369461172e+00 4.378307741289650390e-01 9.143181081956592779e-03 9.143181081956592779e-03
4.270000000000000284e+01 2.762240206016040478e+00 6.001560113716525313e-01 2.640103660511823602e-03 2.640103660511823602e-03
4.289999999999999858e+01 2.879082752171256754e+00 6.112105015699874633e-01 9.518410538818702481e-04 9.518410538818702481e-04
4.310000000000000142e+01 2.920203102158538400e+00 6.235296555898901527e-01 5.631141345427059450e-04 5.631141345427059450e-04
4.330000000000000426e+01 2.935892972383376431e+00 5.708523337587083635e-01 3.325774754346182941e-04 3.325774754346182941e-04
4.350000000000000000e+01 3.017223528451316916e+00 5.822035506806981786e-01 1.592700572292409162e-04 1.592700572292409162e-04
4.370000000000000284e+01 3.097709437792139031e+00 5.134897296240376052e-01 5.506964690638160284e-05 5.506964690638160284e-05
4.389999999999999858e+01 3.119584586077643884e+00 4.309699065815566499e-01 1.673685347154734855e-05 1.673685347154734855e-05
