2.166666666666666741e-02 3.703725399999999809e+03
4.454545454545454780e-02 4.052968181818182074e+03
6.211111111111110999e-02 3.524205777777778167e+03
8.302469135802469091e-02 2.407773950617283845e+03
1.001960784313725428e-01 1.881221078431372462e+03
1.238590604026845732e-01 1.447960939597315473e+03
1.404228855721393054e-01 1.209661184079601981e+03
1.630075187969924899e-01 1.058007443609022403e+03
1.808858858858858887e-01 8.668185285285285318e+02
2.036394557823129059e-01 6.759500045351475137e+02
2.190557939914163088e-01 5.760983905579398652e+02
2.426502732240437277e-01 4.255833187613843620e+02
2.596589259796807103e-01 4.015785805515239417e+02
2.811171662125340753e-01 4.026040885558582545e+02
3.008784530386739986e-01 3.581450861878453225e+02
3.206315289648623001e-01 3.197774995251662062e+02
3.399619047619047429e-01 2.776196923809524151e+02
3.619689737470166979e-01 2.307166062052506277e+02
3.799070887818307152e-01 2.158199277357192329e+02
4.013341804320203487e-01 1.977046156289707710e+02
4.195595854922279933e-01 1.763820368451353033e+02
4.407771883289124948e-01 1.631674058355437751e+02
4.600780487804878027e-01 1.551512580487805053e+02
4.807973648341663520e-01 1.411958650613357520e+02
5.009150981177412643e-01 1.357822170604725613e+02
5.204555984555984116e-01 1.279116065637065560e+02
5.419053527118044000e-01 1.152509326479971605e+02
5.606541598694942952e-01 1.068733710277324747e+02
5.706576338400528581e-01 1.032715361533377489e+02
