3.910000000000000142e+01 1.830881811392868652e+00 3.886938878401534625e-01 4.662941367022999800e-02 4.662941367022999800e-02
3.930000000000000426e+01 1.826232808081375669e+00 3.548441013838709024e-01 7.494277075909729080e-02 7.494277075909729080e-02
3.950000000000000000e+01 1.830585740130385108e+00 3.030439180622914175e-01 1.145000539898499148e-01 1.145000539898499148e-01
3.970000000000000284e+01 1.835593446228385384e+00 2.674154603881092607e-01 2.056235827664399107e-01 2.056235827664399107e-01
3.989999999999999858e+01 1.838902068682668034e+00 1.984416295563970756e-01 3.866931216931216997e-01 3.866931216931216997e-01
4.010000000000000142e+01 1.883851570634513362e+00 2.356274846565859227e-01 4.329721412374473721e-01 4.329721412374473721e-01
4.030000000000000426e+01 1.918836815789072947e+00 2.554052947434422571e-01 2.642819349962207132e-01 2.642819349962207132e-01
4.050000000000000000e+01 1.965482265657020555e+00 2.601024036429068764e-01 2.275515603066623482e-01 2.275515603066623482e-01
4.070000000000000284e+01 2.002261300181106041e+00 2.929979321794751179e-01 2.131557067271352968e-01 2.131557067271352968e-01
4.089999999999999858e+01 2.052057545451710929e+00 3.436908078388463128e-01 1.490530180326098686e-01 1.490530180326098686e-01
4.110000000000000142e+01 2.108445258920010001e+00 3.915920650030868533e-01 1.150442716769247420e-01 1.150442716769247420e-01
4.130000000000000426e+01 2.153142132829797717e+00 3.884557887485862171e-01 1.047214123744736047e-01 1.047214123744736047e-01
4.150000000000000000e+01 2.212460551046902424e+00 4.155908467302565357e-01 8.608195659216066886e-02 8.608195659216066886e-02
4.170000000000000284e+01 2.286936286461747514e+00 4.271420726887579788e-01 6.604254400172768213e-02 6.604254400172768213e-02
4.189999999999999858e+01 2.354263041212105279e+00 4.076893465275840955e-01 5.225839542166072632e-02 5.225839542166072632e-02
4.210000000000000142e+01 2.426086612641870754e+00 4.075912394187588550e-01 3.700896231508476325e-02 3.700896231508476325e-02
4.230000000000000426e+01 2.500730023689888171e+00 3.985801430013344304e-01 2.180596047942986657e-02 2.180596047942986657e-02
4.250000000000000000e+01 2.586328588147020824e+00 4.325880618892768981e-01 9.624230644638808591e-03 9.624230644638808591e-03
4.270000000000000284e+01 2.742275968144670450e+00 5.959507497139177046e-01 2.751322751322751465e-03 2.751322751322751465e-03
4.289999999999999858e+01 2.851217434569720766e+00 6.100592380370658541e-01 9.982723248029370684e-04 9.982723248029370684e-04
4.310000000000000142e+01 2.892492235695809377e+00 6.232217255328685868e-01 5.890292624986502319e-04 5.890292624986502319e-04
4.330000000000000426e+01 2.926427996528930819e+00 5.721278463793024738e-01 3.374365619263578614e-04 3.374365619263578614e-04
4.350000000000000000e+01 3.017223528451316916e+00 5.822035506806981786e-01 1.592700572292409162e-04 1.592700572292409162e-04
4.370000000000000284e+01 3.097709437792139031e+00 5.134897296240376052e-01 5.506964690638160284e-05 5.506964690638160284e-05
4.389999999999999858e+01 3.119584586077643884e+00 4.309699065815566499e-01 1.673685347154734855e-05 1.673685347154734855e-05
