3.910000000000000142e+01 1.761958300295622282e+00 8.516345219907012556e-03
3.929999999999999716e+01 1.804818930564670687e+00 9.430400575111371961e-03
3.950000000000000000e+01 1.863824289555276570e+00 1.025575787836688693e-02
3.970000000000000284e+01 1.942932974019482950e+00 1.090109365154925958e-02
3.989999999999999858e+01 1.975856227207760885e+00 1.158425996377161760e-02
4.010000000000000142e+01 2.060091257360887607e+00 1.031661091477343445e-02
4.029999999999999716e+01 2.094240578917611728e+00 1.336748864802401321e-02
4.050000000000000000e+01 2.220645657347910973e+00 1.432451775150768089e-02
4.070000000000000284e+01 2.294157022974558924e+00 1.517648345201588408e-02
4.089999999999999858e+01 2.326141076453363876e+00 1.605545756987594719e-02
4.110000000000000142e+01 2.424139649925071804e+00 1.763534140997312719e-02
4.129999999999999716e+01 2.426266571266638028e+00 2.067846136447746772e-02
4.150000000000000000e+01 2.480579067820265049e+00 2.742581622133016470e-02
4.170000000000000284e+01 2.549402173601348576e+00 4.848832460236954245e-02
4.189999999999999858e+01 2.832131918434461326e+00 9.896312817957900188e-02
4.210000000000000142e+01 3.144216789773589760e+00 1.654122456710810651e-01
4.229999999999999716e+01 2.839921022952074825e+00 2.688168775451045822e-01
4.250000000000000000e+01 3.266070543218623001e+00 4.289916233576598903e-01
4.270000000000000284e+01 3.870581138654917375e+00 7.938187486337761056e-01
4.289999999999999858e+01 6.177081794348181276e+00 2.080068055254790327e+00
