2.166666666666666741e-02 4.387715000000000000e+05
4.454545454545454780e-02 9.683871818181817071e+04
6.211111111111110999e-02 -2.456602666666667210e+04
8.302469135802469091e-02 -2.118101481481481824e+04
1.001960784313725428e-01 2.527602941176468448e+03
1.238590604026845732e-01 -1.586543288590604061e+04
1.404228855721393054e-01 -1.901590995024875883e+04
1.630075187969924899e-01 1.298485977443609045e+04
1.808858858858858887e-01 -7.664575975975975780e+03
2.036394557823129059e-01 -1.145925331972789172e+04
2.190557939914163088e-01 1.986722314592274415e+04
2.426502732240437277e-01 2.342856994535519334e+04
2.596589259796807103e-01 4.742311262699566214e+03
2.811171662125340753e-01 7.792554346049047126e+03
3.008784530386739986e-01 1.524175649723756760e+04
3.206315289648623001e-01 6.355799506172839756e+03
3.399619047619047429e-01 6.692131961904762647e+03
3.619689737470166979e-01 1.511398176610978589e+04
3.799070887818307152e-01 2.255690688231246440e+03
4.013341804320203487e-01 -1.042150662642948009e+04
4.195595854922279933e-01 -9.676885250431778331e+03
4.407771883289124948e-01 -2.921056381962867363e+03
4.600780487804878027e-01 3.546570985365853176e+03
4.807973648341663520e-01 2.350949840981372745e+03
5.009150981177412643e-01 -1.049104917901481485e+03
5.204555984555984116e-01 -2.534178756756756684e+03
5.419053527118044000e-01 1.985844735909257963e+01
5.606541598694942952e-01 -3.376480753670472950e+03
5.706576338400528581e-01 -8.682263126239258781e+03
