2.166666666666666741e-02 3.150919550000000163e+04
4.454545454545454780e-02 1.351463454545454442e+04
6.211111111111110999e-02 6.496899111111109960e+03
8.302469135802469091e-02 4.315610617283950887e+03
1.001960784313725428e-01 2.961859215686274638e+03
1.238590604026845732e-01 2.464688456375838541e+03
1.404228855721393054e-01 2.157597562189054770e+03
1.630075187969924899e-01 1.965277631578947194e+03
1.808858858858858887e-01 1.603264564564564807e+03
2.036394557823129059e-01 1.273020748299319848e+03
2.190557939914163088e-01 1.194351459227467785e+03
2.426502732240437277e-01 9.201149398907102750e+02
2.596589259796807103e-01 8.516635863570392075e+02
2.811171662125340753e-01 7.848805531335150363e+02
3.008784530386739986e-01 7.245439414364640243e+02
3.206315289648623001e-01 6.858517559354226023e+02
3.399619047619047429e-01 5.391023209523809783e+02
3.619689737470166979e-01 4.379968735083532465e+02
3.799070887818307152e-01 4.250857295251204846e+02
4.013341804320203487e-01 3.780060279542566946e+02
4.195595854922279933e-01 3.393979176741507899e+02
4.407771883289124948e-01 3.428546875331564934e+02
4.600780487804878027e-01 3.322084175609756471e+02
4.807973648341663520e-01 3.119251949114038780e+02
5.009150981177412643e-01 2.941049871846215069e+02
5.204555984555984116e-01 2.721355613899614241e+02
5.419053527118044000e-01 2.657602151719248695e+02
5.606541598694942952e-01 2.526599419249592415e+02
5.706576338400528581e-01 2.446853417052214184e+02
