2.166666666666666741e-02 3.322091650000000300e+03
4.454545454545454780e-02 3.251598636363636160e+03
6.211111111111110999e-02 2.520257999999999811e+03
8.302469135802469091e-02 1.743287160493827287e+03
1.001960784313725428e-01 1.461994215686274629e+03
1.238590604026845732e-01 1.086848818791946314e+03
1.404228855721393054e-01 8.445684079601990106e+02
1.630075187969924899e-01 7.389053458646616264e+02
1.808858858858858887e-01 6.309089009009009033e+02
2.036394557823129059e-01 4.741300816326530025e+02
2.190557939914163088e-01 4.037770278969957189e+02
2.426502732240437277e-01 3.012781657559198720e+02
2.596589259796807103e-01 2.735308679245283088e+02
2.811171662125340753e-01 2.824069632152588838e+02
3.008784530386739986e-01 2.527036850828729087e+02
3.206315289648623001e-01 2.224820484330484476e+02
3.399619047619047429e-01 1.925402628571428352e+02
3.619689737470166979e-01 1.583173293556085923e+02
3.799070887818307152e-01 1.510443558155540131e+02
4.013341804320203487e-01 1.370682858958068664e+02
4.195595854922279933e-01 1.211459165227403503e+02
4.407771883289124948e-01 1.143179957559681696e+02
4.600780487804878027e-01 1.066789930731707301e+02
4.807973648341663520e-01 9.407225088596092633e+01
5.009150981177412643e-01 8.857179459351220885e+01
5.204555984555984116e-01 8.496560586872587351e+01
5.419053527118044000e-01 7.737666306274371664e+01
5.606541598694942952e-01 7.227274606851548810e+01
5.706576338400528581e-01 7.157549418374090067e+01
