2.166666666666666741e-02 9.021811166666667850e+04
4.454545454545454780e-02 3.635787590909090795e+04
6.211111111111110999e-02 1.880255711111110941e+04
8.302469135802469091e-02 1.338613703703703868e+04
1.001960784313725428e-01 5.724044313725490611e+03
1.238590604026845732e-01 2.830902953020134646e+03
1.404228855721393054e-01 2.085339631840796301e+03
1.630075187969924899e-01 1.605564590225563961e+03
1.808858858858858887e-01 2.351091156156156103e+03
2.036394557823129059e-01 2.462973741496598450e+03
2.190557939914163088e-01 2.006226437768240430e+03
2.426502732240437277e-01 2.627781020036429709e+03
2.596589259796807103e-01 2.465722037735849426e+03
2.811171662125340753e-01 1.018940971389645824e+03
3.008784530386739986e-01 7.098745713149171479e+02
3.206315289648623001e-01 9.590956581576449480e+02
3.399619047619047429e-01 6.909779323809524385e+02
3.619689737470166979e-01 6.095985322195704157e+02
3.799070887818307152e-01 4.919710323468685829e+02
4.013341804320203487e-01 1.518669752223634077e+02
4.195595854922279933e-01 1.127636090961427584e+02
4.407771883289124948e-01 4.460795862068964368e+01
4.600780487804878027e-01 -6.288900487804877315e+00
4.807973648341663520e-01 4.051123907314856751e+02
5.009150981177412643e-01 6.258222290748899468e+02
5.204555984555984116e-01 2.622941791891892080e+02
5.419053527118044000e-01 7.052696947890818535e+01
5.606541598694942952e-01 2.048205128221859468e+02
5.706576338400528581e-01 3.072138565763384008e+02
