2.166666666666666741e-02 5.438288649999999507e+03
4.454545454545454780e-02 4.777224090909090592e+03
6.211111111111110999e-02 4.050365999999999985e+03
8.302469135802469091e-02 2.831092592592592609e+03
1.001960784313725428e-01 2.205396470588235388e+03
1.238590604026845732e-01 1.693636375838926369e+03
1.404228855721393054e-01 1.327252477611940321e+03
1.630075187969924899e-01 1.144926090225563712e+03
1.808858858858858887e-01 9.878048888888888541e+02
2.036394557823129059e-01 7.573684421768707580e+02
2.190557939914163088e-01 6.277390042918455038e+02
2.426502732240437277e-01 4.747109817850637228e+02
2.596589259796807103e-01 4.376033468795355930e+02
2.811171662125340753e-01 4.291280204359672439e+02
3.008784530386739986e-01 3.949832895027624886e+02
3.206315289648623001e-01 3.575256894586894418e+02
3.399619047619047429e-01 3.071651314285714420e+02
3.619689737470166979e-01 2.473139164677804729e+02
3.799070887818307152e-01 2.313597584308327555e+02
4.013341804320203487e-01 2.157387306226175383e+02
4.195595854922279933e-01 2.028170391479562795e+02
4.407771883289124948e-01 1.890285984084880511e+02
4.600780487804878027e-01 1.768706668292682878e+02
4.807973648341663520e-01 1.586090645161290240e+02
5.009150981177412643e-01 1.503184189026831916e+02
5.204555984555984116e-01 1.456457108108108116e+02
5.419053527118044000e-01 1.316009411556185853e+02
5.606541598694942952e-01 1.236394564437194106e+02
5.706576338400528581e-01 1.204007838730997975e+02
