2.166666666666666741e-02 3.660108000000000175e+03
4.454545454545454780e-02 3.230444090909091301e+03
6.211111111111110999e-02 2.438445999999999913e+03
8.302469135802469091e-02 1.739857901234567862e+03
1.001960784313725428e-01 1.451233039215686404e+03
1.238590604026845732e-01 1.042805906040268383e+03
1.404228855721393054e-01 7.573694079601990552e+02
1.630075187969924899e-01 6.870389586466164928e+02
1.808858858858858887e-01 6.254591471471471777e+02
2.036394557823129059e-01 4.694775510204081570e+02
2.190557939914163088e-01 4.047640643776824163e+02
2.426502732240437277e-01 2.976187650273224676e+02
2.596589259796807103e-01 2.795715558780842116e+02
2.811171662125340753e-01 2.921275272479564364e+02
3.008784530386739986e-01 2.621914950276242848e+02
3.206315289648623001e-01 2.282297321937321897e+02
3.399619047619047429e-01 1.836443228571428392e+02
3.619689737470166979e-01 1.506131957040572900e+02
3.799070887818307152e-01 1.478435540261527592e+02
4.013341804320203487e-01 1.318889434561626501e+02
4.195595854922279933e-01 1.226339073114565394e+02
4.407771883289124948e-01 1.227891368700265247e+02
4.600780487804878027e-01 1.115998863414634172e+02
4.807973648341663520e-01 9.618353548387095486e+01
5.009150981177412643e-01 9.317231029235082929e+01
5.204555984555984116e-01 9.257936015444015254e+01
5.419053527118044000e-01 8.151216731655442516e+01
5.606541598694942952e-01 7.268628371941272803e+01
5.706576338400528581e-01 7.075199814937209908e+01
