2.166666666666666741e-02 1.980124916666666468e+04
4.454545454545454780e-02 9.676514090909091465e+03
6.211111111111110999e-02 5.694478888888888832e+03
8.302469135802469091e-02 3.976086172839506162e+03
1.001960784313725428e-01 2.976625196078431600e+03
1.238590604026845732e-01 2.499482348993288724e+03
1.404228855721393054e-01 1.951600845771144350e+03
1.630075187969924899e-01 1.621080112781954767e+03
1.808858858858858887e-01 1.492582642642642668e+03
2.036394557823129059e-01 1.246284104308390170e+03
2.190557939914163088e-01 1.053459508583690877e+03
2.426502732240437277e-01 7.698716302367940898e+02
2.596589259796807103e-01 7.229733149492016082e+02
2.811171662125340753e-01 7.075537384196185258e+02
3.008784530386739986e-01 6.641050497237569061e+02
3.206315289648623001e-01 6.027850094966761390e+02
3.399619047619047429e-01 5.055645552380951813e+02
3.619689737470166979e-01 4.050282863961813860e+02
3.799070887818307152e-01 3.802034019270474232e+02
4.013341804320203487e-01 3.638280883100380834e+02
4.195595854922279933e-01 3.278765780080598802e+02
4.407771883289124948e-01 3.033043909814323342e+02
4.600780487804878027e-01 2.881811965853658535e+02
4.807973648341663520e-01 2.599758727850976356e+02
5.009150981177412643e-01 2.391879711653984657e+02
5.204555984555984116e-01 2.344710891891892004e+02
5.419053527118044000e-01 2.265454636653668956e+02
5.606541598694942952e-01 2.069805158238172851e+02
5.706576338400528581e-01 1.944156966292134996e+02
