2.166666666666666741e-02 3.125520916666666380e+03
4.454545454545454780e-02 3.083669090909090755e+03
6.211111111111110999e-02 2.450495777777777676e+03
8.302469135802469091e-02 1.651611604938271739e+03
1.001960784313725428e-01 1.375209509803921492e+03
1.238590604026845732e-01 1.040946536912751526e+03
1.404228855721393054e-01 8.126574378109453392e+02
1.630075187969924899e-01 7.100030413533835372e+02
1.808858858858858887e-01 5.977750870870870585e+02
2.036394557823129059e-01 4.516276893424035848e+02
2.190557939914163088e-01 3.816990944206008294e+02
2.426502732240437277e-01 2.842696229508196666e+02
2.596589259796807103e-01 2.636011959361393338e+02
2.811171662125340753e-01 2.676564686648501379e+02
3.008784530386739986e-01 2.374466784530386860e+02
3.206315289648623001e-01 2.122809515669515577e+02
3.399619047619047429e-01 1.839472085714285754e+02
3.619689737470166979e-01 1.492952291169451087e+02
3.799070887818307152e-01 1.429808664831383282e+02
4.013341804320203487e-01 1.278306321473951641e+02
4.195595854922279933e-01 1.110906044905008656e+02
4.407771883289124948e-01 1.075108727851458923e+02
4.600780487804878027e-01 1.023767787317073186e+02
4.807973648341663520e-01 8.904048614266241657e+01
5.009150981177412643e-01 8.194699034841809748e+01
5.204555984555984116e-01 7.953119610038609721e+01
5.419053527118044000e-01 7.378000163062743866e+01
5.606541598694942952e-01 6.902159500815660920e+01
5.706576338400528581e-01 6.824880892267019306e+01
