2.166666666666666741e-02 1.113962523333333229e+04
4.454545454545454780e-02 6.850797272727272684e+03
6.211111111111110999e-02 5.155706666666666024e+03
8.302469135802469091e-02 3.678091728395061637e+03
1.001960784313725428e-01 2.618982549019607632e+03
1.238590604026845732e-01 2.055268389261744687e+03
1.404228855721393054e-01 1.665495124378109495e+03
1.630075187969924899e-01 1.493519097744361261e+03
1.808858858858858887e-01 1.327173093093093030e+03
2.036394557823129059e-01 1.002035977324263172e+03
2.190557939914163088e-01 8.463260729613733702e+02
2.426502732240437277e-01 6.441597012750454496e+02
2.596589259796807103e-01 5.930141219158200556e+02
2.811171662125340753e-01 5.745943460490462940e+02
3.008784530386739986e-01 5.411801546961326039e+02
3.206315289648623001e-01 5.042503770180437073e+02
3.399619047619047429e-01 4.159665352380952754e+02
3.619689737470166979e-01 3.417011288782816223e+02
3.799070887818307152e-01 3.169729786648313734e+02
4.013341804320203487e-01 2.868673418043201764e+02
4.195595854922279933e-01 2.752454450201497025e+02
4.407771883289124948e-01 2.605432673740053247e+02
4.600780487804878027e-01 2.520404585365853336e+02
4.807973648341663520e-01 2.305610726942298925e+02
5.009150981177412643e-01 2.118778458149779453e+02
5.204555984555984116e-01 1.942353555984555840e+02
5.419053527118044000e-01 1.730273158454448605e+02
5.606541598694942952e-01 1.696297109298531609e+02
5.706576338400528581e-01 1.706756721744877723e+02
