2.166666666666666741e-02 2.881764116666666723e+03
4.454545454545454780e-02 3.310099545454545478e+03
6.211111111111110999e-02 2.841404888888888763e+03
8.302469135802469091e-02 1.968467283950617457e+03
1.001960784313725428e-01 1.612600686274509599e+03
1.238590604026845732e-01 1.208874765100671084e+03
1.404228855721393054e-01 9.502835323383085324e+02
1.630075187969924899e-01 8.514527969924811259e+02
1.808858858858858887e-01 7.256705285285285072e+02
2.036394557823129059e-01 5.366406349206348523e+02
2.190557939914163088e-01 4.546204678111587327e+02
2.426502732240437277e-01 3.467239890710382610e+02
2.596589259796807103e-01 3.263699564586356701e+02
2.811171662125340753e-01 3.344620626702997015e+02
3.008784530386739986e-01 2.905987160220994383e+02
3.206315289648623001e-01 2.500744691358024454e+02
3.399619047619047429e-01 2.169228019047619114e+02
3.619689737470166979e-01 1.790968257756563276e+02
3.799070887818307152e-01 1.679943358568479255e+02
4.013341804320203487e-01 1.579892426937738321e+02
4.195595854922279933e-01 1.456232964881980649e+02
4.407771883289124948e-01 1.329784413793103681e+02
4.600780487804878027e-01 1.277805673170731779e+02
4.807973648341663520e-01 1.133876260790549679e+02
5.009150981177412643e-01 1.052308570284341300e+02
5.204555984555984116e-01 1.016524054054054034e+02
5.419053527118044000e-01 8.828427337823467269e+01
5.606541598694942952e-01 8.246523135399674231e+01
5.706576338400528581e-01 8.206922333113021750e+01
