3.910000000000000142e+01 4.000829388496092598e+00 1.941838394742917417e+00 1.552748083360328251e-03 1.552748083360328251e-03
3.930000000000000426e+01 3.866421795318391030e+00 1.919739573355128126e+00 1.755749919015225056e-03 1.755749919015225056e-03
3.950000000000000000e+01 3.719904003966576500e+00 1.754651376303582033e+00 2.038116834035201552e-03 2.038116834035201552e-03
3.970000000000000284e+01 3.551944908252064437e+00 1.675702466613431918e+00 2.358276643990929889e-03 2.358276643990929889e-03
3.989999999999999858e+01 3.430886083157910438e+00 1.585643354320636300e+00 3.057985098801425418e-03 3.057985098801425418e-03
4.010000000000000142e+01 3.030253032688948078e+00 1.165878317699657662e+00 8.396501457725948081e-03 8.396501457725948081e-03
4.030000000000000426e+01 3.072969544152186483e+00 1.233751465414606674e+00 5.384407731346506701e-03 5.384407731346506701e-03
4.050000000000000000e+01 2.903869311874458514e+00 1.090292894442586480e+00 7.578015333117373541e-03 7.578015333117373541e-03
4.070000000000000284e+01 2.756351930061898603e+00 8.408631233245676961e-01 1.051992225461613299e-02 1.051992225461613299e-02
4.089999999999999858e+01 2.664215939332049921e+00 6.832386323575020404e-01 1.426627793974732765e-02 1.426627793974732765e-02
4.110000000000000142e+01 2.604651807130609065e+00 5.475540081019382166e-01 1.748947197926789890e-02 1.748947197926789890e-02
4.130000000000000426e+01 2.578737725065737507e+00 4.395184298851408378e-01 1.720494547025159388e-02 1.720494547025159388e-02
4.150000000000000000e+01 2.612771659542653335e+00 4.235274740744127686e-01 1.169042220062628187e-02 1.169042220062628187e-02
4.170000000000000284e+01 2.718455443505432889e+00 5.230419472542844339e-01 4.421768707482993596e-03 4.421768707482993596e-03
4.189999999999999858e+01 2.837771246601305197e+00 4.594307457736983014e-01 1.375121477162293384e-03 1.375121477162293384e-03
4.210000000000000142e+01 2.829126569683007908e+00 4.692142556180289859e-01 6.354605334197170521e-04 6.354605334197170521e-04
4.230000000000000426e+01 2.875115714043726900e+00 5.361081663887488080e-01 3.784688478566029823e-04 3.784688478566029823e-04
4.250000000000000000e+01 2.893238113349242191e+00 5.433339646016703828e-01 2.186588921282798799e-04 2.186588921282798799e-04
4.270000000000000284e+01 2.984641393866206194e+00 5.018845896587920130e-01 1.058201058201058245e-04 1.058201058201058245e-04
4.289999999999999858e+01 3.048707848297825151e+00 3.653673615652671125e-01 3.185401144584817918e-05 3.185401144584817918e-05
