2.166666666666666741e-02 7.863155000000000291e+04
4.454545454545454780e-02 2.803642210000000341e+04
6.211111111111110999e-02 8.852982359999999971e+03
8.302469135802469091e-02 6.355301358024690671e+03
1.001960784313725428e-01 3.741160823529412028e+03
1.238590604026845732e-01 2.746939718120805537e+03
1.404228855721393054e-01 1.943365442786069480e+03
1.630075187969924899e-01 1.619480751879699255e+03
1.808858858858858887e-01 2.700019369369369088e+03
2.036394557823129059e-01 1.920745941043083803e+03
2.190557939914163088e-01 1.245667154506438010e+03
2.426502732240437277e-01 1.355849686703096722e+03
2.596589259796807103e-01 1.535428409288824469e+03
2.811171662125340753e-01 6.735315994550409187e+02
3.008784530386739986e-01 -4.541303160220994073e+02
3.206315289648623001e-01 3.875101994301994068e+02
3.399619047619047429e-01 9.058005868571427754e+02
3.619689737470166979e-01 9.920223040572792570e+02
3.799070887818307152e-01 1.223871479697178074e+03
4.013341804320203487e-01 5.959097791613723984e+02
4.195595854922279933e-01 -1.483249715601612024e+02
4.407771883289124948e-01 -3.701360792572943978e+02
4.600780487804878027e-01 -1.060476615609756124e+02
4.807973648341663520e-01 5.268804143571104959e+01
5.009150981177412643e-01 2.773179022827392828e+02
5.204555984555984116e-01 3.271491386100386194e+02
5.419053527118044000e-01 3.118471361219425830e+02
5.606541598694942952e-01 2.981018378466557692e+02
5.706576338400528581e-01 1.464354613350957948e+02
