2.166666666666666741e-02 1.180222083333333285e+04
4.454545454545454780e-02 7.528049090909091319e+03
6.211111111111110999e-02 5.447912444444445100e+03
8.302469135802469091e-02 3.865356790123456904e+03
1.001960784313725428e-01 2.854493235294117767e+03
1.238590604026845732e-01 2.190271744966442839e+03
1.404228855721393054e-01 1.840962935323383135e+03
1.630075187969924899e-01 1.604372406015037541e+03
1.808858858858858887e-01 1.389622552552552634e+03
2.036394557823129059e-01 1.118244585034013653e+03
2.190557939914163088e-01 9.023674248927039798e+02
2.426502732240437277e-01 6.557229034608378697e+02
2.596589259796807103e-01 6.420267126269957316e+02
2.811171662125340753e-01 6.160221825613078863e+02
3.008784530386739986e-01 5.680995944751381330e+02
3.206315289648623001e-01 5.366930066476733145e+02
3.399619047619047429e-01 4.584824523809523384e+02
3.619689737470166979e-01 3.801213007159904578e+02
3.799070887818307152e-01 3.481867508602890666e+02
4.013341804320203487e-01 3.118287681067344579e+02
4.195595854922279933e-01 3.162160782959124958e+02
4.407771883289124948e-01 3.070603342175066359e+02
4.600780487804878027e-01 2.756348590243902663e+02
4.807973648341663520e-01 2.391356833257609935e+02
5.009150981177412643e-01 2.239470576692030193e+02
5.204555984555984116e-01 2.172015903474903666e+02
5.419053527118044000e-01 1.945905125841900087e+02
5.606541598694942952e-01 1.842536303425774804e+02
5.706576338400528581e-01 1.827523231989425199e+02
