4.110000000000000142e+01 2.424139649925071804e+00 1.763534140997312719e-02
4.129999999999999716e+01 2.426266571266638028e+00 2.067846136447746772e-02
4.150000000000000000e+01 2.480579067820265049e+00 2.742581622133016470e-02
4.170000000000000284e+01 2.549402173601348576e+00 4.848832460236954245e-02
4.189999999999999858e+01 2.832131918434461326e+00 9.896312817957900188e-02
4.210000000000000142e+01 3.144216789773589760e+00 1.654122456710810651e-01
4.229999999999999716e+01 2.839921022952074825e+00 2.688168775451045822e-01
4.250000000000000000e+01 3.266070543218623001e+00 4.289916233576598903e-01
4.270000000000000284e+01 3.870581138654917375e+00 7.938187486337761056e-01
4.289999999999999858e+01 6.177081794348181276e+00 2.080068055254790327e+00
