2.166666666666666741e-02 2.682144516666666732e+03
4.454545454545454780e-02 2.648954090909091065e+03
6.211111111111110999e-02 1.856000666666666575e+03
8.302469135802469091e-02 1.200357827160493798e+03
1.001960784313725428e-01 1.103557686274509706e+03
1.238590604026845732e-01 7.837563489932886114e+02
1.404228855721393054e-01 5.726515373134328684e+02
1.630075187969924899e-01 5.442162330827068217e+02
1.808858858858858887e-01 4.530508798798798580e+02
2.036394557823129059e-01 3.335016303854874877e+02
2.190557939914163088e-01 2.945704721030043061e+02
2.426502732240437277e-01 2.165376484517304050e+02
2.596589259796807103e-01 2.009378722786647131e+02
2.811171662125340753e-01 2.094185367847411499e+02
3.008784530386739986e-01 1.766876994475138076e+02
3.206315289648623001e-01 1.533060028490028515e+02
3.399619047619047429e-01 1.376653314285714202e+02
3.619689737470166979e-01 1.062346295942720644e+02
3.799070887818307152e-01 1.015099039229180988e+02
4.013341804320203487e-01 1.001438818297331608e+02
4.195595854922279933e-01 8.698432492803685534e+01
4.407771883289124948e-01 7.930580641909814688e+01
4.600780487804878027e-01 7.851991399999999999e+01
4.807973648341663520e-01 6.939096074511584789e+01
5.009150981177412643e-01 6.373104793752501962e+01
5.204555984555984116e-01 6.174441223938224255e+01
5.419053527118044000e-01 5.380296157390996115e+01
5.606541598694942952e-01 5.071688123980424479e+01
5.706576338400528581e-01 5.162190152015863021e+01
