2.166666666666666741e-02 4.418574633333333622e+03
4.454545454545454780e-02 4.278487727272727170e+03
6.211111111111110999e-02 4.123442444444444845e+03
8.302469135802469091e-02 2.876965925925925603e+03
1.001960784313725428e-01 2.185413137254902267e+03
1.238590604026845732e-01 1.696415436241610450e+03
1.404228855721393054e-01 1.311754796019900368e+03
1.630075187969924899e-01 1.159541458646616775e+03
1.808858858858858887e-01 9.860501441441440420e+02
2.036394557823129059e-01 7.445932086167799753e+02
2.190557939914163088e-01 6.267942961373390744e+02
2.426502732240437277e-01 4.710336775956284328e+02
2.596589259796807103e-01 4.464402423802612248e+02
2.811171662125340753e-01 4.385940231607629016e+02
3.008784530386739986e-01 3.995127270718231784e+02
3.206315289648623001e-01 3.564002298195631511e+02
3.399619047619047429e-01 2.975248161904762014e+02
3.619689737470166979e-01 2.590664272076372185e+02
3.799070887818307152e-01 2.502976985547143727e+02
4.013341804320203487e-01 2.318012414231258163e+02
4.195595854922279933e-01 2.134190132412204832e+02
4.407771883289124948e-01 1.881307262599469539e+02
4.600780487804878027e-01 1.818042658536585634e+02
4.807973648341663520e-01 1.678652694229895701e+02
5.009150981177412643e-01 1.510721397677212678e+02
5.204555984555984116e-01 1.490699911196911103e+02
5.419053527118044000e-01 1.357683700815313728e+02
5.606541598694942952e-01 1.227597882544861250e+02
5.706576338400528581e-01 1.199313066754791635e+02
