2.166666666666666741e-02 3.511283333333333576e+04
4.454545454545454780e-02 1.378324499999999716e+04
6.211111111111110999e-02 6.679221555555554914e+03
8.302469135802469091e-02 4.602354320987654319e+03
1.001960784313725428e-01 3.237211764705882160e+03
1.238590604026845732e-01 2.701135973154362091e+03
1.404228855721393054e-01 2.155675024875622057e+03
1.630075187969924899e-01 1.866133609022556584e+03
1.808858858858858887e-01 1.594598138138137983e+03
2.036394557823129059e-01 1.262397278911564626e+03
2.190557939914163088e-01 1.141417210300429133e+03
2.426502732240437277e-01 9.515261712204007836e+02
2.596589259796807103e-01 9.855531465892597680e+02
2.811171662125340753e-01 1.006709618528610463e+03
3.008784530386739986e-01 8.281863403314915786e+02
3.206315289648623001e-01 6.836615906932572670e+02
3.399619047619047429e-01 5.375152552380952784e+02
3.619689737470166979e-01 4.369331670644391465e+02
3.799070887818307152e-01 4.372907267721954554e+02
4.013341804320203487e-01 3.975783805590851330e+02
4.195595854922279933e-01 3.530729516407599249e+02
4.407771883289124948e-01 3.780260127320954666e+02
4.600780487804878027e-01 3.540014087804877931e+02
4.807973648341663520e-01 3.377096437982734756e+02
5.009150981177412643e-01 2.937596327593112164e+02
5.204555984555984116e-01 2.521027903474903269e+02
5.419053527118044000e-01 2.556118426090039009e+02
5.606541598694942952e-01 2.558529360522022955e+02
5.706576338400528581e-01 2.777087276933245334e+02
