2.166666666666666741e-02 2.780637166666666872e+03
4.454545454545454780e-02 2.856278181818182020e+03
6.211111111111110999e-02 2.174478000000000065e+03
8.302469135802469091e-02 1.429443950617283917e+03
1.001960784313725428e-01 1.224246470588235297e+03
1.238590604026845732e-01 9.206950335570469406e+02
1.404228855721393054e-01 7.192186417910446607e+02
1.630075187969924899e-01 6.437710639097743979e+02
1.808858858858858887e-01 5.247143663663663347e+02
2.036394557823129059e-01 3.916327551020407896e+02
2.190557939914163088e-01 3.430366480686695354e+02
2.426502732240437277e-01 2.586520018214936840e+02
2.596589259796807103e-01 2.397402917271408000e+02
2.811171662125340753e-01 2.380114986376021875e+02
3.008784530386739986e-01 2.083913403314917048e+02
3.206315289648623001e-01 1.856505622032288727e+02
3.399619047619047429e-01 1.635986838095238340e+02
3.619689737470166979e-01 1.296196467780429771e+02
3.799070887818307152e-01 1.225390330350998056e+02
4.013341804320203487e-01 1.155854091486658319e+02
4.195595854922279933e-01 1.005462002302820963e+02
4.407771883289124948e-01 9.432914100795755985e+01
4.600780487804878027e-01 9.214814780487805024e+01
4.807973648341663520e-01 8.139943180372559084e+01
5.009150981177412643e-01 7.493422539046855491e+01
5.204555984555984116e-01 7.155416972972973610e+01
5.419053527118044000e-01 6.380453512938674265e+01
5.606541598694942952e-01 5.942321781402935699e+01
5.706576338400528581e-01 5.843484348975545117e+01
