2.166666666666666741e-02 1.095124099999999999e+04
4.454545454545454780e-02 7.062829090909090155e+03
6.211111111111110999e-02 5.447657777777777483e+03
8.302469135802469091e-02 3.917016049382716574e+03
1.001960784313725428e-01 2.765317058823528896e+03
1.238590604026845732e-01 2.155346845637584011e+03
1.404228855721393054e-01 1.811973432835820859e+03
1.630075187969924899e-01 1.542398233082706838e+03
1.808858858858858887e-01 1.347313363363363351e+03
2.036394557823129059e-01 1.071782340136054472e+03
2.190557939914163088e-01 9.035453261802574616e+02
2.426502732240437277e-01 6.936115737704918729e+02
2.596589259796807103e-01 6.477000406386066516e+02
2.811171662125340753e-01 6.187165490463215747e+02
3.008784530386739986e-01 5.602343060773480374e+02
3.206315289648623001e-01 5.128598271604938645e+02
3.399619047619047429e-01 4.349363323809523649e+02
3.619689737470166979e-01 3.639341217183770709e+02
3.799070887818307152e-01 3.321964218857536366e+02
4.013341804320203487e-01 2.938694434561626281e+02
4.195595854922279933e-01 2.853520224525043432e+02
4.407771883289124948e-01 2.729459644562334120e+02
4.600780487804878027e-01 2.590894097560974956e+02
4.807973648341663520e-01 2.344332553384825246e+02
5.009150981177412643e-01 2.181509126952342967e+02
5.204555984555984116e-01 2.046175478764478726e+02
5.419053527118044000e-01 1.852607770294222007e+02
5.606541598694942952e-01 1.824674701468189539e+02
5.706576338400528581e-01 1.835616047587574258e+02
