2.166666666666666741e-02 9.649746666666667443e+04
4.454545454545454780e-02 5.028355000000000291e+04
6.211111111111110999e-02 1.864807866666666450e+04
8.302469135802469091e-02 4.772745481481481875e+03
1.001960784313725428e-01 3.991589088235294184e+03
1.238590604026845732e-01 3.316155590604026656e+03
1.404228855721393054e-01 1.854569651741293455e+03
1.630075187969924899e-01 2.539827744360902216e+03
1.808858858858858887e-01 2.531034594594594637e+03
2.036394557823129059e-01 2.338484920634920400e+03
2.190557939914163088e-01 2.257633841201717132e+03
2.426502732240437277e-01 1.044680976320582658e+03
2.596589259796807103e-01 1.327182853410740336e+03
2.811171662125340753e-01 1.017865816076294209e+03
3.008784530386739986e-01 7.706709723756905817e+01
3.206315289648623001e-01 3.079038547008546516e+02
3.399619047619047429e-01 3.211217857142856928e+02
3.619689737470166979e-01 4.054325861575179033e+02
3.799070887818307152e-01 8.638385050240881355e+02
4.013341804320203487e-01 3.089106677255400655e+02
4.195595854922279933e-01 -4.872918042602187256e+02
4.407771883289124948e-01 9.723707533156498073e+01
4.600780487804878027e-01 4.272800614634146541e+02
4.807973648341663520e-01 3.626313489323035242e+02
5.009150981177412643e-01 4.351734618342010208e+02
5.204555984555984116e-01 3.452699116988417245e+02
5.419053527118044000e-01 2.933417671393123101e+02
5.606541598694942952e-01 3.619655344208808856e+02
5.706576338400528581e-01 4.571522954395240959e+02
