4.150000000000000000e+01 2.212460551046902424e+00 4.155908467302565357e-01 8.608195659216066886e-02 8.608195659216066886e-02
4.170000000000000284e+01 2.286936286461747514e+00 4.271420726887579788e-01 6.604254400172768213e-02 6.604254400172768213e-02
4.189999999999999858e+01 2.354263041212105279e+00 4.076893465275840955e-01 5.225839542166072632e-02 5.225839542166072632e-02
4.210000000000000142e+01 2.426086612641870754e+00 4.075912394187588550e-01 3.700896231508476325e-02 3.700896231508476325e-02
4.230000000000000426e+01 2.500730023689888171e+00 3.985801430013344304e-01 2.180596047942986657e-02 2.180596047942986657e-02
4.250000000000000000e+01 2.586328588147020824e+00 4.325880618892768981e-01 9.624230644638808591e-03 9.624230644638808591e-03
4.270000000000000284e+01 2.742275968144670450e+00 5.959507497139177046e-01 2.751322751322751465e-03 2.751322751322751465e-03
4.289999999999999858e+01 2.851217434569720766e+00 6.100592380370658541e-01 9.982723248029370684e-04 9.982723248029370684e-04
4.310000000000000142e+01 2.892492235695809377e+00 6.232217255328685868e-01 5.890292624986502319e-04 5.890292624986502319e-04
4.330000000000000426e+01 2.926427996528930819e+00 5.721278463793024738e-01 3.374365619263578614e-04 3.374365619263578614e-04
4.350000000000000000e+01 3.017223528451316916e+00 5.822035506806981786e-01 1.592700572292409162e-04 1.592700572292409162e-04
4.370000000000000284e+01 3.097709437792139031e+00 5.134897296240376052e-01 5.506964690638160284e-05 5.506964690638160284e-05
4.389999999999999858e+01 3.119584586077643884e+00 4.309699065815566499e-01 1.673685347154734855e-05 1.673685347154734855e-05
