2.166666666666666741e-02 5.029463650000000598e+03
4.454545454545454780e-02 4.525802727272727680e+03
6.211111111111110999e-02 3.900200444444444656e+03
8.302469135802469091e-02 2.699586913580246801e+03
1.001960784313725428e-01 2.091731470588234970e+03
1.238590604026845732e-01 1.648934697986577248e+03
1.404228855721393054e-01 1.290023582089552292e+03
1.630075187969924899e-01 1.105821451127819500e+03
1.808858858858858887e-01 9.447630810810809407e+02
2.036394557823129059e-01 7.136255011337868837e+02
2.190557939914163088e-01 5.954658519313304623e+02
2.426502732240437277e-01 4.615855318761384183e+02
2.596589259796807103e-01 4.287614383164006426e+02
2.811171662125340753e-01 4.086608514986376122e+02
3.008784530386739986e-01 3.789617613259669042e+02
3.206315289648623001e-01 3.407774377967710961e+02
3.399619047619047429e-01 2.914326847619047953e+02
3.619689737470166979e-01 2.395760262529832971e+02
3.799070887818307152e-01 2.239825299380592014e+02
4.013341804320203487e-01 2.090674301143583307e+02
4.195595854922279933e-01 1.938138117443868964e+02
4.407771883289124948e-01 1.785617352785146181e+02
4.600780487804878027e-01 1.699078868292682785e+02
4.807973648341663520e-01 1.532752280781462844e+02
5.009150981177412643e-01 1.416968638366039386e+02
5.204555984555984116e-01 1.374113845559845402e+02
5.419053527118044000e-01 1.251462803970223376e+02
5.606541598694942952e-01 1.182632887438825406e+02
5.706576338400528581e-01 1.159294725710509084e+02
