2.166666666666666741e-02 1.657532783333333282e+04
4.454545454545454780e-02 8.710950909090910500e+03
6.211111111111110999e-02 5.672309333333333598e+03
8.302469135802469091e-02 4.198250123456789879e+03
1.001960784313725428e-01 3.236514019607843238e+03
1.238590604026845732e-01 2.647785033557046972e+03
1.404228855721393054e-01 2.053368955223880675e+03
1.630075187969924899e-01 1.693258233082706738e+03
1.808858858858858887e-01 1.446052282282282476e+03
2.036394557823129059e-01 1.121052353741496518e+03
2.190557939914163088e-01 9.691397660944205654e+02
2.426502732240437277e-01 7.258700309653917202e+02
2.596589259796807103e-01 6.793578156748911852e+02
2.811171662125340753e-01 6.736370912806539764e+02
3.008784530386739986e-01 6.553784773480663262e+02
3.206315289648623001e-01 6.043419667616334436e+02
3.399619047619047429e-01 5.022957866666666860e+02
3.619689737470166979e-01 4.050908806682577392e+02
3.799070887818307152e-01 3.734915533379215162e+02
4.013341804320203487e-01 3.480127890724269264e+02
4.195595854922279933e-01 3.421371347150259226e+02
4.407771883289124948e-01 3.304185687002652685e+02
4.600780487804878027e-01 2.936874497560975783e+02
4.807973648341663520e-01 2.616922298955020665e+02
5.009150981177412643e-01 2.536272895474569395e+02
5.204555984555984116e-01 2.458572135135134999e+02
5.419053527118044000e-01 2.222640925203828317e+02
5.606541598694942952e-01 2.050759703099510887e+02
5.706576338400528581e-01 2.000155697290152261e+02
