2.166666666666666741e-02 2.835962966666666489e+03
4.454545454545454780e-02 2.614586818181818217e+03
6.211111111111110999e-02 1.963751333333333378e+03
8.302469135802469091e-02 1.289939604938271714e+03
1.001960784313725428e-01 1.101789196078431360e+03
1.238590604026845732e-01 8.308956912751679056e+02
1.404228855721393054e-01 6.349399154228856332e+02
1.630075187969924899e-01 5.869166842105262276e+02
1.808858858858858887e-01 4.744519369369369315e+02
2.036394557823129059e-01 3.366344625850340435e+02
2.190557939914163088e-01 3.062415858369098487e+02
2.426502732240437277e-01 2.270293205828779435e+02
2.596589259796807103e-01 2.016295834542815726e+02
2.811171662125340753e-01 2.103958760217983297e+02
3.008784530386739986e-01 1.851084353591160436e+02
3.206315289648623001e-01 1.633785052231718851e+02
3.399619047619047429e-01 1.452884952380952086e+02
3.619689737470166979e-01 1.160906682577565618e+02
3.799070887818307152e-01 1.111364707501720659e+02
4.013341804320203487e-01 1.022847484116899608e+02
4.195595854922279933e-01 8.770548439838802324e+01
4.407771883289124948e-01 8.533913713527851996e+01
4.600780487804878027e-01 8.212616136585366178e+01
4.807973648341663520e-01 6.918206456156292461e+01
5.009150981177412643e-01 6.519829495394472474e+01
5.204555984555984116e-01 6.416370722007721383e+01
5.419053527118044000e-01 5.654737795108117382e+01
5.606541598694942952e-01 5.200327135399674461e+01
5.706576338400528581e-01 5.122514943820225142e+01
