2.166666666666666741e-02 1.918401999999999825e+05
4.454545454545454780e-02 5.419476090909090999e+04
6.211111111111110999e-02 2.552504311111111019e+04
8.302469135802469091e-02 2.605533209876542969e+04
1.001960784313725428e-01 2.438608823529411893e+04
1.238590604026845732e-01 5.246052483221475995e+03
1.404228855721393054e-01 6.275865273631840864e+03
1.630075187969924899e-01 1.011375706766917210e+04
1.808858858858858887e-01 1.340394828828828577e+04
2.036394557823129059e-01 9.424921496598639351e+03
2.190557939914163088e-01 -2.149857725321885766e+02
2.426502732240437277e-01 2.759102750455373098e+03
2.596589259796807103e-01 6.311980798258345203e+03
2.811171662125340753e-01 2.017048487738419681e+03
3.008784530386739986e-01 7.846839779005527760e+01
3.206315289648623001e-01 3.119732943969610460e+03
3.399619047619047429e-01 4.064465609523810144e+03
3.619689737470166979e-01 3.139519665871121560e+03
3.799070887818307152e-01 -1.053496056434962156e+03
4.013341804320203487e-01 1.477665247776367607e+02
4.195595854922279933e-01 2.371214645941278377e+03
4.407771883289124948e-01 -6.022395798408488190e+02
4.600780487804878027e-01 -6.757443395121952108e+02
4.807973648341663520e-01 -1.327158069968196287e+03
5.009150981177412643e-01 -6.352382515018022104e+02
5.204555984555984116e-01 1.923205853281853251e+03
5.419053527118044000e-01 7.207351471109535623e+02
5.606541598694942952e-01 1.592486756933115885e+03
5.706576338400528581e-01 4.208670423000660776e+03
