2.166666666666666741e-02 1.524605301666666674e+04
4.454545454545454780e-02 7.787481818181818198e+03
6.211111111111110999e-02 4.385503111111111139e+03
8.302469135802469091e-02 2.925994074074074433e+03
1.001960784313725428e-01 2.258048725490195920e+03
1.238590604026845732e-01 1.758155503355704923e+03
1.404228855721393054e-01 1.389755522388059717e+03
1.630075187969924899e-01 1.208222067669172930e+03
1.808858858858858887e-01 1.026923861861861951e+03
2.036394557823129059e-01 7.928976757369614461e+02
2.190557939914163088e-01 6.876754592274677407e+02
2.426502732240437277e-01 5.240798925318761121e+02
2.596589259796807103e-01 4.783094223512337066e+02
2.811171662125340753e-01 4.676468719346049170e+02
3.008784530386739986e-01 4.227849060773480119e+02
3.206315289648623001e-01 3.822251177587844495e+02
3.399619047619047429e-01 3.249812238095238399e+02
3.619689737470166979e-01 2.812084391408114925e+02
3.799070887818307152e-01 2.655911486579490770e+02
4.013341804320203487e-01 2.336456651842439669e+02
4.195595854922279933e-01 2.122700207253885765e+02
4.407771883289124948e-01 2.002461432360742890e+02
4.600780487804878027e-01 1.894696317073170633e+02
4.807973648341663520e-01 1.701453671058609984e+02
5.009150981177412643e-01 1.596664629555466490e+02
5.204555984555984116e-01 1.533595034749034767e+02
5.419053527118044000e-01 1.383484707550514088e+02
5.606541598694942952e-01 1.273104874388254615e+02
5.706576338400528581e-01 1.249486609385327256e+02
