2.166666666666666741e-02 7.414043483333333825e+03
4.454545454545454780e-02 5.481262727272726806e+03
6.211111111111110999e-02 4.476588222222222612e+03
8.302469135802469091e-02 3.276800370370370729e+03
1.001960784313725428e-01 2.487538235294117840e+03
1.238590604026845732e-01 1.923185167785235080e+03
1.404228855721393054e-01 1.543098258706467732e+03
1.630075187969924899e-01 1.288221233082706703e+03
1.808858858858858887e-01 1.119799933933933971e+03
2.036394557823129059e-01 8.705879365079365471e+02
2.190557939914163088e-01 7.304458175965664850e+02
2.426502732240437277e-01 5.693740965391619966e+02
2.596589259796807103e-01 5.322618330914368698e+02
2.811171662125340753e-01 5.139638555858310838e+02
3.008784530386739986e-01 4.623189955801104816e+02
3.206315289648623001e-01 4.311467027540360846e+02
3.399619047619047429e-01 3.718018619047618927e+02
3.619689737470166979e-01 3.005627088305488996e+02
3.799070887818307152e-01 2.835596496902959416e+02
4.013341804320203487e-01 2.582712007623887871e+02
4.195595854922279933e-01 2.357197875647668468e+02
4.407771883289124948e-01 2.295442610079575729e+02
4.600780487804878027e-01 2.267801204878049077e+02
4.807973648341663520e-01 2.017310254429804388e+02
5.009150981177412643e-01 1.881486479775730913e+02
5.204555984555984116e-01 1.738735320463320306e+02
5.419053527118044000e-01 1.516409039347749115e+02
5.606541598694942952e-01 1.431770942903752086e+02
5.706576338400528581e-01 1.391593588896232632e+02
