2.166666666666666741e-02 8.981245150000000649e+03
4.454545454545454780e-02 5.472390909090909190e+03
6.211111111111110999e-02 3.619598666666666759e+03
8.302469135802469091e-02 2.478203209876543042e+03
1.001960784313725428e-01 1.911541372549019343e+03
1.238590604026845732e-01 1.434729664429529976e+03
1.404228855721393054e-01 1.178626606965174005e+03
1.630075187969924899e-01 1.044263233082706847e+03
1.808858858858858887e-01 8.611076516516516222e+02
2.036394557823129059e-01 6.624860770975055857e+02
2.190557939914163088e-01 5.711184227467809933e+02
2.426502732240437277e-01 4.159295683060108786e+02
2.596589259796807103e-01 3.890491944847605623e+02
2.811171662125340753e-01 4.022456566757492737e+02
3.008784530386739986e-01 3.634424718232044711e+02
3.206315289648623001e-01 3.234028480531814012e+02
3.399619047619047429e-01 2.724729961904761240e+02
3.619689737470166979e-01 2.253296634844868720e+02
3.799070887818307152e-01 2.103472408809359706e+02
4.013341804320203487e-01 1.934017414231257987e+02
4.195595854922279933e-01 1.776335290731145733e+02
4.407771883289124948e-01 1.648359936339522562e+02
4.600780487804878027e-01 1.566867878048780369e+02
4.807973648341663520e-01 1.419526574284416256e+02
5.009150981177412643e-01 1.362926764116940319e+02
5.204555984555984116e-01 1.278035583011583043e+02
5.419053527118044000e-01 1.124858741580999464e+02
5.606541598694942952e-01 1.053544902446982121e+02
5.706576338400528581e-01 1.031203758096497012e+02
