2.166666666666666741e-02 5.412960666666666657e+04
4.454545454545454780e-02 2.427492677272727815e+04
6.211111111111110999e-02 1.027024953333333360e+04
8.302469135802469091e-02 5.874930123456790170e+03
1.001960784313725428e-01 4.138176176470587961e+03
1.238590604026845732e-01 3.606812281879194870e+03
1.404228855721393054e-01 3.360789054726368704e+03
1.630075187969924899e-01 2.553692706766917127e+03
1.808858858858858887e-01 2.028497837837838006e+03
2.036394557823129059e-01 2.046820702947846030e+03
2.190557939914163088e-01 1.534470042918454965e+03
2.426502732240437277e-01 6.018210455373406376e+02
2.596589259796807103e-01 8.392081480406385481e+02
2.811171662125340753e-01 1.221600095367847644e+03
3.008784530386739986e-01 9.558724419889502997e+02
3.206315289648623001e-01 7.640570218423551978e+02
3.399619047619047429e-01 6.187799504761906064e+02
3.619689737470166979e-01 6.794692410501191944e+02
3.799070887818307152e-01 5.939546104611148394e+02
4.013341804320203487e-01 3.580999911054638005e+02
4.195595854922279933e-01 6.019441479562462973e+02
4.407771883289124948e-01 5.509076185676392470e+02
4.600780487804878027e-01 6.223056039024390884e+02
4.807973648341663520e-01 5.976244557019537069e+02
5.009150981177412643e-01 4.099533263916700321e+02
5.204555984555984116e-01 4.323881918918918359e+02
5.419053527118044000e-01 3.566589411556186064e+02
5.606541598694942952e-01 3.368210404567699925e+02
5.706576338400528581e-01 3.287932855254461515e+02
