3.910000000000000142e+01 4.491748111587238412e+00 8.177156851287464834e-02
3.929999999999999716e+01 4.178150619654155129e+00 7.711894389795634353e-02
3.950000000000000000e+01 4.071521760841320337e+00 7.085575829396846548e-02
3.970000000000000284e+01 3.695330280934741474e+00 6.636520362854973765e-02
3.989999999999999858e+01 3.555342569561557919e+00 5.704430755289301852e-02
4.010000000000000142e+01 3.125313254356802961e+00 3.277035133662256627e-02
4.029999999999999716e+01 3.147562146893036594e+00 4.200576037162413040e-02
4.050000000000000000e+01 2.938054919889998118e+00 3.492079514902624027e-02
4.070000000000000284e+01 2.707480810206123856e+00 2.936293219412313554e-02
4.089999999999999858e+01 2.494429298501798176e+00 2.506489487717347350e-02
4.110000000000000142e+01 2.505148997808447575e+00 2.241518625804616097e-02
4.129999999999999716e+01 2.449041156451138068e+00 2.264068204856731908e-02
4.150000000000000000e+01 2.495901642468911774e+00 2.793539793174070265e-02
4.170000000000000284e+01 2.562426530081077125e+00 4.892173105261877347e-02
4.189999999999999858e+01 2.865376591357946978e+00 1.015950154575725184e-01
4.210000000000000142e+01 3.182400247397091153e+00 1.712332963491711435e-01
4.229999999999999716e+01 2.802391291863902900e+00 2.802420221996791416e-01
4.250000000000000000e+01 3.235813424240904901e+00 4.422510939336407043e-01
4.270000000000000284e+01 3.870581138654917375e+00 7.938187486337761056e-01
4.289999999999999858e+01 6.177081794348181276e+00 2.080068055254790327e+00
