2.166666666666666741e-02 3.540565000000000000e+05
4.454545454545454780e-02 9.689474545454545296e+04
6.211111111111110999e-02 7.817737777777778319e+03
8.302469135802469091e-02 7.285976543209876581e+03
1.001960784313725428e-01 6.964335294117644480e+03
1.238590604026845732e-01 -1.148569328859060442e+04
1.404228855721393054e-01 -4.232452238805970410e+03
1.630075187969924899e-01 1.951583033834586968e+04
1.808858858858858887e-01 1.228331870870871171e+04
2.036394557823129059e-01 1.014696054421769645e+03
2.190557939914163088e-01 -5.293592381974247473e+03
2.426502732240437277e-01 -4.786483242258646555e+02
2.596589259796807103e-01 5.395852989840348528e+03
2.811171662125340753e-01 -3.677874400544959371e+03
3.008784530386739986e-01 -2.409649591160221007e+03
3.206315289648623001e-01 7.218083638176638487e+03
3.399619047619047429e-01 4.587907134285715074e+03
3.619689737470166979e-01 -1.504393269689737281e+03
3.799070887818307152e-01 4.992636751548520806e+02
4.013341804320203487e-01 1.567178710292248979e+03
4.195595854922279933e-01 4.378692657455382687e+03
4.407771883289124948e-01 4.463042910344827760e+03
4.600780487804878027e-01 1.415980985365853940e+03
4.807973648341663520e-01 -3.121991372103589129e+03
5.009150981177412643e-01 -8.607298358029645158e+01
5.204555984555984116e-01 2.429935606177606587e+03
5.419053527118044000e-01 -1.887861545551222889e+03
5.606541598694942952e-01 -3.092612391517129140e+02
5.706576338400528581e-01 1.709312083278255159e+03
