2.166666666666666741e-02 4.181855000000000000e+05
4.454545454545454780e-02 2.795355000000000000e+05
6.211111111111110999e-02 4.681324533333333238e+04
8.302469135802469091e-02 -3.369013901234567311e+04
1.001960784313725428e-01 -2.702148627450979984e+04
1.238590604026845732e-01 -3.973993959731544237e+03
1.404228855721393054e-01 4.020489552238804208e+03
1.630075187969924899e-01 -1.767722729323308158e+04
1.808858858858858887e-01 -1.922692810810810988e+04
2.036394557823129059e-01 2.532720498866212802e+04
2.190557939914163088e-01 4.286425708154505992e+04
2.426502732240437277e-01 8.679791985428051703e+03
2.596589259796807103e-01 -6.538790275761974044e+03
2.811171662125340753e-01 -6.053799618528610154e+03
3.008784530386739986e-01 1.764863113812154552e+04
3.206315289648623001e-01 2.787958148148148393e+04
3.399619047619047429e-01 1.139729017142857083e+04
3.619689737470166979e-01 -1.317635369928400678e+03
3.799070887818307152e-01 -7.650346799724708035e+03
4.013341804320203487e-01 6.652688945362135655e+02
4.195595854922279933e-01 2.316249130685089312e+03
4.407771883289124948e-01 -7.030198684350132680e+03
4.600780487804878027e-01 -1.018377742439024587e+04
4.807973648341663520e-01 -1.145525452067242259e+04
5.009150981177412643e-01 1.882525014016820478e+03
5.204555984555984116e-01 1.861173166023165322e+03
5.419053527118044000e-01 -3.346016568592697695e+03
5.606541598694942952e-01 1.924765787928222153e+03
5.706576338400528581e-01 2.218059471249173839e+03
