2.166666666666666741e-02 7.993269500000001244e+03
4.454545454545454780e-02 5.888336363636363785e+03
6.211111111111110999e-02 4.400507111111111044e+03
8.302469135802469091e-02 3.061426172839505853e+03
1.001960784313725428e-01 2.426728039215686294e+03
1.238590604026845732e-01 1.896023221476509889e+03
1.404228855721393054e-01 1.489396268656716529e+03
1.630075187969924899e-01 1.253960646616541453e+03
1.808858858858858887e-01 1.093056522522522755e+03
2.036394557823129059e-01 8.511100340136055138e+02
2.190557939914163088e-01 7.171392596566522570e+02
2.426502732240437277e-01 5.828305828779599551e+02
2.596589259796807103e-01 5.354675965166909464e+02
2.811171662125340753e-01 5.060862111716621712e+02
3.008784530386739986e-01 4.669731458563535966e+02
3.206315289648623001e-01 4.183912307692307877e+02
3.399619047619047429e-01 3.604052085714285454e+02
3.619689737470166979e-01 2.975984272076372577e+02
3.799070887818307152e-01 2.754370880935994137e+02
4.013341804320203487e-01 2.567716194409148898e+02
4.195595854922279933e-01 2.296627196315486401e+02
4.407771883289124948e-01 2.260820588859416489e+02
4.600780487804878027e-01 2.260879492682926752e+02
4.807973648341663520e-01 1.982789418446160710e+02
5.009150981177412643e-01 1.847301405686824296e+02
5.204555984555984116e-01 1.694299297297297358e+02
5.419053527118044000e-01 1.455163009571074042e+02
5.606541598694942952e-01 1.369185774877650772e+02
5.706576338400528581e-01 1.352967296761401030e+02
