2.166666666666666741e-02 3.627695999999999913e+04
4.454545454545454780e-02 1.447554545454545405e+04
6.211111111111110999e-02 6.713203111111111866e+03
8.302469135802469091e-02 4.311344814814814526e+03
1.001960784313725428e-01 3.308364019607843147e+03
1.238590604026845732e-01 2.946331543624160986e+03
1.404228855721393054e-01 2.364202835820895416e+03
1.630075187969924899e-01 2.127435939849623992e+03
1.808858858858858887e-01 1.684178948948949255e+03
2.036394557823129059e-01 1.180220748299319666e+03
2.190557939914163088e-01 1.057872210300429288e+03
2.426502732240437277e-01 9.145695664845172814e+02
2.596589259796807103e-01 8.910569985486212090e+02
2.811171662125340753e-01 9.150570177111717385e+02
3.008784530386739986e-01 7.287130817679558277e+02
3.206315289648623001e-01 5.661678698955365689e+02
3.399619047619047429e-01 4.794391780952381055e+02
3.619689737470166979e-01 4.168784105011933434e+02
3.799070887818307152e-01 4.111887515485203153e+02
4.013341804320203487e-01 4.248561950444727131e+02
4.195595854922279933e-01 3.986740466321243730e+02
4.407771883289124948e-01 3.974665899204243829e+02
4.600780487804878027e-01 3.770220112195121374e+02
4.807973648341663520e-01 3.226398841435711233e+02
5.009150981177412643e-01 2.563786115338405693e+02
5.204555984555984116e-01 2.682469409266409457e+02
5.419053527118044000e-01 3.065776362991846327e+02
5.606541598694942952e-01 3.720460300163131819e+02
5.706576338400528581e-01 4.741645062789160647e+02
