4.110000000000000142e+01 2.481828265124648603e+00 4.657198456567701039e-01 2.757099665262930516e-02 2.757099665262930516e-02
4.130000000000000426e+01 2.533322458423898915e+00 4.173615068473112699e-01 2.039736529532447731e-02 2.039736529532447731e-02
4.150000000000000000e+01 2.601911386642874024e+00 4.203703919608048900e-01 1.210020516142965193e-02 1.210020516142965193e-02
4.170000000000000284e+01 2.711318549219726037e+00 5.219431940995676866e-01 4.493035309361840222e-03 4.493035309361840222e-03
4.189999999999999858e+01 2.813131539044138041e+00 4.642031018528379738e-01 1.437209804556743332e-03 1.437209804556743332e-03
4.210000000000000142e+01 2.799243529216600024e+00 4.729215574251984244e-01 6.721736313573048460e-04 6.721736313573048460e-04
4.230000000000000426e+01 2.851103831748651007e+00 5.377075660246244393e-01 3.946658028290681345e-04 3.946658028290681345e-04
4.250000000000000000e+01 2.887344597198576057e+00 5.439201745428480228e-01 2.208184861246085704e-04 2.208184861246085704e-04
4.270000000000000284e+01 2.984641393866206194e+00 5.018845896587920130e-01 1.058201058201058245e-04 1.058201058201058245e-04
4.289999999999999858e+01 3.048707848297825151e+00 3.653673615652671125e-01 3.185401144584817918e-05 3.185401144584817918e-05
