2.166666666666666741e-02 1.437612500000000000e+05
4.454545454545454780e-02 4.254543181818181620e+04
6.211111111111110999e-02 1.200310444444444329e+04
8.302469135802469091e-02 6.445578765432098407e+03
1.001960784313725428e-01 3.899010000000000218e+03
1.238590604026845732e-01 1.354824295302013525e+03
1.404228855721393054e-01 -5.255750746268656712e+02
1.630075187969924899e-01 9.907343947368420913e+02
1.808858858858858887e-01 5.074857027027027243e+02
2.036394557823129059e-01 2.008438321995464776e+03
2.190557939914163088e-01 2.707148218884120524e+03
2.426502732240437277e-01 1.567965322404371591e+03
2.596589259796807103e-01 1.157531062409289007e+03
2.811171662125340753e-01 1.393739100817438725e+02
3.008784530386739986e-01 9.740728176795581703e+02
3.206315289648623001e-01 9.265355650522316182e+02
3.399619047619047429e-01 -6.832844247619048019e+02
3.619689737470166979e-01 -4.026125250596658702e+02
3.799070887818307152e-01 8.879901039229181379e+02
4.013341804320203487e-01 2.298601461245234745e+01
4.195595854922279933e-01 -1.458291594703512430e+02
4.407771883289124948e-01 5.214711161803712685e+02
4.600780487804878027e-01 -3.319254634146317606e+00
4.807973648341663520e-01 -1.850166624261699440e+02
5.009150981177412643e-01 4.030681357629154604e+02
5.204555984555984116e-01 4.010537617760617763e+02
5.419053527118044000e-01 1.846035008862106679e+02
5.606541598694942952e-01 4.395923083849918953e+02
5.706576338400528581e-01 3.727750807666887454e+02
