2.166666666666666741e-02 4.660667966666666871e+03
4.454545454545454780e-02 4.621886818181817944e+03
6.211111111111110999e-02 3.767371555555555005e+03
8.302469135802469091e-02 2.607658148148148030e+03
1.001960784313725428e-01 2.115118529411764939e+03
1.238590604026845732e-01 1.651644161073825444e+03
1.404228855721393054e-01 1.302926935323383077e+03
1.630075187969924899e-01 1.124927120300751994e+03
1.808858858858858887e-01 9.551583663663665220e+02
2.036394557823129059e-01 7.170858866213151259e+02
2.190557939914163088e-01 6.087536201716737878e+02
2.426502732240437277e-01 4.726617395264116794e+02
2.596589259796807103e-01 4.325762089985486796e+02
2.811171662125340753e-01 4.128652220708446521e+02
3.008784530386739986e-01 3.738296011049724257e+02
3.206315289648623001e-01 3.332413133903133939e+02
3.399619047619047429e-01 2.817464914285714599e+02
3.619689737470166979e-01 2.308666038186157436e+02
3.799070887818307152e-01 2.244483709566414404e+02
4.013341804320203487e-01 2.111443456162642747e+02
4.195595854922279933e-01 1.911166799078871747e+02
4.407771883289124948e-01 1.792556912466843642e+02
4.600780487804878027e-01 1.720786926829268566e+02
4.807973648341663520e-01 1.493018782371649422e+02
5.009150981177412643e-01 1.384420008009611536e+02
5.204555984555984116e-01 1.368342617760617941e+02
5.419053527118044000e-01 1.255281637717121583e+02
5.606541598694942952e-01 1.181657148450244534e+02
5.706576338400528581e-01 1.148260647719762062e+02
