2.166666666666666741e-02 7.854616999999999825e+04
4.454545454545454780e-02 2.767078454545454588e+04
6.211111111111110999e-02 9.654996000000001004e+03
8.302469135802469091e-02 5.475341234567901665e+03
1.001960784313725428e-01 4.098218235294118131e+03
1.238590604026845732e-01 6.251425100671141081e+03
1.404228855721393054e-01 4.503399353233830880e+03
1.630075187969924899e-01 2.490349699248120487e+03
1.808858858858858887e-01 2.445598888888889178e+03
2.036394557823129059e-01 2.523831247165533114e+03
2.190557939914163088e-01 2.337024570815451170e+03
2.426502732240437277e-01 1.952659581056466095e+03
2.596589259796807103e-01 1.412896847605224821e+03
2.811171662125340753e-01 9.263545613079018040e+02
3.008784530386739986e-01 1.213952839779005444e+03
3.206315289648623001e-01 1.283414909781576398e+03
3.399619047619047429e-01 6.626220752380952490e+02
3.619689737470166979e-01 4.666446038186157352e+02
3.799070887818307152e-01 6.255355636613901424e+02
4.013341804320203487e-01 4.462051562897077588e+02
4.195595854922279933e-01 5.957710777202072450e+02
4.407771883289124948e-01 4.461283556498674443e+02
4.600780487804878027e-01 2.295677489756097316e+02
4.807973648341663520e-01 4.308072398909587264e+02
5.009150981177412643e-01 4.472490060072086067e+02
5.204555984555984116e-01 2.934838000386100134e+02
5.419053527118044000e-01 3.390172144984048259e+02
5.606541598694942952e-01 3.392873575856443722e+02
5.706576338400528581e-01 2.293591216126900463e+02
