3.910000000000000142e+01 4.482428746973627476e+00 7.845959831347008862e-02
3.929999999999999716e+01 4.393100182844791313e+00 7.236878022739320904e-02
3.950000000000000000e+01 3.974590558988023048e+00 6.790488985310529080e-02
3.970000000000000284e+01 3.773286396552484323e+00 5.849485555865405195e-02
3.989999999999999858e+01 3.593962378472575381e+00 5.149678206020565085e-02
4.010000000000000142e+01 3.102050220636248579e+00 3.017720718226196003e-02
4.029999999999999716e+01 2.904559618274142441e+00 3.380678081183597500e-02
4.050000000000000000e+01 2.697253969137680674e+00 2.727054454021637930e-02
4.070000000000000284e+01 2.501590180799727836e+00 2.246359552619359504e-02
4.089999999999999858e+01 2.457658607461973066e+00 2.041983137282638722e-02
4.110000000000000142e+01 2.479756953037462797e+00 2.256931085545770335e-02
4.129999999999999716e+01 2.552733584275869383e+00 3.445402259881476942e-02
4.150000000000000000e+01 2.729930995457382714e+00 7.130770820853898906e-02
4.170000000000000284e+01 3.192611489897203114e+00 1.241043809347171928e-01
4.189999999999999858e+01 3.217231049169975154e+00 1.727542078623545974e-01
4.210000000000000142e+01 3.157835280212366591e+00 2.992872988118862043e-01
4.229999999999999716e+01 2.811196216038353235e+00 8.472439588043096936e-01
4.250000000000000000e+01 6.022697824114008114e+00 8.122951595250489376e-01
4.270000000000000284e+01 1.066444944642115189e+01 3.308977048439933011e+00
