2.166666666666666741e-02 2.735841849999999977e+04
4.454545454545454780e-02 1.229866909090909030e+04
6.211111111111110999e-02 6.124440444444444438e+03
8.302469135802469091e-02 4.408361481481480951e+03
1.001960784313725428e-01 3.159939509803921283e+03
1.238590604026845732e-01 2.436310268456375525e+03
1.404228855721393054e-01 2.020791393034825887e+03
1.630075187969924899e-01 1.762668834586466119e+03
1.808858858858858887e-01 1.493366366366366265e+03
2.036394557823129059e-01 1.145506575963718888e+03
2.190557939914163088e-01 1.024253740343347772e+03
2.426502732240437277e-01 8.462779581056466895e+02
2.596589259796807103e-01 7.751548592162554314e+02
2.811171662125340753e-01 6.925626880108991372e+02
3.008784530386739986e-01 6.951634022099448202e+02
3.206315289648623001e-01 6.548104529914530758e+02
3.399619047619047429e-01 4.861092457142856915e+02
3.619689737470166979e-01 4.371875489260143581e+02
3.799070887818307152e-01 4.353711734342738851e+02
4.013341804320203487e-01 3.785884599745870673e+02
4.195595854922279933e-01 3.437457507196315873e+02
4.407771883289124948e-01 3.145842965517241510e+02
4.600780487804878027e-01 2.825639336585365982e+02
4.807973648341663520e-01 2.770035442980463358e+02
5.009150981177412643e-01 2.813308370044053390e+02
5.204555984555984116e-01 2.562535637065636820e+02
5.419053527118044000e-01 2.414029088975540560e+02
5.606541598694942952e-01 2.045099641109298148e+02
5.706576338400528581e-01 1.694681506939854501e+02
