3.910000000000000142e+01 1.354217189469676619e+00 4.348437028136069998e-03
3.929999999999999716e+01 1.452165282868029150e+00 4.884232867338850551e-03
3.950000000000000000e+01 1.579266816760169334e+00 5.959245158247427482e-03
3.970000000000000284e+01 1.622749053299246569e+00 6.007843734285753419e-03
3.989999999999999858e+01 1.724193387300242186e+00 6.655965071896641216e-03
4.010000000000000142e+01 1.857438752734456688e+00 7.397950585189180459e-03
4.029999999999999716e+01 1.907599201167422764e+00 8.800651774823232965e-03
4.050000000000000000e+01 1.986731969380681972e+00 9.408255369034546761e-03
4.070000000000000284e+01 2.066663361893103179e+00 1.079640167714309047e-02
4.089999999999999858e+01 2.186607062195324858e+00 1.223121380290917957e-02
4.110000000000000142e+01 2.311702527727311551e+00 1.357988938553281698e-02
4.129999999999999716e+01 2.371035539951074078e+00 1.569092490864513675e-02
4.150000000000000000e+01 2.432586466668042124e+00 1.888086486790437751e-02
4.170000000000000284e+01 2.500059200557239514e+00 2.594678650352501281e-02
4.189999999999999858e+01 2.672097392895625312e+00 4.608068005496687713e-02
4.210000000000000142e+01 2.934788874342149523e+00 9.121062824371178879e-02
4.229999999999999716e+01 3.345699063870467782e+00 1.331694386364403182e-01
4.250000000000000000e+01 3.168337811467675902e+00 1.921105422804680329e-01
4.270000000000000284e+01 3.173581250068035153e+00 3.454979398748087016e-01
4.289999999999999858e+01 3.244898285155105366e+00 8.634436125028848164e-01
