2.166666666666666741e-02 4.192332216666666682e+03
4.454545454545454780e-02 3.869028181818181565e+03
6.211111111111110999e-02 3.327584666666666635e+03
8.302469135802469091e-02 2.318797777777777810e+03
1.001960784313725428e-01 1.781049999999999955e+03
1.238590604026845732e-01 1.342082684563758448e+03
1.404228855721393054e-01 1.114028039800994975e+03
1.630075187969924899e-01 9.710591052631577895e+02
1.808858858858858887e-01 7.984758498498498511e+02
2.036394557823129059e-01 6.271845306122449983e+02
2.190557939914163088e-01 5.454063626609441826e+02
2.426502732240437277e-01 3.897678451730419056e+02
2.596589259796807103e-01 3.642999230769230508e+02
2.811171662125340753e-01 3.826915108991825605e+02
3.008784530386739986e-01 3.408689215469613600e+02
3.206315289648623001e-01 2.983038974358973974e+02
3.399619047619047429e-01 2.525007057142856866e+02
3.619689737470166979e-01 2.064466897374701375e+02
3.799070887818307152e-01 1.923402842395044559e+02
4.013341804320203487e-01 1.796342217280812861e+02
4.195595854922279933e-01 1.619461922855497846e+02
4.407771883289124948e-01 1.505058594164456451e+02
4.600780487804878027e-01 1.478421448780487708e+02
4.807973648341663520e-01 1.312803761926397215e+02
5.009150981177412643e-01 1.234981862234681671e+02
5.204555984555984116e-01 1.180866741312741226e+02
5.419053527118044000e-01 1.028643032258064522e+02
5.606541598694942952e-01 9.737357298531810557e+01
5.706576338400528581e-01 9.808523251817580046e+01
