2.166666666666666741e-02 1.151421233333333475e+04
4.454545454545454780e-02 7.139925454545454159e+03
6.211111111111110999e-02 5.668402222222222008e+03
8.302469135802469091e-02 3.955544444444444252e+03
1.001960784313725428e-01 2.787785980392156489e+03
1.238590604026845732e-01 2.151872416107382378e+03
1.404228855721393054e-01 1.744353681592039948e+03
1.630075187969924899e-01 1.555332481203007546e+03
1.808858858858858887e-01 1.401440930930930790e+03
2.036394557823129059e-01 1.112739668934240399e+03
2.190557939914163088e-01 8.991088347639483800e+02
2.426502732240437277e-01 6.575688797814207192e+02
2.596589259796807103e-01 6.326234746008708498e+02
2.811171662125340753e-01 6.295906117166213107e+02
3.008784530386739986e-01 5.791606883977899543e+02
3.206315289648623001e-01 5.319012222222221453e+02
3.399619047619047429e-01 4.396078342857142616e+02
3.619689737470166979e-01 3.685088329355608607e+02
3.799070887818307152e-01 3.460391018582243419e+02
4.013341804320203487e-01 3.121773119440914570e+02
4.195595854922279933e-01 3.032212170408750467e+02
4.407771883289124948e-01 2.777358392572944581e+02
4.600780487804878027e-01 2.634291882926829089e+02
4.807973648341663520e-01 2.427441213084961191e+02
5.009150981177412643e-01 2.311774629555466447e+02
5.204555984555984116e-01 2.232193791505791580e+02
5.419053527118044000e-01 1.949081556185749662e+02
5.606541598694942952e-01 1.874583562805872532e+02
5.706576338400528581e-01 1.901678400528750785e+02
