2.166666666666666741e-02 8.591706216666667387e+03
4.454545454545454780e-02 5.784476818181818089e+03
6.211111111111110999e-02 4.585760222222222183e+03
8.302469135802469091e-02 3.385720740740740894e+03
1.001960784313725428e-01 2.586558235294116912e+03
1.238590604026845732e-01 1.985818791946308693e+03
1.404228855721393054e-01 1.568924726368159099e+03
1.630075187969924899e-01 1.297956045112781794e+03
1.808858858858858887e-01 1.162009483483483564e+03
2.036394557823129059e-01 9.291171746031745897e+02
2.190557939914163088e-01 7.623483304721030436e+02
2.426502732240437277e-01 5.951824845173042604e+02
2.596589259796807103e-01 5.635517082728592868e+02
2.811171662125340753e-01 5.489768950953679223e+02
3.008784530386739986e-01 4.891678342541436564e+02
3.206315289648623001e-01 4.389643475783475424e+02
3.399619047619047429e-01 3.838842628571428577e+02
3.619689737470166979e-01 3.264246825775656475e+02
3.799070887818307152e-01 3.046363902271163511e+02
4.013341804320203487e-01 2.672879841168996222e+02
4.195595854922279933e-01 2.440580633275762921e+02
4.407771883289124948e-01 2.387631342175066607e+02
4.600780487804878027e-01 2.277763419512194787e+02
4.807973648341663520e-01 1.982832298955020178e+02
5.009150981177412643e-01 1.880255446535843191e+02
5.204555984555984116e-01 1.812120108108108241e+02
5.419053527118044000e-01 1.599671219425735842e+02
5.606541598694942952e-01 1.510249944535073325e+02
5.706576338400528581e-01 1.496095175148711292e+02
