2.166666666666666741e-02 7.190078716666666878e+03
4.454545454545454780e-02 5.350004545454546133e+03
6.211111111111110999e-02 4.263785555555556130e+03
8.302469135802469091e-02 3.099054074074073924e+03
1.001960784313725428e-01 2.393951568627450797e+03
1.238590604026845732e-01 1.852395167785234889e+03
1.404228855721393054e-01 1.444504597014925366e+03
1.630075187969924899e-01 1.251486676691729372e+03
1.808858858858858887e-01 1.073755771771771606e+03
2.036394557823129059e-01 7.932578299319727648e+02
2.190557939914163088e-01 7.009932939914162944e+02
2.426502732240437277e-01 5.472571730418943616e+02
2.596589259796807103e-01 5.039677489114658897e+02
2.811171662125340753e-01 4.972006702997275625e+02
3.008784530386739986e-01 4.301435458563536258e+02
3.206315289648623001e-01 4.010776058879392281e+02
3.399619047619047429e-01 3.689518904761904423e+02
3.619689737470166979e-01 2.988204248210023479e+02
3.799070887818307152e-01 2.689272794218857712e+02
4.013341804320203487e-01 2.431786454891994822e+02
4.195595854922279933e-01 2.204627144502015028e+02
4.407771883289124948e-01 2.136836848806366049e+02
4.600780487804878027e-01 2.079225224390244193e+02
4.807973648341663520e-01 1.844824157201272214e+02
5.009150981177412643e-01 1.690929723668402005e+02
5.204555984555984116e-01 1.585777667953668129e+02
5.419053527118044000e-01 1.460523658277206778e+02
5.606541598694942952e-01 1.348720208809135386e+02
5.706576338400528581e-01 1.286021546596166445e+02
