2.166666666666666741e-02 9.261645833333333940e+03
4.454545454545454780e-02 5.798355454545454450e+03
6.211111111111110999e-02 4.859026666666666642e+03
8.302469135802469091e-02 3.838270370370370529e+03
1.001960784313725428e-01 2.841463725490196339e+03
1.238590604026845732e-01 2.203950872483221247e+03
1.404228855721393054e-01 1.786259452736318508e+03
1.630075187969924899e-01 1.533611766917293153e+03
1.808858858858858887e-01 1.343430930930931027e+03
2.036394557823129059e-01 1.055466390022675796e+03
2.190557939914163088e-01 8.810843605150215581e+02
2.426502732240437277e-01 6.695707723132969704e+02
2.596589259796807103e-01 6.452783410740204317e+02
2.811171662125340753e-01 6.188950068119891057e+02
3.008784530386739986e-01 5.798097524861877901e+02
3.206315289648623001e-01 5.335161206077872293e+02
3.399619047619047429e-01 4.279784066666666718e+02
3.619689737470166979e-01 3.598510262529832744e+02
3.799070887818307152e-01 3.358916737783895314e+02
4.013341804320203487e-01 2.939625724269377542e+02
4.195595854922279933e-01 2.837326787564766732e+02
4.407771883289124948e-01 2.903499198938991412e+02
4.600780487804878027e-01 2.771576595121951527e+02
4.807973648341663520e-01 2.428497696501590610e+02
5.009150981177412643e-01 2.285390160192230553e+02
5.204555984555984116e-01 2.097996764478764646e+02
5.419053527118044000e-01 1.909140613257710299e+02
5.606541598694942952e-01 1.866178619902121056e+02
5.706576338400528581e-01 1.837074705882352816e+02
