2.166666666666666741e-02 3.389234183333333476e+03
4.454545454545454780e-02 3.298242727272727734e+03
6.211111111111110999e-02 2.580432888888889011e+03
8.302469135802469091e-02 1.795447037037037035e+03
1.001960784313725428e-01 1.519266274509803907e+03
1.238590604026845732e-01 1.119204013422818889e+03
1.404228855721393054e-01 8.638225472636817130e+02
1.630075187969924899e-01 7.712379624060150718e+02
1.808858858858858887e-01 6.472382642642643304e+02
2.036394557823129059e-01 4.843604013605441878e+02
2.190557939914163088e-01 4.193169442060085998e+02
2.426502732240437277e-01 3.158222568306010771e+02
2.596589259796807103e-01 2.927941262699564504e+02
2.811171662125340753e-01 3.036784400544959226e+02
3.008784530386739986e-01 2.679430430939226540e+02
3.206315289648623001e-01 2.309493504273504243e+02
3.399619047619047429e-01 2.007521085714285505e+02
3.619689737470166979e-01 1.644411742243436549e+02
3.799070887818307152e-01 1.540705567790777764e+02
4.013341804320203487e-01 1.392369466327827467e+02
4.195595854922279933e-01 1.243972429476108204e+02
4.407771883289124948e-01 1.196954816976127347e+02
4.600780487804878027e-01 1.121050789268292647e+02
4.807973648341663520e-01 9.752803889141300431e+01
5.009150981177412643e-01 9.446364717661194277e+01
5.204555984555984116e-01 9.171427227799229343e+01
5.419053527118044000e-01 8.226201495923430684e+01
5.606541598694942952e-01 7.537293709624795213e+01
5.706576338400528581e-01 7.202651883674818123e+01
