2.166666666666666741e-02 1.044533499999999913e+05
4.454545454545454780e-02 4.970388636363636033e+04
6.211111111111110999e-02 1.757649466666666558e+04
8.302469135802469091e-02 4.813497901234567507e+03
1.001960784313725428e-01 3.907893235294117403e+03
1.238590604026845732e-01 -9.365222818791946793e+02
1.404228855721393054e-01 -5.011525771144278224e+03
1.630075187969924899e-01 -3.013990906390977216e+03
1.808858858858858887e-01 1.765782879579579458e+03
2.036394557823129059e-01 1.876217006802721016e+03
2.190557939914163088e-01 -2.945809012875536155e+02
2.426502732240437277e-01 -2.008477959927140091e+03
2.596589259796807103e-01 -2.249500087082728896e+03
2.811171662125340753e-01 -1.641027193460490480e+03
3.008784530386739986e-01 -1.195529281767955808e+03
3.206315289648623001e-01 1.747454786324786483e+03
3.399619047619047429e-01 3.283786771428571228e+03
3.619689737470166979e-01 1.101593021479713570e+03
3.799070887818307152e-01 1.759560748795595373e+03
4.013341804320203487e-01 1.645678691232528536e+03
4.195595854922279933e-01 -4.846159055843408510e+02
4.407771883289124948e-01 3.508068976127320866e+02
4.600780487804878027e-01 5.424979882926828623e+02
4.807973648341663520e-01 -5.444533493866424578e+02
5.009150981177412643e-01 2.530424897877453247e+02
5.204555984555984116e-01 -4.143875637065637818e+01
5.419053527118044000e-01 -2.502112258064516084e+02
5.606541598694942952e-01 3.469365895595431653e+02
5.706576338400528581e-01 2.839745611368142590e+02
