2.166666666666666741e-02 3.833449300000000221e+03
4.454545454545454780e-02 3.742943636363636870e+03
6.211111111111110999e-02 3.256806000000000495e+03
8.302469135802469091e-02 2.283890864197530846e+03
1.001960784313725428e-01 1.819681176470588071e+03
1.238590604026845732e-01 1.389106308724832161e+03
1.404228855721393054e-01 1.113727333333333490e+03
1.630075187969924899e-01 9.743548345864662679e+02
1.808858858858858887e-01 8.168258618618618812e+02
2.036394557823129059e-01 6.221074240362812589e+02
2.190557939914163088e-01 5.387419227467811425e+02
2.426502732240437277e-01 4.050292932604735938e+02
2.596589259796807103e-01 3.817200551523948207e+02
2.811171662125340753e-01 3.840926566757493106e+02
3.008784530386739986e-01 3.285420861878453138e+02
3.206315289648623001e-01 2.985027274453941004e+02
3.399619047619047429e-01 2.612666495238094626e+02
3.619689737470166979e-01 2.164587541766109666e+02
3.799070887818307152e-01 1.994755354439091377e+02
4.013341804320203487e-01 1.796025584498094076e+02
4.195595854922279933e-01 1.635759804260218857e+02
4.407771883289124948e-01 1.505731973474800895e+02
4.600780487804878027e-01 1.461794639024390392e+02
4.807973648341663520e-01 1.329082580645161329e+02
5.009150981177412643e-01 1.253091822186624142e+02
5.204555984555984116e-01 1.170704895752895851e+02
5.419053527118044000e-01 1.035652968450904012e+02
5.606541598694942952e-01 9.871061722675366923e+01
5.706576338400528581e-01 9.773095532055519641e+01
