2.166666666666666741e-02 3.472675533333333078e+03
4.454545454545454780e-02 3.680700454545454704e+03
6.211111111111110999e-02 3.217418222222222539e+03
8.302469135802469091e-02 2.207869753086419678e+03
1.001960784313725428e-01 1.734261960784313715e+03
1.238590604026845732e-01 1.294487986577181346e+03
1.404228855721393054e-01 1.051499124378109627e+03
1.630075187969924899e-01 9.270565413533835226e+02
1.808858858858858887e-01 7.867921441441441175e+02
2.036394557823129059e-01 6.150068820861677068e+02
2.190557939914163088e-01 5.133750515021458796e+02
2.426502732240437277e-01 3.653673788706739174e+02
2.596589259796807103e-01 3.413697866473149247e+02
2.811171662125340753e-01 3.601059373297002253e+02
3.008784530386739986e-01 3.186435790055248845e+02
3.206315289648623001e-01 2.761167825261158555e+02
3.399619047619047429e-01 2.343608047619048023e+02
3.619689737470166979e-01 1.858977159904534631e+02
3.799070887818307152e-01 1.773640041293874958e+02
4.013341804320203487e-01 1.728593386277001116e+02
4.195595854922279933e-01 1.551295803108808400e+02
4.407771883289124948e-01 1.339888456233421721e+02
4.600780487804878027e-01 1.315000921951219652e+02
4.807973648341663520e-01 1.265646210813266777e+02
5.009150981177412643e-01 1.154929775730876855e+02
5.204555984555984116e-01 1.090029652509652465e+02
5.419053527118044000e-01 9.841645537043602587e+01
5.606541598694942952e-01 9.117654114192497161e+01
5.706576338400528581e-01 9.072345340383346013e+01
