2.166666666666666741e-02 6.615588000000000466e+04
4.454545454545454780e-02 2.541209590909091276e+04
6.211111111111110999e-02 1.001986822222222327e+04
8.302469135802469091e-02 7.501034074074073942e+03
1.001960784313725428e-01 6.061724509803922956e+03
1.238590604026845732e-01 3.704077449664429878e+03
1.404228855721393054e-01 2.416486965174129182e+03
1.630075187969924899e-01 2.297200601503759572e+03
1.808858858858858887e-01 1.715783903903904047e+03
2.036394557823129059e-01 1.526549954648526182e+03
2.190557939914163088e-01 1.421296753218884078e+03
2.426502732240437277e-01 1.058233065573770546e+03
2.596589259796807103e-01 9.321371001451379925e+02
2.811171662125340753e-01 9.019767125340599705e+02
3.008784530386739986e-01 9.749515812154695595e+02
3.206315289648623001e-01 8.838799838556504938e+02
3.399619047619047429e-01 7.934029238095237133e+02
3.619689737470166979e-01 4.313857971360381498e+02
3.799070887818307152e-01 3.367576421197522905e+02
4.013341804320203487e-01 6.228396556543837050e+02
4.195595854922279933e-01 6.156133448474381566e+02
4.407771883289124948e-01 5.931114663129972087e+02
4.600780487804878027e-01 6.673511341463414510e+02
4.807973648341663520e-01 6.346150436165378323e+02
5.009150981177412643e-01 4.830187725270324108e+02
5.204555984555984116e-01 2.253955162162162082e+02
5.419053527118044000e-01 1.039000657922722439e+02
5.606541598694942952e-01 2.147785173246329578e+02
5.706576338400528581e-01 3.198081996034368899e+02
