2.166666666666666741e-02 9.046450000000000000e+04
4.454545454545454780e-02 4.314137272727272648e+04
6.211111111111110999e-02 1.388907644444444304e+04
8.302469135802469091e-02 7.996601481481480732e+03
1.001960784313725428e-01 5.927216010784312857e+03
1.238590604026845732e-01 7.348759268456375366e+02
1.404228855721393054e-01 1.232137761194029508e+03
1.630075187969924899e-01 4.023984849624060189e+03
1.808858858858858887e-01 3.314707147147147225e+03
2.036394557823129059e-01 1.761153356009070194e+03
2.190557939914163088e-01 1.081871641630901422e+03
2.426502732240437277e-01 4.933792841530054716e+02
2.596589259796807103e-01 6.853310754716981137e+02
2.811171662125340753e-01 1.701366171662125453e+03
3.008784530386739986e-01 2.417288317127071423e+03
3.206315289648623001e-01 1.071381677113010483e+03
3.399619047619047429e-01 -3.368550009523809763e+02
3.619689737470166979e-01 -6.924778973747016835e+02
3.799070887818307152e-01 4.670510970406056686e+02
4.013341804320203487e-01 7.653985832274461245e+02
4.195595854922279933e-01 -2.386106033390904599e+02
4.407771883289124948e-01 3.277629795225464591e+02
4.600780487804878027e-01 7.878543889268290741e+02
4.807973648341663520e-01 8.124548227623806724e+02
5.009150981177412643e-01 1.268634183820584667e+03
5.204555984555984116e-01 1.554031554054053913e+03
5.419053527118044000e-01 3.965628656504785567e+02
5.606541598694942952e-01 1.452941262642740980e+02
5.706576338400528581e-01 8.521556199603436426e+02
