2.166666666666666741e-02 3.791188266666666550e+03
4.454545454545454780e-02 3.964318181818181984e+03
6.211111111111110999e-02 3.608434666666666544e+03
8.302469135802469091e-02 2.513623703703703541e+03
1.001960784313725428e-01 1.937359803921568755e+03
1.238590604026845732e-01 1.448109127516778699e+03
1.404228855721393054e-01 1.208209870646766149e+03
1.630075187969924899e-01 1.077076774436090318e+03
1.808858858858858887e-01 8.675078138138136410e+02
2.036394557823129059e-01 6.523282086167799889e+02
2.190557939914163088e-01 5.644466931330472335e+02
2.426502732240437277e-01 4.146402604735883983e+02
2.596589259796807103e-01 3.903841857764876977e+02
2.811171662125340753e-01 4.045854618528610445e+02
3.008784530386739986e-01 3.650302685082872927e+02
3.206315289648623001e-01 3.256886476733143923e+02
3.399619047619047429e-01 2.806330895238095309e+02
3.619689737470166979e-01 2.294515178997613418e+02
3.799070887818307152e-01 2.099297543014452856e+02
4.013341804320203487e-01 1.886842687420584355e+02
4.195595854922279933e-01 1.721053529073114703e+02
4.407771883289124948e-01 1.675750779840848850e+02
4.600780487804878027e-01 1.554100770731707257e+02
4.807973648341663520e-01 1.375453721035892727e+02
5.009150981177412643e-01 1.352831702042450956e+02
5.204555984555984116e-01 1.278744857142857114e+02
5.419053527118044000e-01 1.120358433179723505e+02
5.606541598694942952e-01 1.075651429037520330e+02
5.706576338400528581e-01 1.092215855915400056e+02
