2.166666666666666741e-02 2.907181850000000395e+03
4.454545454545454780e-02 3.317897272727273048e+03
6.211111111111110999e-02 2.709298666666666577e+03
8.302469135802469091e-02 1.817259876543210112e+03
1.001960784313725428e-01 1.525912058823529605e+03
1.238590604026845732e-01 1.132043516778523554e+03
1.404228855721393054e-01 8.743181492537313488e+02
1.630075187969924899e-01 7.859671015037594088e+02
1.808858858858858887e-01 6.612814204204204316e+02
2.036394557823129059e-01 4.960851655328797847e+02
2.190557939914163088e-01 4.333484570815450638e+02
2.426502732240437277e-01 3.288514371584699916e+02
2.596589259796807103e-01 3.072783889695210178e+02
2.811171662125340753e-01 3.198283092643051759e+02
3.008784530386739986e-01 2.770241911602209939e+02
3.206315289648623001e-01 2.333709468186135041e+02
3.399619047619047429e-01 2.018045923809523572e+02
3.619689737470166979e-01 1.684070286396181473e+02
3.799070887818307152e-01 1.576712835512732340e+02
4.013341804320203487e-01 1.422437782719186714e+02
4.195595854922279933e-01 1.298379412780656139e+02
4.407771883289124948e-01 1.240881156498673761e+02
4.600780487804878027e-01 1.185126268292682994e+02
4.807973648341663520e-01 1.039439104952294315e+02
5.009150981177412643e-01 9.769858670404484258e+01
5.204555984555984116e-01 9.618679818532818615e+01
5.419053527118044000e-01 8.479788270116979731e+01
5.606541598694942952e-01 7.772153484502446474e+01
5.706576338400528581e-01 7.625545637805683441e+01
