2.166666666666666741e-02 1.302088749999999891e+04
4.454545454545454780e-02 7.437917727272727461e+03
6.211111111111110999e-02 5.587141555555555897e+03
8.302469135802469091e-02 4.029104320987654319e+03
1.001960784313725428e-01 2.892171372549019907e+03
1.238590604026845732e-01 2.389804228187919307e+03
1.404228855721393054e-01 1.947462437810944948e+03
1.630075187969924899e-01 1.619855526315789803e+03
1.808858858858858887e-01 1.429094474474474509e+03
2.036394557823129059e-01 1.117906430839002269e+03
2.190557939914163088e-01 9.026749613733906017e+02
2.426502732240437277e-01 6.801940473588342684e+02
2.596589259796807103e-01 6.553250624092887620e+02
2.811171662125340753e-01 6.302817029972752607e+02
3.008784530386739986e-01 5.811872596685082044e+02
3.206315289648623001e-01 5.352055023741689865e+02
3.399619047619047429e-01 4.497961580952381269e+02
3.619689737470166979e-01 3.712807828162290775e+02
3.799070887818307152e-01 3.480885574673089877e+02
4.013341804320203487e-01 3.228363767471410029e+02
4.195595854922279933e-01 3.139137864133564335e+02
4.407771883289124948e-01 3.038338270557028977e+02
4.600780487804878027e-01 2.767719897560975824e+02
4.807973648341663520e-01 2.435643684688778023e+02
5.009150981177412643e-01 2.344273295955145784e+02
5.204555984555984116e-01 2.269903583011582668e+02
5.419053527118044000e-01 2.025863785891527868e+02
5.606541598694942952e-01 1.912659269168026412e+02
5.706576338400528581e-01 1.914372068737607719e+02
