2.166666666666666741e-02 9.717373416666667254e+03
4.454545454545454780e-02 6.178207272727272539e+03
6.211111111111110999e-02 4.722667111111110898e+03
8.302469135802469091e-02 3.568290370370370510e+03
1.001960784313725428e-01 2.667336568627450561e+03
1.238590604026845732e-01 2.103088389261745306e+03
1.404228855721393054e-01 1.718344179104477917e+03
1.630075187969924899e-01 1.449666127819548592e+03
1.808858858858858887e-01 1.277723153153152907e+03
2.036394557823129059e-01 9.813831292517005522e+02
2.190557939914163088e-01 8.212889120171674904e+02
2.426502732240437277e-01 6.601646721311475403e+02
2.596589259796807103e-01 6.121945065312046381e+02
2.811171662125340753e-01 5.718305735694822260e+02
3.008784530386739986e-01 5.204664375690606448e+02
3.206315289648623001e-01 4.702462773029440086e+02
3.399619047619047429e-01 4.048337838095238226e+02
3.619689737470166979e-01 3.458122983293555421e+02
3.799070887818307152e-01 3.132125361321404284e+02
4.013341804320203487e-01 2.840928532401524649e+02
4.195595854922279933e-01 2.721124145077720300e+02
4.407771883289124948e-01 2.596523071618037193e+02
4.600780487804878027e-01 2.438389434146341443e+02
4.807973648341663520e-01 2.156171662880508677e+02
5.009150981177412643e-01 2.014226780136163484e+02
5.204555984555984116e-01 1.883619181467181534e+02
5.419053527118044000e-01 1.689996713931230090e+02
5.606541598694942952e-01 1.658648120717781183e+02
5.706576338400528581e-01 1.680981394580304027e+02
