3.910000000000000142e+01 1.604770135207508996e+00 6.075606954622865020e-03
3.929999999999999716e+01 1.653814024611992561e+00 6.114985053647270519e-03
3.950000000000000000e+01 1.766259713471073800e+00 7.195209855843293090e-03
3.970000000000000284e+01 1.863221405680224096e+00 8.441286339046772530e-03
3.989999999999999858e+01 1.936201978297277471e+00 8.958509214088477765e-03
4.010000000000000142e+01 2.032552179812177506e+00 8.707637638658057705e-03
4.029999999999999716e+01 2.117474758005926105e+00 1.131774946421255749e-02
4.050000000000000000e+01 2.235196606024542287e+00 1.257896032077426320e-02
4.070000000000000284e+01 2.316207109214094118e+00 1.418932328206443279e-02
4.089999999999999858e+01 2.420932490076823651e+00 1.688664320004541058e-02
4.110000000000000142e+01 2.455292235268867529e+00 2.152325023790676445e-02
4.129999999999999716e+01 2.536119430977958444e+00 3.403158964094624844e-02
4.150000000000000000e+01 2.717820878488047764e+00 6.988174412870171159e-02
4.170000000000000284e+01 3.137542121593261957e+00 1.206009210547836497e-01
4.189999999999999858e+01 3.194587168691735535e+00 1.682691812888200134e-01
4.210000000000000142e+01 3.205194009675679911e+00 2.862083454627197265e-01
4.229999999999999716e+01 2.811196216038353235e+00 8.472439588043096936e-01
4.250000000000000000e+01 6.022697824114008114e+00 8.122951595250489376e-01
4.270000000000000284e+01 1.066444944642115189e+01 3.308977048439933011e+00
