2.166666666666666741e-02 1.810012341666666543e+04
4.454545454545454780e-02 8.972477727272726042e+03
6.211111111111110999e-02 4.681395777777777766e+03
8.302469135802469091e-02 3.023675925925926094e+03
1.001960784313725428e-01 2.258207745098039140e+03
1.238590604026845732e-01 1.800085637583892321e+03
1.404228855721393054e-01 1.453379004975124417e+03
1.630075187969924899e-01 1.213302631578947285e+03
1.808858858858858887e-01 1.038394054054053868e+03
2.036394557823129059e-01 8.203881111111111295e+02
2.190557939914163088e-01 7.129469549356222160e+02
2.426502732240437277e-01 5.403878834244079599e+02
2.596589259796807103e-01 4.741126197387518459e+02
2.811171662125340753e-01 4.577948555858310442e+02
3.008784530386739986e-01 4.235722883977900324e+02
3.206315289648623001e-01 3.962013352326685549e+02
3.399619047619047429e-01 3.430812847619047830e+02
3.619689737470166979e-01 2.899119546539379257e+02
3.799070887818307152e-01 2.694245953200275494e+02
4.013341804320203487e-01 2.375226886912325028e+02
4.195595854922279933e-01 2.234914283246977504e+02
4.407771883289124948e-01 2.095791172413793504e+02
4.600780487804878027e-01 1.970830195121951078e+02
4.807973648341663520e-01 1.770013839164016360e+02
5.009150981177412643e-01 1.648570260312374671e+02
5.204555984555984116e-01 1.579665888030887970e+02
5.419053527118044000e-01 1.417199712867777350e+02
5.606541598694942952e-01 1.328411128874388112e+02
5.706576338400528581e-01 1.315098711169861190e+02
