2.166666666666666741e-02 5.064911499999999796e+04
4.454545454545454780e-02 1.995205681818181984e+04
6.211111111111110999e-02 7.733377555555555773e+03
8.302469135802469091e-02 5.221589506172839720e+03
1.001960784313725428e-01 4.168002254901960441e+03
1.238590604026845732e-01 2.948078120805369053e+03
1.404228855721393054e-01 2.439848159203980231e+03
1.630075187969924899e-01 2.328021578947368198e+03
1.808858858858858887e-01 1.707153573573573567e+03
2.036394557823129059e-01 1.268405804988662112e+03
2.190557939914163088e-01 1.257196609442059980e+03
2.426502732240437277e-01 1.095937967213114689e+03
2.596589259796807103e-01 8.683068403483309794e+02
2.811171662125340753e-01 9.039895899182562289e+02
3.008784530386739986e-01 9.383765060773480400e+02
3.206315289648623001e-01 8.889238148148148184e+02
3.399619047619047429e-01 7.407699914285714158e+02
3.619689737470166979e-01 4.298358806682578006e+02
3.799070887818307152e-01 4.742250529938060026e+02
4.013341804320203487e-01 4.853908932655654667e+02
4.195595854922279933e-01 4.287086217616580370e+02
4.407771883289124948e-01 4.800926339522546300e+02
4.600780487804878027e-01 5.056636731707317267e+02
4.807973648341663520e-01 4.557385692866878912e+02
5.009150981177412643e-01 3.543141589907889966e+02
5.204555984555984116e-01 2.738772000000000162e+02
5.419053527118044000e-01 2.332283364055299444e+02
5.606541598694942952e-01 3.335437954323001577e+02
5.706576338400528581e-01 4.381577481824190272e+02
