2.166666666666666741e-02 4.252112066666666578e+03
4.454545454545454780e-02 4.339489090909090919e+03
6.211111111111110999e-02 3.636421555555555642e+03
8.302469135802469091e-02 2.482636172839505889e+03
1.001960784313725428e-01 1.989384215686274501e+03
1.238590604026845732e-01 1.531959597315436213e+03
1.404228855721393054e-01 1.230064417910447901e+03
1.630075187969924899e-01 1.079216300751879771e+03
1.808858858858858887e-01 9.015263063063063100e+02
2.036394557823129059e-01 6.995613877551020323e+02
2.190557939914163088e-01 5.962149484978540386e+02
2.426502732240437277e-01 4.477831876138433813e+02
2.596589259796807103e-01 4.271126473149491858e+02
2.811171662125340753e-01 4.218608978201635296e+02
3.008784530386739986e-01 3.667218220994475359e+02
3.206315289648623001e-01 3.199601547958214383e+02
3.399619047619047429e-01 2.785723895238094769e+02
3.619689737470166979e-01 2.353621813842482027e+02
3.799070887818307152e-01 2.230977666896077096e+02
4.013341804320203487e-01 2.032585895806861629e+02
4.195595854922279933e-01 1.827494099021301395e+02
4.407771883289124948e-01 1.724606864721485238e+02
4.600780487804878027e-01 1.627019151219512025e+02
4.807973648341663520e-01 1.478314402544297934e+02
5.009150981177412643e-01 1.390510636764116725e+02
5.204555984555984116e-01 1.296960949806949657e+02
5.419053527118044000e-01 1.189590797589507360e+02
5.606541598694942952e-01 1.125667745513866151e+02
5.706576338400528581e-01 1.097023688037012619e+02
