2.166666666666666741e-02 5.639391333333333023e+04
4.454545454545454780e-02 2.225456954545454573e+04
6.211111111111110999e-02 1.076692911111111061e+04
8.302469135802469091e-02 6.325858641975308274e+03
1.001960784313725428e-01 3.512337254901960932e+03
1.238590604026845732e-01 4.331824496644295323e+03
1.404228855721393054e-01 3.427789751243781211e+03
1.630075187969924899e-01 1.943067030075188086e+03
1.808858858858858887e-01 1.634614924924924935e+03
2.036394557823129059e-01 2.136437596371882137e+03
2.190557939914163088e-01 2.489497467811158913e+03
2.426502732240437277e-01 1.971571657559198684e+03
2.596589259796807103e-01 1.550233338171262631e+03
2.811171662125340753e-01 1.554074318801089930e+03
3.008784530386739986e-01 1.444222254143646524e+03
3.206315289648623001e-01 1.149835701804368455e+03
3.399619047619047429e-01 1.099738449523809550e+03
3.619689737470166979e-01 8.961234128878282945e+02
3.799070887818307152e-01 6.697626386785960904e+02
4.013341804320203487e-01 1.832136791613723403e+02
4.195595854922279933e-01 1.907742803684513717e+02
4.407771883289124948e-01 4.476684949602122288e+02
4.600780487804878027e-01 4.429996396585365233e+02
4.807973648341663520e-01 5.895213813266697116e+02
5.009150981177412643e-01 6.839134621545855452e+02
5.204555984555984116e-01 3.960677165250965572e+02
5.419053527118044000e-01 2.795949687344913741e+02
5.606541598694942952e-01 2.502903550799347840e+02
5.706576338400528581e-01 4.524529961665565736e+01
