2.166666666666666741e-02 3.303670083333332968e+03
4.454545454545454780e-02 3.337522727272727479e+03
6.211111111111110999e-02 2.640995111111110873e+03
8.302469135802469091e-02 1.817835555555555402e+03
1.001960784313725428e-01 1.514552549019607795e+03
1.238590604026845732e-01 1.104463651006711416e+03
1.404228855721393054e-01 8.643102487562188116e+02
1.630075187969924899e-01 7.740710526315789366e+02
1.808858858858858887e-01 6.518166366366365310e+02
2.036394557823129059e-01 4.918912403628118000e+02
2.190557939914163088e-01 4.273837596566523302e+02
2.426502732240437277e-01 3.229109344262295167e+02
2.596589259796807103e-01 2.992634397677794595e+02
2.811171662125340753e-01 3.086712983651226523e+02
3.008784530386739986e-01 2.726980895027624570e+02
3.206315289648623001e-01 2.357326182336182399e+02
3.399619047619047429e-01 2.027115200000000073e+02
3.619689737470166979e-01 1.657678353221957082e+02
3.799070887818307152e-01 1.544810949759119012e+02
4.013341804320203487e-01 1.397356689961880534e+02
4.195595854922279933e-01 1.262782682786413204e+02
4.407771883289124948e-01 1.213056196286472215e+02
4.600780487804878027e-01 1.143923825365853872e+02
4.807973648341663520e-01 1.006591011358473366e+02
5.009150981177412643e-01 9.620371013215859080e+01
5.204555984555984116e-01 9.415594397683396721e+01
5.419053527118044000e-01 8.455106242467211075e+01
5.606541598694942952e-01 7.641644597063621802e+01
5.706576338400528581e-01 7.319302372769332976e+01
