4.110000000000000142e+01 2.376074311328145949e+00 4.595354229765105658e-01 4.567379332685455456e-02 4.567379332685455456e-02
4.130000000000000426e+01 2.459088872245220436e+00 4.455097895636460081e-01 3.453298779829391818e-02 3.453298779829391818e-02
4.150000000000000000e+01 2.538221635841727775e+00 4.256443648660956924e-01 2.421066839434186241e-02 2.421066839434186241e-02
4.170000000000000284e+01 2.624865379888682071e+00 4.522371840215608785e-01 1.335492927329661947e-02 1.335492927329661947e-02
4.189999999999999858e+01 2.771345491301258068e+00 5.529758754393676590e-01 4.796458265846020516e-03 4.796458265846020516e-03
4.210000000000000142e+01 2.905228214655550811e+00 6.584351492442468423e-01 1.609437425763956446e-03 1.609437425763956446e-03
4.230000000000000426e+01 2.925634504629467170e+00 6.999416163893584786e-01 8.562790195443256225e-04 8.562790195443256225e-04
4.250000000000000000e+01 2.956805287635320134e+00 6.604342770190185785e-01 5.420580930785012796e-04 5.420580930785012796e-04
4.270000000000000284e+01 3.021444341628424901e+00 6.459391919154806594e-01 3.072022459777561934e-04 3.072022459777561934e-04
4.289999999999999858e+01 3.092363775212358945e+00 5.912823156119990653e-01 1.328150307742144431e-04 1.328150307742144431e-04
