2.166666666666666741e-02 1.613407699999999895e+05
4.454545454545454780e-02 5.310144227272726857e+04
6.211111111111110999e-02 1.070070155555555721e+04
8.302469135802469091e-02 7.596198765432098298e+03
1.001960784313725428e-01 6.127769705882353264e+03
1.238590604026845732e-01 5.504851342281878715e+03
1.404228855721393054e-01 4.313761343283582391e+03
1.630075187969924899e-01 2.848651691729323829e+03
1.808858858858858887e-01 2.640706786786787234e+03
2.036394557823129059e-01 2.623813628117914050e+03
2.190557939914163088e-01 2.127947725321888356e+03
2.426502732240437277e-01 1.352248797814207592e+03
2.596589259796807103e-01 1.474000348330914449e+03
2.811171662125340753e-01 1.339598081743869216e+03
3.008784530386739986e-01 1.248014841988950366e+03
3.206315289648623001e-01 1.213976115859449237e+03
3.399619047619047429e-01 9.064822876190476109e+02
3.619689737470166979e-01 7.464136038186159112e+02
3.799070887818307152e-01 6.570980364762560839e+02
4.013341804320203487e-01 5.013695787801779034e+02
4.195595854922279933e-01 7.068122682786414543e+02
4.407771883289124948e-01 7.334581761273209395e+02
4.600780487804878027e-01 5.894216839024390993e+02
4.807973648341663520e-01 6.173625379373012265e+02
5.009150981177412643e-01 5.501999167000399211e+02
5.204555984555984116e-01 5.295975154440154711e+02
5.419053527118044000e-01 3.634843888691952998e+02
5.606541598694942952e-01 3.045131262642740921e+02
5.706576338400528581e-01 3.924211156642432456e+02
