2.166666666666666741e-02 3.097234666666666726e+03
4.454545454545454780e-02 3.141391363636363621e+03
6.211111111111110999e-02 2.442953111111110957e+03
8.302469135802469091e-02 1.631297901234567917e+03
1.001960784313725428e-01 1.380603921568627584e+03
1.238590604026845732e-01 1.031446805369127560e+03
1.404228855721393054e-01 8.063731641791044922e+02
1.630075187969924899e-01 7.209744699248119559e+02
1.808858858858858887e-01 5.932594924924924271e+02
2.036394557823129059e-01 4.411290408163265511e+02
2.190557939914163088e-01 3.836622746781116007e+02
2.426502732240437277e-01 2.816622896174863513e+02
2.596589259796807103e-01 2.610612772133526391e+02
2.811171662125340753e-01 2.689516771117166059e+02
3.008784530386739986e-01 2.347668011049723873e+02
3.206315289648623001e-01 2.068677578347578390e+02
3.399619047619047429e-01 1.820173600000000249e+02
3.619689737470166979e-01 1.459549522673030992e+02
3.799070887818307152e-01 1.360952553337921529e+02
4.013341804320203487e-01 1.272128074968233875e+02
4.195595854922279933e-01 1.139549136442141588e+02
4.407771883289124948e-01 1.066874398938992101e+02
4.600780487804878027e-01 1.033349210731707331e+02
4.807973648341663520e-01 9.226278782371649356e+01
5.009150981177412643e-01 8.570797937525028942e+01
5.204555984555984116e-01 8.216511764478765656e+01
5.419053527118044000e-01 7.264896483516481851e+01
5.606541598694942952e-01 6.706993128874388788e+01
5.706576338400528581e-01 6.587487891606080836e+01
