2.166666666666666741e-02 1.283289933333333283e+04
4.454545454545454780e-02 7.681399090909090773e+03
6.211111111111110999e-02 5.583336000000000240e+03
8.302469135802469091e-02 4.004474938271604515e+03
1.001960784313725428e-01 3.008754509803921792e+03
1.238590604026845732e-01 2.562825570469798549e+03
1.404228855721393054e-01 2.026628457711442934e+03
1.630075187969924899e-01 1.548048496240601480e+03
1.808858858858858887e-01 1.363905285285285345e+03
2.036394557823129059e-01 1.149739492063492207e+03
2.190557939914163088e-01 9.785875343347639728e+02
2.426502732240437277e-01 7.478043843351548503e+02
2.596589259796807103e-01 7.124084557329463223e+02
2.811171662125340753e-01 6.780135326975477028e+02
3.008784530386739986e-01 6.226849756906076436e+02
3.206315289648623001e-01 5.608428081671414702e+02
3.399619047619047429e-01 4.839799190476190915e+02
3.619689737470166979e-01 4.037473365155131546e+02
3.799070887818307152e-01 3.725948795595319893e+02
4.013341804320203487e-01 3.633067477763659667e+02
4.195595854922279933e-01 3.420936678180771651e+02
4.407771883289124948e-01 3.093392222811670536e+02
4.600780487804878027e-01 2.791727931707317225e+02
4.807973648341663520e-01 2.517486215356656203e+02
5.009150981177412643e-01 2.438854689627552830e+02
5.204555984555984116e-01 2.357958135135135080e+02
5.419053527118044000e-01 2.147968355193193872e+02
5.606541598694942952e-01 1.952201977161500679e+02
5.706576338400528581e-01 1.851792187706543302e+02
