2.166666666666666741e-02 1.631995183333333262e+04
4.454545454545454780e-02 8.905009090909092265e+03
6.211111111111110999e-02 6.557131111111111750e+03
8.302469135802469091e-02 4.406730617283950778e+03
1.001960784313725428e-01 2.799404313725490283e+03
1.238590604026845732e-01 2.286269395973154587e+03
1.404228855721393054e-01 1.935203731343283607e+03
1.630075187969924899e-01 1.685009360902255594e+03
1.808858858858858887e-01 1.501921381381381252e+03
2.036394557823129059e-01 1.218508458049886485e+03
2.190557939914163088e-01 1.008726527896995549e+03
2.426502732240437277e-01 7.923356794171220372e+02
2.596589259796807103e-01 7.885850522496372150e+02
2.811171662125340753e-01 7.476747833787467243e+02
3.008784530386739986e-01 6.969673392265193570e+02
3.206315289648623001e-01 6.433276999050332279e+02
3.399619047619047429e-01 5.135705561904760543e+02
3.619689737470166979e-01 4.144850119331742349e+02
3.799070887818307152e-01 4.034671961459049498e+02
4.013341804320203487e-01 3.761780965692503287e+02
4.195595854922279933e-01 3.568039815774324097e+02
4.407771883289124948e-01 3.321808201591512102e+02
4.600780487804878027e-01 3.033188258536585522e+02
4.807973648341663520e-01 2.796156560654247869e+02
5.009150981177412643e-01 2.747856599919904284e+02
5.204555984555984116e-01 2.657467490347490866e+02
5.419053527118044000e-01 2.467894884792626726e+02
5.606541598694942952e-01 2.321476880913540413e+02
5.706576338400528581e-01 2.203489993390614359e+02
