2.166666666666666741e-02 3.127246716666666543e+03
4.454545454545454780e-02 2.933071363636363458e+03
6.211111111111110999e-02 2.162288888888888778e+03
8.302469135802469091e-02 1.397138148148148275e+03
1.001960784313725428e-01 1.221861078431372562e+03
1.238590604026845732e-01 9.211990604026846086e+02
1.404228855721393054e-01 7.002912587064677155e+02
1.630075187969924899e-01 6.485916428571429151e+02
1.808858858858858887e-01 5.442886186186186706e+02
2.036394557823129059e-01 3.985697052154195035e+02
2.190557939914163088e-01 3.467926137339055686e+02
2.426502732240437277e-01 2.604961493624772402e+02
2.596589259796807103e-01 2.369101944847605239e+02
2.811171662125340753e-01 2.467416566757493115e+02
3.008784530386739986e-01 2.175484596685082579e+02
3.206315289648623001e-01 1.866955660018993512e+02
3.399619047619047429e-01 1.613358161904762085e+02
3.619689737470166979e-01 1.299215369928400889e+02
3.799070887818307152e-01 1.248345017205781318e+02
4.013341804320203487e-01 1.165809059720457554e+02
4.195595854922279933e-01 1.012393451928612365e+02
4.407771883289124948e-01 9.632688848806365911e+01
4.600780487804878027e-01 9.286186985365853275e+01
4.807973648341663520e-01 7.941059082235346978e+01
5.009150981177412643e-01 7.383641942330797292e+01
5.204555984555984116e-01 7.248338706563706069e+01
5.419053527118044000e-01 6.421664714640198213e+01
5.606541598694942952e-01 6.036857836867863369e+01
5.706576338400528581e-01 6.141819081295440697e+01
