7.099999999999999645e+00 4.014711802872892754e+00 1.058408221174871183e-01
7.299999999999999822e+00 4.518914986582233340e+00 8.492528455241693530e-02
7.500000000000000000e+00 4.584466463739784281e+00 7.699525818520293330e-02
7.700000000000000178e+00 4.521975155013278069e+00 6.988809973352844152e-02
7.900000000000000355e+00 4.408840501472798046e+00 6.679022936476824990e-02
8.099999999999999645e+00 4.224542583517178151e+00 6.163682023923591768e-02
8.300000000000000711e+00 4.073713218725184326e+00 5.926762507038704081e-02
8.500000000000001776e+00 3.618390588800893592e+00 5.592487114463231407e-02
8.700000000000001066e+00 3.400926379693933299e+00 4.872971366322927100e-02
8.900000000000000355e+00 3.049101548066394329e+00 4.084375093154538061e-02
9.100000000000001421e+00 2.736392632988477125e+00 3.311397253298623694e-02
9.300000000000002487e+00 2.570855397313422053e+00 2.613434146417280279e-02
9.500000000000001776e+00 2.472655116372454387e+00 2.211204118105779964e-02
9.700000000000001066e+00 2.439187996499687650e+00 2.138595039476160267e-02
9.900000000000002132e+00 2.613625111630036635e+00 2.553132027069467819e-02
1.010000000000000320e+01 2.811956146116456612e+00 3.485853787647224394e-02
1.030000000000000249e+01 3.042116418059799265e+00 4.609907478039041578e-02
1.050000000000000178e+01 3.399210574311224420e+00 8.486003733946693994e-02
1.070000000000000284e+01 4.552033580488489939e+00 5.765719900270104281e-01
