2.166666666666666741e-02 6.907155216666666092e+03
4.454545454545454780e-02 5.122226818181818089e+03
6.211111111111110999e-02 4.371116666666666788e+03
8.302469135802469091e-02 3.121526172839506671e+03
1.001960784313725428e-01 2.375037549019607923e+03
1.238590604026845732e-01 1.911229865771812001e+03
1.404228855721393054e-01 1.456952796019900461e+03
1.630075187969924899e-01 1.269350503759398407e+03
1.808858858858858887e-01 1.157577303303303324e+03
2.036394557823129059e-01 9.081324852607709772e+02
2.190557939914163088e-01 7.542139785407725867e+02
2.426502732240437277e-01 5.687137923497267593e+02
2.596589259796807103e-01 5.333287721335268543e+02
2.811171662125340753e-01 5.135923596730245890e+02
3.008784530386739986e-01 4.634473812154695906e+02
3.206315289648623001e-01 4.308028907882241469e+02
3.399619047619047429e-01 3.690830561904762135e+02
3.619689737470166979e-01 2.975246276849641731e+02
3.799070887818307152e-01 2.788604122505161627e+02
4.013341804320203487e-01 2.462120883100380695e+02
4.195595854922279933e-01 2.326667311456534435e+02
4.407771883289124948e-01 2.319006578249337167e+02
4.600780487804878027e-01 2.158823780487804527e+02
4.807973648341663520e-01 1.905905202180826734e+02
5.009150981177412643e-01 1.788898786543852282e+02
5.204555984555984116e-01 1.707655803088803168e+02
5.419053527118044000e-01 1.562439383197447853e+02
5.606541598694942952e-01 1.458112267536704962e+02
5.706576338400528581e-01 1.418374395241242496e+02
