2.166666666666666741e-02 3.019846316666666826e+04
4.454545454545454780e-02 1.354276409090909146e+04
6.211111111111110999e-02 7.104342000000000553e+03
8.302469135802469091e-02 4.786448518518518540e+03
1.001960784313725428e-01 3.199187647058823586e+03
1.238590604026845732e-01 2.795465302013423297e+03
1.404228855721393054e-01 2.464315970149253644e+03
1.630075187969924899e-01 2.060116503759398256e+03
1.808858858858858887e-01 1.778897657657657874e+03
2.036394557823129059e-01 1.359146303854875214e+03
2.190557939914163088e-01 1.120420667381974226e+03
2.426502732240437277e-01 8.895574990892532696e+02
2.596589259796807103e-01 8.867779332365746541e+02
2.811171662125340753e-01 8.772808228882832964e+02
3.008784530386739986e-01 7.979193900552485275e+02
3.206315289648623001e-01 7.162818404558404382e+02
3.399619047619047429e-01 6.096840171428571011e+02
3.619689737470166979e-01 5.145569164677804110e+02
3.799070887818307152e-01 4.776218761183757806e+02
4.013341804320203487e-01 4.106751594663278411e+02
4.195595854922279933e-01 3.647353293033966679e+02
4.407771883289124948e-01 3.623940275862069029e+02
4.600780487804878027e-01 3.559287453658536151e+02
4.807973648341663520e-01 3.330653530213539284e+02
5.009150981177412643e-01 3.056607573087705418e+02
5.204555984555984116e-01 2.730374007722007832e+02
5.419053527118044000e-01 2.415074501949663102e+02
5.606541598694942952e-01 2.449113011419249801e+02
5.706576338400528581e-01 2.583723212161269203e+02
