2.166666666666666741e-02 3.203291666666666861e+05
4.454545454545454780e-02 1.131106590909090883e+05
6.211111111111110999e-02 1.693321288888889103e+04
8.302469135802469091e-02 1.228083901234567929e+04
1.001960784313725428e-01 1.100001450980392110e+04
1.238590604026845732e-01 1.145078550335570435e+04
1.404228855721393054e-01 9.656092238805969828e+03
1.630075187969924899e-01 3.948086390977443443e+03
1.808858858858858887e-01 3.289004144144143993e+03
2.036394557823129059e-01 1.266740503401360684e+03
2.190557939914163088e-01 1.549767854077253730e+02
2.426502732240437277e-01 4.707421493624772665e+03
2.596589259796807103e-01 4.401555224963715773e+03
2.811171662125340753e-01 -3.668630967302453314e+02
3.008784530386739986e-01 -6.276678265193370407e+02
3.206315289648623001e-01 1.041900189933524103e+02
3.399619047619047429e-01 -3.720752323809524000e+02
3.619689737470166979e-01 6.531198472553700185e+02
3.799070887818307152e-01 5.620369174122504319e+02
4.013341804320203487e-01 -2.571029853875476192e+02
4.195595854922279933e-01 1.515157554404145230e+03
4.407771883289124948e-01 3.376427469496021331e+03
4.600780487804878027e-01 1.770762975609756040e+03
4.807973648341663520e-01 -3.148002388005451735e+02
5.009150981177412643e-01 -1.166564051101321866e+03
5.204555984555984116e-01 -4.058633729729728543e+02
5.419053527118044000e-01 9.379843566111308064e+02
5.606541598694942952e-01 8.209299791190863971e+02
5.706576338400528581e-01 6.167356840713814563e+02
