2.166666666666666741e-02 2.950611683333333076e+03
4.454545454545454780e-02 2.937388181818182147e+03
6.211111111111110999e-02 2.130992000000000189e+03
8.302469135802469091e-02 1.394956666666666479e+03
1.001960784313725428e-01 1.201921470588235252e+03
1.238590604026845732e-01 8.739864697986578221e+02
1.404228855721393054e-01 6.676184278606965563e+02
1.630075187969924899e-01 6.082687819548871175e+02
1.808858858858858887e-01 5.064201681681681748e+02
2.036394557823129059e-01 3.739032675736961551e+02
2.190557939914163088e-01 3.260292145922746840e+02
2.426502732240437277e-01 2.431268360655737695e+02
2.596589259796807103e-01 2.275068026124818346e+02
2.811171662125340753e-01 2.337896920980926723e+02
3.008784530386739986e-01 2.006658154696132783e+02
3.206315289648623001e-01 1.763650607787274396e+02
3.399619047619047429e-01 1.577700209523809463e+02
3.619689737470166979e-01 1.258780501193317463e+02
3.799070887818307152e-01 1.185972044046799567e+02
4.013341804320203487e-01 1.121331041931384931e+02
4.195595854922279933e-01 9.709474772596429659e+01
4.407771883289124948e-01 8.884398079575596796e+01
4.600780487804878027e-01 8.713803970731706272e+01
4.807973648341663520e-01 7.703319291231258603e+01
5.009150981177412643e-01 7.208286231477772787e+01
5.204555984555984116e-01 7.059136011583011339e+01
5.419053527118044000e-01 6.215056004962779213e+01
5.606541598694942952e-01 5.698548123980424407e+01
5.706576338400528581e-01 5.594967402511566945e+01
