2.166666666666666741e-02 2.441868166666666639e+03
4.454545454545454780e-02 2.700255909090909427e+03
6.211111111111110999e-02 2.160468888888889069e+03
8.302469135802469091e-02 1.475973456790123464e+03
1.001960784313725428e-01 1.254203137254902003e+03
1.238590604026845732e-01 9.403283624161074385e+02
1.404228855721393054e-01 7.230010099502486582e+02
1.630075187969924899e-01 6.595400563909773837e+02
1.808858858858858887e-01 5.605441921921920994e+02
2.036394557823129059e-01 4.096632403628117913e+02
2.190557939914163088e-01 3.444522553648068310e+02
2.426502732240437277e-01 2.589787868852458814e+02
2.596589259796807103e-01 2.523490406386066809e+02
2.811171662125340753e-01 2.547577929155313257e+02
3.008784530386739986e-01 2.215563878453038740e+02
3.206315289648623001e-01 2.019643152896486242e+02
3.399619047619047429e-01 1.784186847619047569e+02
3.619689737470166979e-01 1.380736252983293468e+02
3.799070887818307152e-01 1.275528375774260326e+02
4.013341804320203487e-01 1.173702141041931384e+02
4.195595854922279933e-01 1.056124789867587737e+02
4.407771883289124948e-01 1.008319183023872654e+02
4.600780487804878027e-01 9.751688409756096121e+01
4.807973648341663520e-01 8.420788841435711447e+01
5.009150981177412643e-01 7.915175618742489405e+01
5.204555984555984116e-01 8.053387308880309092e+01
5.419053527118044000e-01 6.766034275079759652e+01
5.606541598694942952e-01 6.309780130505709650e+01
5.706576338400528581e-01 6.703425657633839307e+01
