7.099999999999999645e+00 1.469359349110514579e+00 9.185343571172345858e-03
7.299999999999999822e+00 1.442544593916432083e+00 7.404527426992831875e-03
7.500000000000000000e+00 1.421270856391882997e+00 5.883587220127502182e-03
7.700000000000000178e+00 1.419271120240666262e+00 4.919177513809438844e-03
7.900000000000000355e+00 1.455521194280914088e+00 4.558336166501424265e-03
8.099999999999999645e+00 1.537770392237448158e+00 4.740289488430558980e-03
8.300000000000000711e+00 1.615631663372778304e+00 5.392403572491028148e-03
8.500000000000001776e+00 1.747706479194913953e+00 6.414923478184825396e-03
8.700000000000001066e+00 1.867650215717323814e+00 7.705383305840540938e-03
8.900000000000000355e+00 1.964308414858000784e+00 9.324980854669781202e-03
9.100000000000001421e+00 2.112190128082445550e+00 1.151897550830926521e-02
9.300000000000002487e+00 2.267958204744724870e+00 1.409051670449395013e-02
9.500000000000001776e+00 2.389320044863653791e+00 1.700161553849262666e-02
9.700000000000001066e+00 2.428222336812728255e+00 2.020092205842845268e-02
9.900000000000002132e+00 2.615669316767634811e+00 2.546575235944666463e-02
1.010000000000000320e+01 2.811956146116456612e+00 3.485853787647224394e-02
1.030000000000000249e+01 3.042116418059799265e+00 4.609907478039041578e-02
1.050000000000000178e+01 3.399210574311224420e+00 8.486003733946693994e-02
1.070000000000000284e+01 4.552033580488489939e+00 5.765719900270104281e-01
