2.166666666666666741e-02 4.257375683333333291e+04
4.454545454545454780e-02 1.750505272727273041e+04
6.211111111111110999e-02 7.858508444444444649e+03
8.302469135802469091e-02 5.292705925925925840e+03
1.001960784313725428e-01 3.860325882352941790e+03
1.238590604026845732e-01 3.437689530201342222e+03
1.404228855721393054e-01 2.766817810945272868e+03
1.630075187969924899e-01 2.293298947368420613e+03
1.808858858858858887e-01 2.007601621621621462e+03
2.036394557823129059e-01 1.648197392290249581e+03
2.190557939914163088e-01 1.365360815450643713e+03
2.426502732240437277e-01 9.849580364298725499e+02
2.596589259796807103e-01 9.859018461538461224e+02
2.811171662125340753e-01 9.119660994550408759e+02
3.008784530386739986e-01 8.570564607734806941e+02
3.206315289648623001e-01 8.108971196581195500e+02
3.399619047619047429e-01 6.841561399999999367e+02
3.619689737470166979e-01 6.631588926014319441e+02
3.799070887818307152e-01 6.136634473503097524e+02
4.013341804320203487e-01 5.107086308767471223e+02
4.195595854922279933e-01 4.760568151986183807e+02
4.407771883289124948e-01 4.397772058355437252e+02
4.600780487804878027e-01 4.022702380487804703e+02
4.807973648341663520e-01 3.674117542026351657e+02
5.009150981177412643e-01 3.740852655186223501e+02
5.204555984555984116e-01 3.390486258687258783e+02
5.419053527118044000e-01 2.846654579936192704e+02
5.606541598694942952e-01 3.140100433931484076e+02
5.706576338400528581e-01 3.466935300727032541e+02
