7.099999999999999645e+00 1.840894154168446262e+00 3.213793059448274980e-01 1.003449951409135094e-01 1.003449951409135094e-01
7.299999999999999822e+00 1.851077769505520942e+00 2.908072923903928242e-01 1.525121477162293404e-01 1.525121477162293404e-01
7.500000000000000000e+00 1.858177640927597185e+00 2.699345712337525849e-01 2.396949573480185725e-01 2.396949573480185725e-01
7.700000000000000178e+00 1.870279769546430826e+00 2.417089490874032853e-01 3.418399740848720447e-01 3.418399740848720447e-01
7.900000000000000355e+00 1.890905685463728503e+00 2.298414261945129766e-01 3.978803584926033921e-01 3.978803584926033921e-01
8.099999999999999645e+00 1.925323490427980566e+00 2.453633719764974352e-01 3.679602634704675634e-01 3.679602634704675634e-01
8.300000000000000711e+00 1.974077193837935118e+00 2.725376555959477254e-01 2.843629197710830225e-01 2.843629197710830225e-01
8.500000000000001776e+00 2.034892221428758141e+00 3.065463148445574104e-01 2.011143505021056044e-01 2.011143505021056044e-01
8.700000000000001066e+00 2.102866823318679135e+00 3.442018031787444365e-01 1.397052154195011220e-01 1.397052154195011220e-01
8.900000000000000355e+00 2.174660135159439900e+00 3.893883988465488000e-01 9.582604470359572246e-02 9.582604470359572246e-02
9.100000000000001421e+00 2.255342281677243488e+00 4.436232196925786186e-01 6.319349962207104765e-02 6.319349962207104765e-02
9.300000000000002487e+00 2.352865815259085114e+00 4.567493994896342224e-01 4.261094914156138974e-02 4.261094914156138974e-02
9.500000000000001776e+00 2.452930788557009745e+00 4.965081947400242224e-01 2.958967714069754909e-02 2.958967714069754909e-02
9.700000000000001066e+00 2.563069598911639879e+00 5.590458069584013368e-01 2.131789223625958282e-02 2.131789223625958282e-02
9.900000000000002132e+00 2.709829265586103375e+00 6.431523710229577473e-01 1.372314004967066167e-02 1.372314004967066167e-02
1.010000000000000320e+01 2.915187629494418342e+00 5.984939736404419897e-01 7.670877874959507181e-03 7.670877874959507181e-03
1.030000000000000249e+01 3.125691739300558769e+00 5.970171465164387792e-01 4.622610949141561440e-03 4.622610949141561440e-03
1.050000000000000178e+01 3.222389978316128722e+00 3.799513088484661183e-01 1.644530828204297628e-03 1.644530828204297628e-03
1.070000000000000284e+01 3.265651224011727471e+00 5.989046526233441359e-01 1.166180758017492774e-04 1.166180758017492774e-04
