2.166666666666666741e-02 5.471974316666666709e+03
4.454545454545454780e-02 4.662292727272727461e+03
6.211111111111110999e-02 3.951198888888889087e+03
8.302469135802469091e-02 2.736453580246913589e+03
1.001960784313725428e-01 2.082559999999999945e+03
1.238590604026845732e-01 1.655969798657718229e+03
1.404228855721393054e-01 1.340322925373134240e+03
1.630075187969924899e-01 1.155488684210526344e+03
1.808858858858858887e-01 9.761493393393392353e+02
2.036394557823129059e-01 7.221038367346939140e+02
2.190557939914163088e-01 6.225709077253219448e+02
2.426502732240437277e-01 4.935515245901639787e+02
2.596589259796807103e-01 4.455471161103048416e+02
2.811171662125340753e-01 4.366766757493188038e+02
3.008784530386739986e-01 4.064764165745856417e+02
3.206315289648623001e-01 3.622761861348528214e+02
3.399619047619047429e-01 3.015695266666667180e+02
3.619689737470166979e-01 2.503854725536992873e+02
3.799070887818307152e-01 2.374526937370956716e+02
4.013341804320203487e-01 2.220765349428208424e+02
4.195595854922279933e-01 2.007492838226828269e+02
4.407771883289124948e-01 1.855952525198939043e+02
4.600780487804878027e-01 1.816122892682926704e+02
4.807973648341663520e-01 1.649626796910495159e+02
5.009150981177412643e-01 1.513629267120544739e+02
5.204555984555984116e-01 1.444078629343629530e+02
5.419053527118044000e-01 1.327435693016660991e+02
5.606541598694942952e-01 1.232710202283849981e+02
5.706576338400528581e-01 1.197313185723727571e+02
