2.166666666666666741e-02 2.875280716666667558e+03
4.454545454545454780e-02 2.858413181818182238e+03
6.211111111111110999e-02 2.142493777777777723e+03
8.302469135802469091e-02 1.410103333333333239e+03
1.001960784313725428e-01 1.200200000000000045e+03
1.238590604026845732e-01 8.812314765100670684e+02
1.404228855721393054e-01 6.648174925373133419e+02
1.630075187969924899e-01 6.078278195488721849e+02
1.808858858858858887e-01 5.049989669669670320e+02
2.036394557823129059e-01 3.732817687074830246e+02
2.190557939914163088e-01 3.307359420600858471e+02
2.426502732240437277e-01 2.437489271402550060e+02
2.596589259796807103e-01 2.253802554426705171e+02
2.811171662125340753e-01 2.293635640326975818e+02
3.008784530386739986e-01 1.972298872928176934e+02
3.206315289648623001e-01 1.712602146248812858e+02
3.399619047619047429e-01 1.531029723809523944e+02
3.619689737470166979e-01 1.220877064439140867e+02
3.799070887818307152e-01 1.132753427391603651e+02
4.013341804320203487e-01 1.104069047013977070e+02
4.195595854922279933e-01 9.735478491652273192e+01
4.407771883289124948e-01 9.112924297082227554e+01
4.600780487804878027e-01 8.871942829268293451e+01
4.807973648341663520e-01 7.699764806905952241e+01
5.009150981177412643e-01 7.101086291549859197e+01
5.204555984555984116e-01 6.805658239382239572e+01
5.419053527118044000e-01 6.012829269762496409e+01
5.606541598694942952e-01 5.556560678629690386e+01
5.706576338400528581e-01 5.500348367481824141e+01
