2.166666666666666741e-02 3.335209383333333335e+03
4.454545454545454780e-02 2.782910000000000309e+03
6.211111111111110999e-02 2.085130888888888876e+03
8.302469135802469091e-02 1.457651481481481596e+03
1.001960784313725428e-01 1.264933823529411711e+03
1.238590604026845732e-01 9.055154899328859983e+02
1.404228855721393054e-01 6.696928507462687321e+02
1.630075187969924899e-01 6.125196616541352341e+02
1.808858858858858887e-01 5.073544834834834774e+02
2.036394557823129059e-01 3.850136258503401905e+02
2.190557939914163088e-01 3.534952467811158954e+02
2.426502732240437277e-01 2.628945792349726958e+02
2.596589259796807103e-01 2.306108722786647434e+02
2.811171662125340753e-01 2.359301212534060426e+02
3.008784530386739986e-01 2.086033966850828563e+02
3.206315289648623001e-01 1.819479819563153171e+02
3.399619047619047429e-01 1.580610361904761874e+02
3.619689737470166979e-01 1.300954582338902128e+02
3.799070887818307152e-01 1.194632236751548646e+02
4.013341804320203487e-01 1.108758176620076341e+02
4.195595854922279933e-01 1.014347151410477892e+02
4.407771883289124948e-01 9.346062472148540223e+01
4.600780487804878027e-01 8.869086926829268691e+01
4.807973648341663520e-01 7.581779609268514264e+01
5.009150981177412643e-01 7.132308990788946801e+01
5.204555984555984116e-01 7.190781671814671938e+01
5.419053527118044000e-01 6.370804218362282256e+01
5.606541598694942952e-01 6.013617608482870480e+01
5.706576338400528581e-01 6.176957838730998418e+01
