2.166666666666666741e-02 4.859799183333333531e+03
4.454545454545454780e-02 4.239482727272727971e+03
6.211111111111110999e-02 3.478047555555555846e+03
8.302469135802469091e-02 2.441225432098765395e+03
1.001960784313725428e-01 1.913417745098039177e+03
1.238590604026845732e-01 1.497922348993288551e+03
1.404228855721393054e-01 1.199692925373134358e+03
1.630075187969924899e-01 1.038928233082706583e+03
1.808858858858858887e-01 8.856959519519518835e+02
2.036394557823129059e-01 6.671594058956916342e+02
2.190557939914163088e-01 5.711314313304721964e+02
2.426502732240437277e-01 4.373873533697632183e+02
2.596589259796807103e-01 4.007613033381712739e+02
2.811171662125340753e-01 3.888141975476838752e+02
3.008784530386739986e-01 3.462320475138121765e+02
3.206315289648623001e-01 3.104762716049382334e+02
3.399619047619047429e-01 2.697479409523809295e+02
3.619689737470166979e-01 2.304259379474940204e+02
3.799070887818307152e-01 2.168830997935306186e+02
4.013341804320203487e-01 1.963598773824650436e+02
4.195595854922279933e-01 1.786272026482440936e+02
4.407771883289124948e-01 1.632196769230769178e+02
4.600780487804878027e-01 1.567402634146341427e+02
4.807973648341663520e-01 1.438814852339845345e+02
5.009150981177412643e-01 1.345903800560672892e+02
5.204555984555984116e-01 1.284730000000000132e+02
5.419053527118044000e-01 1.124376444523218765e+02
5.606541598694942952e-01 1.047938595106035962e+02
5.706576338400528581e-01 1.047212395241242575e+02
