2.166666666666666741e-02 4.601814533333333202e+03
4.454545454545454780e-02 4.327407272727273266e+03
6.211111111111110999e-02 3.459440444444444438e+03
8.302469135802469091e-02 2.355496666666666442e+03
1.001960784313725428e-01 1.904463627450980084e+03
1.238590604026845732e-01 1.450819731543624357e+03
1.404228855721393054e-01 1.154842437810945285e+03
1.630075187969924899e-01 1.023591819548872195e+03
1.808858858858858887e-01 8.581419639639639172e+02
2.036394557823129059e-01 6.434823469387754358e+02
2.190557939914163088e-01 5.472473175965665178e+02
2.426502732240437277e-01 4.017937832422586553e+02
2.596589259796807103e-01 3.767299651669085847e+02
2.811171662125340753e-01 3.869430722070845263e+02
3.008784530386739986e-01 3.535614419889502642e+02
3.206315289648623001e-01 3.130106115859449005e+02
3.399619047619047429e-01 2.642554676190476357e+02
3.619689737470166979e-01 2.220915059665871070e+02
3.799070887818307152e-01 2.082107742601514246e+02
4.013341804320203487e-01 1.850877782719186655e+02
4.195595854922279933e-01 1.693242003454231508e+02
4.407771883289124948e-01 1.636003946949602152e+02
4.600780487804878027e-01 1.561342502439024429e+02
4.807973648341663520e-01 1.358771253975465640e+02
5.009150981177412643e-01 1.244013027633159680e+02
5.204555984555984116e-01 1.235663212355212295e+02
5.419053527118044000e-01 1.137770971286777666e+02
5.606541598694942952e-01 1.054095246982055443e+02
5.706576338400528581e-01 1.042134099140779995e+02
