7.099999999999999645e+00 2.003056599079840350e+00 2.494774798168033769e-01 1.682393909944930321e-01 1.682393909944930321e-01
7.299999999999999822e+00 2.042714086826265873e+00 2.932975049959614111e-01 1.353973652953244788e-01 1.353973652953244788e-01
7.500000000000000000e+00 2.085164444101813785e+00 3.441665223680814290e-01 1.082383111974948714e-01 1.082383111974948714e-01
7.700000000000000178e+00 2.127726834052414695e+00 3.691771873668028281e-01 8.682107763740416762e-02 8.682107763740416762e-02
7.900000000000000355e+00 2.177503231851981802e+00 4.346158501284391185e-01 6.797969981643450788e-02 6.797969981643450788e-02
8.099999999999999645e+00 2.228621866231573545e+00 4.567088349056057650e-01 5.202515927005722796e-02 5.202515927005722796e-02
8.300000000000000711e+00 2.284799696120078938e+00 4.642737963630901854e-01 3.880304502753482293e-02 3.880304502753482293e-02
8.500000000000001776e+00 2.350711025565860535e+00 5.251825160857555019e-01 3.027048914804016805e-02 3.027048914804016805e-02
8.700000000000001066e+00 2.417798596017460611e+00 5.464905216086726192e-01 2.462099125364431568e-02 2.462099125364431568e-02
8.900000000000000355e+00 2.491074335047806620e+00 5.756673432475684082e-01 2.036929057337220558e-02 2.036929057337220558e-02
9.100000000000001421e+00 2.582336335704961350e+00 6.226154299431833072e-01 1.678922362595831885e-02 1.678922362595831885e-02
9.300000000000002487e+00 2.669257144775310397e+00 6.117702639200969239e-01 1.322535363351689912e-02 1.322535363351689912e-02
9.500000000000001776e+00 2.784111941724378259e+00 6.587271857990898427e-01 9.892560198682648354e-03 9.892560198682648354e-03
9.700000000000001066e+00 2.911913976373051050e+00 6.549484723299598965e-01 7.303206997084548194e-03 7.303206997084548194e-03
9.900000000000002132e+00 3.073443257556551345e+00 7.445782780759747643e-01 5.716985206781125158e-03 5.716985206781125158e-03
1.010000000000000320e+01 3.300752976688900997e+00 8.100644253427027319e-01 4.904437965662455587e-03 4.904437965662455587e-03
1.030000000000000249e+01 3.538351702998754345e+00 8.360183897231964201e-01 3.753374365619263457e-03 3.753374365619263457e-03
1.050000000000000178e+01 3.913864523243553606e+00 1.068193023650295892e+00 2.050534499514091238e-03 2.050534499514091238e-03
1.070000000000000284e+01 4.671825595272009579e+00 1.403391342783262941e+00 6.532771838894288171e-04 6.532771838894288171e-04
1.090000000000000391e+01 5.805043413484466619e+00 2.026039938056686918e+00 1.463124932512687728e-04 1.463124932512687728e-04
1.110000000000000320e+01 7.199081172220648028e+00 2.076243326601205919e+00 1.403736097613648703e-05 1.403736097613648703e-05
