2.166666666666666741e-02 3.219817300000000159e+03
4.454545454545454780e-02 3.356459545454545605e+03
6.211111111111110999e-02 2.711489111111111470e+03
8.302469135802469091e-02 1.813769753086419769e+03
1.001960784313725428e-01 1.520620098039215691e+03
1.238590604026845732e-01 1.124911060402684598e+03
1.404228855721393054e-01 8.618624179104476752e+02
1.630075187969924899e-01 7.802540037593985289e+02
1.808858858858858887e-01 6.578918888888889569e+02
2.036394557823129059e-01 4.964378390022675944e+02
2.190557939914163088e-01 4.337423690987124019e+02
2.426502732240437277e-01 3.245908579234972535e+02
2.596589259796807103e-01 3.031304833091436990e+02
2.811171662125340753e-01 3.172314604904632347e+02
3.008784530386739986e-01 2.774220696132596800e+02
3.206315289648623001e-01 2.354757179487179428e+02
3.399619047619047429e-01 2.017483257142856985e+02
3.619689737470166979e-01 1.684703794749403301e+02
3.799070887818307152e-01 1.583020770818995118e+02
4.013341804320203487e-01 1.430160196950444629e+02
4.195595854922279933e-01 1.299254145077720182e+02
4.407771883289124948e-01 1.240962159151193589e+02
4.600780487804878027e-01 1.181182765853658623e+02
4.807973648341663520e-01 1.032738086324397955e+02
5.009150981177412643e-01 9.698832414897877641e+01
5.204555984555984116e-01 9.605338667953668619e+01
5.419053527118044000e-01 8.585484810350938290e+01
5.606541598694942952e-01 7.765772786296899710e+01
5.706576338400528581e-01 7.526854216787837970e+01
