7.099999999999999645e+00 1.577796042348062366e+00 5.955725394561281472e-03
7.299999999999999822e+00 1.618603027651502213e+00 6.061489700233270439e-03
7.500000000000000000e+00 1.716572829965570257e+00 6.648293995931791461e-03
7.700000000000000178e+00 1.807893931142162902e+00 7.969350724472384906e-03
7.900000000000000355e+00 1.890061931920718363e+00 8.856235849634528159e-03
8.099999999999999645e+00 1.950690266890722890e+00 9.500374749270516089e-03
8.300000000000000711e+00 2.014466817551215705e+00 1.096195136224224938e-02
8.500000000000001776e+00 2.113793495733059302e+00 1.285011236579014851e-02
8.700000000000001066e+00 2.204039446437857652e+00 1.459502273870714323e-02
8.900000000000000355e+00 2.312939206371009693e+00 1.663433846045895073e-02
9.100000000000001421e+00 2.397903564241265162e+00 1.878752306630164515e-02
9.300000000000002487e+00 2.501274166720608427e+00 2.079362573543856729e-02
9.500000000000001776e+00 2.462374653106065292e+00 2.300235767037975970e-02
9.700000000000001066e+00 2.610425720267854022e+00 2.640635257044394654e-02
9.900000000000002132e+00 2.790606368105044588e+00 3.282895759236156147e-02
1.010000000000000320e+01 3.004099985157432151e+00 4.099479608038300582e-02
1.030000000000000249e+01 3.240382923657523229e+00 5.893628869144916516e-02
1.050000000000000178e+01 3.992270694303751810e+00 1.806013654557123704e-01
1.070000000000000284e+01 1.262637087790114165e+01 4.524879162923628684e+00
