2.166666666666666741e-02 4.114573916666666628e+04
4.454545454545454780e-02 1.684543227272727381e+04
6.211111111111110999e-02 7.669189555555554762e+03
8.302469135802469091e-02 5.394909259259259670e+03
1.001960784313725428e-01 4.139277941176471359e+03
1.238590604026845732e-01 3.553924966442953519e+03
1.404228855721393054e-01 2.609529800995024743e+03
1.630075187969924899e-01 1.985100488721804368e+03
1.808858858858858887e-01 1.906323243243243041e+03
2.036394557823129059e-01 1.706428367346938558e+03
2.190557939914163088e-01 1.386258304721030299e+03
2.426502732240437277e-01 9.614699672131147281e+02
2.596589259796807103e-01 9.488147053701014784e+02
2.811171662125340753e-01 9.433489509536783544e+02
3.008784530386739986e-01 8.613783359116022211e+02
3.206315289648623001e-01 8.454121823361822408e+02
3.399619047619047429e-01 7.482911342857142927e+02
3.619689737470166979e-01 6.558362792362768232e+02
3.799070887818307152e-01 5.991803867859600814e+02
4.013341804320203487e-01 5.160887782719187271e+02
4.195595854922279933e-01 5.020701318364996837e+02
4.407771883289124948e-01 4.492831687002652643e+02
4.600780487804878027e-01 3.849240629268293219e+02
4.807973648341663520e-01 3.553172612448886412e+02
5.009150981177412643e-01 3.423538105726872800e+02
5.204555984555984116e-01 3.120363528957528274e+02
5.419053527118044000e-01 2.936242555831265122e+02
5.606541598694942952e-01 3.150466319738988545e+02
5.706576338400528581e-01 3.394433833443490016e+02
