2.166666666666666741e-02 1.344822600000000057e+04
4.454545454545454780e-02 8.271024999999999636e+03
6.211111111111110999e-02 6.253614888888888345e+03
8.302469135802469091e-02 4.474566296296296059e+03
1.001960784313725428e-01 3.306184803921568346e+03
1.238590604026845732e-01 2.728786711409396048e+03
1.404228855721393054e-01 2.238977462686567378e+03
1.630075187969924899e-01 1.758932781954887105e+03
1.808858858858858887e-01 1.469083393393393408e+03
2.036394557823129059e-01 1.236601269841269641e+03
2.190557939914163088e-01 1.081338873390557865e+03
2.426502732240437277e-01 8.017770692167576954e+02
2.596589259796807103e-01 7.807566661828736869e+02
2.811171662125340753e-01 7.542489754768390640e+02
3.008784530386739986e-01 7.090416585635358615e+02
3.206315289648623001e-01 6.516115422602088074e+02
3.399619047619047429e-01 5.257451095238095604e+02
3.619689737470166979e-01 4.318210238663484688e+02
3.799070887818307152e-01 3.984184996558844318e+02
4.013341804320203487e-01 3.842440565438373596e+02
4.195595854922279933e-01 3.664845141047783841e+02
4.407771883289124948e-01 3.303564705570291267e+02
4.600780487804878027e-01 3.138738058536585527e+02
4.807973648341663520e-01 2.853233525670149788e+02
5.009150981177412643e-01 2.760209575490588918e+02
5.204555984555984116e-01 2.622570528957529632e+02
5.419053527118044000e-01 2.406037277561148642e+02
5.606541598694942952e-01 2.340077246329526872e+02
5.706576338400528581e-01 2.231804230006609373e+02
