9.100000000000001421e+00 2.502617771650598399e+00 2.291455695504432746e-02
9.300000000000002487e+00 2.609857883158400949e+00 2.597702912845789233e-02
9.500000000000001776e+00 2.689521116846608439e+00 3.040582850688580349e-02
9.700000000000001066e+00 2.840816445697869064e+00 3.579853758448874046e-02
9.900000000000002132e+00 2.937560389300996722e+00 4.094342766115721677e-02
1.010000000000000320e+01 3.235355784085994113e+00 4.414960932230156676e-02
1.030000000000000249e+01 3.588246345935727444e+00 5.064790197020197643e-02
1.050000000000000178e+01 3.892497591913045341e+00 7.146236403707795226e-02
1.070000000000000284e+01 5.056333875555427682e+00 1.371252826690110838e-01
1.090000000000000391e+01 5.631090985624845224e+00 3.982578405529371701e-01
1.110000000000000320e+01 1.390298595699767326e+01 1.778308607558548804e+00
