2.166666666666666741e-02 1.605382433333333211e+04
4.454545454545454780e-02 8.638746363636364549e+03
6.211111111111110999e-02 6.569602666666666664e+03
8.302469135802469091e-02 4.503231111111111204e+03
1.001960784313725428e-01 2.866630588235293999e+03
1.238590604026845732e-01 2.446870604026845285e+03
1.404228855721393054e-01 2.047120547263681601e+03
1.630075187969924899e-01 1.715366315789473674e+03
1.808858858858858887e-01 1.563296006006006110e+03
2.036394557823129059e-01 1.264705034013605200e+03
2.190557939914163088e-01 1.001543390557939802e+03
2.426502732240437277e-01 8.101890491803279701e+02
2.596589259796807103e-01 8.448483309143686029e+02
2.811171662125340753e-01 7.927601689373296949e+02
3.008784530386739986e-01 7.229860508287293897e+02
3.206315289648623001e-01 6.383544738841405888e+02
3.399619047619047429e-01 5.180138695238094897e+02
3.619689737470166979e-01 4.370539713603819223e+02
3.799070887818307152e-01 4.195244962147281171e+02
4.013341804320203487e-01 3.939682153748411793e+02
4.195595854922279933e-01 3.603910616004605458e+02
4.407771883289124948e-01 3.403539649867373669e+02
4.600780487804878027e-01 3.260475619512195067e+02
4.807973648341663520e-01 3.025905452067242436e+02
5.009150981177412643e-01 2.884321641970364567e+02
5.204555984555984116e-01 2.677544594594594969e+02
5.419053527118044000e-01 2.465203700815313823e+02
5.606541598694942952e-01 2.366413895595432564e+02
5.706576338400528581e-01 2.278768162590879172e+02
