2.166666666666666741e-02 1.892284716666666645e+04
4.454545454545454780e-02 1.056258954545454617e+04
6.211111111111110999e-02 7.005931333333333896e+03
8.302469135802469091e-02 4.613110864197530645e+03
1.001960784313725428e-01 3.306240588235294126e+03
1.238590604026845732e-01 2.762567516778523441e+03
1.404228855721393054e-01 2.356714925373134520e+03
1.630075187969924899e-01 1.951386992481203151e+03
1.808858858858858887e-01 1.699532612612612866e+03
2.036394557823129059e-01 1.420376553287982006e+03
2.190557939914163088e-01 1.191455257510729552e+03
2.426502732240437277e-01 9.078115883424408139e+02
2.596589259796807103e-01 8.286785065312046754e+02
2.811171662125340753e-01 8.151463215258855826e+02
3.008784530386739986e-01 8.110543966850829065e+02
3.206315289648623001e-01 7.584963485280152327e+02
3.399619047619047429e-01 6.192027009523808374e+02
3.619689737470166979e-01 5.003580501193317787e+02
3.799070887818307152e-01 4.458632050929111870e+02
4.013341804320203487e-01 4.054371753494282302e+02
4.195595854922279933e-01 3.954980293609672231e+02
4.407771883289124948e-01 3.636325941644561794e+02
4.600780487804878027e-01 3.420124960975609838e+02
4.807973648341663520e-01 3.144418105406633686e+02
5.009150981177412643e-01 3.070811922306768338e+02
5.204555984555984116e-01 3.022057262548262315e+02
5.419053527118044000e-01 2.695939517901452973e+02
5.606541598694942952e-01 2.577577256117455136e+02
5.706576338400528581e-01 2.618919451421017470e+02
