2.166666666666666741e-02 1.054519300000000112e+04
4.454545454545454780e-02 7.187754545454546133e+03
6.211111111111110999e-02 5.863647555555556210e+03
8.302469135802469091e-02 4.232027160493827068e+03
1.001960784313725428e-01 3.162677156862744596e+03
1.238590604026845732e-01 2.491655771812080275e+03
1.404228855721393054e-01 1.937564825870646928e+03
1.630075187969924899e-01 1.584655939849624019e+03
1.808858858858858887e-01 1.383556486486486392e+03
2.036394557823129059e-01 1.134897850340135847e+03
2.190557939914163088e-01 9.797127982832618045e+02
2.426502732240437277e-01 7.476677085610200493e+02
2.596589259796807103e-01 7.000811059506530682e+02
2.811171662125340753e-01 7.096512792915531236e+02
3.008784530386739986e-01 6.438176850828727993e+02
3.206315289648623001e-01 5.616033931623932176e+02
3.399619047619047429e-01 4.734844285714285661e+02
3.619689737470166979e-01 3.871326276849641772e+02
3.799070887818307152e-01 3.749140013764624655e+02
4.013341804320203487e-01 3.506409612452350189e+02
4.195595854922279933e-01 3.251669067357512404e+02
4.407771883289124948e-01 3.080693511936339064e+02
4.600780487804878027e-01 2.891813053658536319e+02
4.807973648341663520e-01 2.644104466151748625e+02
5.009150981177412643e-01 2.504656976371646238e+02
5.204555984555984116e-01 2.416753772200772516e+02
5.419053527118044000e-01 2.109541396667848403e+02
5.606541598694942952e-01 1.871780939641109285e+02
5.706576338400528581e-01 1.824457065432914646e+02
