2.166666666666666741e-02 -1.047792500000000000e+05
4.454545454545454780e-02 4.923019999999999709e+04
6.211111111111110999e-02 -1.967226000000000568e+04
8.302469135802469091e-02 -3.750642592592592700e+04
1.001960784313725428e-01 -2.861588529411764466e+04
1.238590604026845732e-01 -4.343076644295301958e+04
1.404228855721393054e-01 4.583594129353233438e+04
1.630075187969924899e-01 5.854012218045112240e+04
1.808858858858858887e-01 -6.060875975975978690e+03
2.036394557823129059e-01 -2.586943990929705251e+04
2.190557939914163088e-01 -2.419986995708154063e+04
2.426502732240437277e-01 1.144287132969034428e+04
2.596589259796807103e-01 8.588663367198838387e+03
2.811171662125340753e-01 -2.319768474114441051e+04
3.008784530386739986e-01 -1.663473911602210137e+04
3.206315289648623001e-01 1.373850671415004763e+04
3.399619047619047429e-01 2.683850416761904489e+04
3.619689737470166979e-01 1.590232983770883038e+04
3.799070887818307152e-01 -5.286814865794901834e+02
4.013341804320203487e-01 -1.686345914866581734e+04
4.195595854922279933e-01 -1.223768795624640188e+04
4.407771883289124948e-01 1.189942944297082249e+04
4.600780487804878027e-01 2.192660803902438784e+04
4.807973648341663520e-01 7.820206315311223079e+03
5.009150981177412643e-01 -1.271148753704445335e+04
5.204555984555984116e-01 -2.009191718146718267e+04
5.419053527118044000e-01 2.076394555122296879e+03
5.606541598694942952e-01 3.111857866231646767e+03
5.706576338400528581e-01 -1.192132465300727017e+04
