2.166666666666666741e-02 5.162197366666666312e+03
4.454545454545454780e-02 4.588866818181818417e+03
6.211111111111110999e-02 3.976210000000000036e+03
8.302469135802469091e-02 2.764137901234567835e+03
1.001960784313725428e-01 2.094350490196078226e+03
1.238590604026845732e-01 1.618333288590603843e+03
1.404228855721393054e-01 1.305259900497512490e+03
1.630075187969924899e-01 1.136940473684210474e+03
1.808858858858858887e-01 9.718793573573573212e+02
2.036394557823129059e-01 7.336776235827663868e+02
2.190557939914163088e-01 6.069236072961372201e+02
2.426502732240437277e-01 4.618139471766848487e+02
2.596589259796807103e-01 4.238972452830188331e+02
2.811171662125340753e-01 4.098139128065395198e+02
3.008784530386739986e-01 3.811125016574585516e+02
3.206315289648623001e-01 3.474638651471984190e+02
3.399619047619047429e-01 2.927526190476190209e+02
3.619689737470166979e-01 2.444364582338902494e+02
3.799070887818307152e-01 2.323194122505161658e+02
4.013341804320203487e-01 2.138266963151206994e+02
4.195595854922279933e-01 1.989073678756476795e+02
4.407771883289124948e-01 1.832449962864721442e+02
4.600780487804878027e-01 1.743569039024390293e+02
4.807973648341663520e-01 1.587965465697410252e+02
5.009150981177412643e-01 1.469961173408089792e+02
5.204555984555984116e-01 1.423385679536679618e+02
5.419053527118044000e-01 1.306687437079050085e+02
5.606541598694942952e-01 1.219222907014681851e+02
5.706576338400528581e-01 1.192024276272306622e+02
