2.166666666666666741e-02 3.868429266666666535e+03
4.454545454545454780e-02 3.357003636363636360e+03
6.211111111111110999e-02 2.506965333333333547e+03
8.302469135802469091e-02 1.757180246913580277e+03
1.001960784313725428e-01 1.472070196078431309e+03
1.238590604026845732e-01 1.086170362416107537e+03
1.404228855721393054e-01 8.415022636815921260e+02
1.630075187969924899e-01 7.349685526315789730e+02
1.808858858858858887e-01 6.259759879879879918e+02
2.036394557823129059e-01 4.738860340136054106e+02
2.190557939914163088e-01 4.024661609442060239e+02
2.426502732240437277e-01 3.008981384335154985e+02
2.596589259796807103e-01 2.743974615384615845e+02
2.811171662125340753e-01 2.809924591280653772e+02
3.008784530386739986e-01 2.522950784530386841e+02
3.206315289648623001e-01 2.210115384615384642e+02
3.399619047619047429e-01 1.888706942857142792e+02
3.619689737470166979e-01 1.564860930787589552e+02
3.799070887818307152e-01 1.517042856159669668e+02
4.013341804320203487e-01 1.359806391359593363e+02
4.195595854922279933e-01 1.190509240069084598e+02
4.407771883289124948e-01 1.136747580901856765e+02
4.600780487804878027e-01 1.065395584390244039e+02
4.807973648341663520e-01 9.274395665606542138e+01
5.009150981177412643e-01 8.710513428113735301e+01
5.204555984555984116e-01 8.411907764478763738e+01
5.419053527118044000e-01 7.664804367245658057e+01
5.606541598694942952e-01 7.152361970636215460e+01
5.706576338400528581e-01 7.040311090548578932e+01
