7.099999999999999645e+00 4.510962970718173537e+00 8.647141907509471592e-02
7.299999999999999822e+00 4.358406215337105039e+00 8.548217268846405870e-02
7.500000000000000000e+00 4.485093013303622200e+00 8.113828334233338935e-02
7.700000000000000178e+00 4.026027566199170238e+00 7.968696913272500792e-02
7.900000000000000355e+00 3.828298030579632805e+00 7.280154534890183327e-02
8.099999999999999645e+00 3.602378654102344591e+00 6.503687508240792170e-02
8.300000000000000711e+00 3.441061541920804601e+00 5.610224465541481520e-02
8.500000000000001776e+00 2.820240946662593728e+00 4.701540425585323119e-02
8.700000000000001066e+00 2.720107811317527879e+00 3.759364077786786495e-02
8.900000000000000355e+00 2.566291056375274771e+00 3.045315636664969530e-02
9.100000000000001421e+00 2.510982264405640763e+00 2.534329092422588081e-02
9.300000000000002487e+00 2.520809766236759231e+00 2.363978320816907674e-02
9.500000000000001776e+00 2.488145324385446333e+00 2.412552729126889173e-02
9.700000000000001066e+00 2.611364502605094895e+00 2.661560786962520117e-02
9.900000000000002132e+00 2.790606368105044588e+00 3.282895759236156147e-02
1.010000000000000320e+01 3.004099985157432151e+00 4.099479608038300582e-02
1.030000000000000249e+01 3.240382923657523229e+00 5.893628869144916516e-02
1.050000000000000178e+01 3.992270694303751810e+00 1.806013654557123704e-01
1.070000000000000284e+01 1.262637087790114165e+01 4.524879162923628684e+00
