2.166666666666666741e-02 9.014586333333334187e+04
4.454545454545454780e-02 3.325803409090908826e+04
6.211111111111110999e-02 1.266503888888888832e+04
8.302469135802469091e-02 9.678236172839506253e+03
1.001960784313725428e-01 6.959527549019608159e+03
1.238590604026845732e-01 5.415059865771811928e+03
1.404228855721393054e-01 4.519364477611939947e+03
1.630075187969924899e-01 3.519481090225564003e+03
1.808858858858858887e-01 2.976644534534534614e+03
2.036394557823129059e-01 2.510629070294784924e+03
2.190557939914163088e-01 2.243074034334763837e+03
2.426502732240437277e-01 1.774208524590163961e+03
2.596589259796807103e-01 1.441025065312046536e+03
2.811171662125340753e-01 1.358447316076294328e+03
3.008784530386739986e-01 1.474221635359116135e+03
3.206315289648623001e-01 1.324758072174738800e+03
3.399619047619047429e-01 9.804573723809522789e+02
3.619689737470166979e-01 8.969582171837707847e+02
3.799070887818307152e-01 8.993379194769440801e+02
4.013341804320203487e-01 7.072787922490470010e+02
4.195595854922279933e-01 6.486700138169256888e+02
4.407771883289124948e-01 7.135621082228117302e+02
4.600780487804878027e-01 6.662712409756098850e+02
4.807973648341663520e-01 5.794455565651977622e+02
5.009150981177412643e-01 6.216279435322387599e+02
5.204555984555984116e-01 6.195894277992277921e+02
5.419053527118044000e-01 5.494381747607232001e+02
5.606541598694942952e-01 5.042069644371941877e+02
5.706576338400528581e-01 4.747586212822207585e+02
