2.166666666666666741e-02 5.027065266666666867e+04
4.454545454545454780e-02 2.061654318181817871e+04
6.211111111111110999e-02 8.464795333333333474e+03
8.302469135802469091e-02 6.149988148148147047e+03
1.001960784313725428e-01 4.637990490196078099e+03
1.238590604026845732e-01 3.504407181208053771e+03
1.404228855721393054e-01 3.313465820895522484e+03
1.630075187969924899e-01 2.843599210526315801e+03
1.808858858858858887e-01 2.221421261261261407e+03
2.036394557823129059e-01 1.818749229024943361e+03
2.190557939914163088e-01 1.552790879828326297e+03
2.426502732240437277e-01 1.132236765027322235e+03
2.596589259796807103e-01 1.012692197387518149e+03
2.811171662125340753e-01 9.594920980926431184e+02
3.008784530386739986e-01 1.049590983425414379e+03
3.206315289648623001e-01 9.329113903133902568e+02
3.399619047619047429e-01 6.818312057142858293e+02
3.619689737470166979e-01 6.758390739856802156e+02
3.799070887818307152e-01 6.294370894700620056e+02
4.013341804320203487e-01 5.239617160101653326e+02
4.195595854922279933e-01 4.957148819804260143e+02
4.407771883289124948e-01 5.075114896551724541e+02
4.600780487804878027e-01 4.849704370731707286e+02
4.807973648341663520e-01 3.964519245797364988e+02
5.009150981177412643e-01 3.922197765318381357e+02
5.204555984555984116e-01 3.810442972972973052e+02
5.419053527118044000e-01 3.305851726338178196e+02
5.606541598694942952e-01 3.648947954323001568e+02
5.706576338400528581e-01 4.085937316589557895e+02
