2.166666666666666741e-02 4.101305216666666638e+03
4.454545454545454780e-02 3.943231818181818653e+03
6.211111111111110999e-02 3.388467777777778338e+03
8.302469135802469091e-02 2.351334567901234095e+03
1.001960784313725428e-01 1.846163823529411729e+03
1.238590604026845732e-01 1.378576442953019978e+03
1.404228855721393054e-01 1.123005800995024629e+03
1.630075187969924899e-01 9.879771428571427805e+02
1.808858858858858887e-01 8.181065525525525572e+02
2.036394557823129059e-01 6.292053287981858603e+02
2.190557939914163088e-01 5.334008240343348461e+02
2.426502732240437277e-01 3.871120327868852087e+02
2.596589259796807103e-01 3.702101277213353114e+02
2.811171662125340753e-01 3.886066253405995212e+02
3.008784530386739986e-01 3.431115104972375889e+02
3.206315289648623001e-01 2.981039895536562767e+02
3.399619047619047429e-01 2.526987609523809795e+02
3.619689737470166979e-01 2.088522052505966542e+02
3.799070887818307152e-01 1.934098561596696584e+02
4.013341804320203487e-01 1.810238729351969482e+02
4.195595854922279933e-01 1.645796770293609939e+02
4.407771883289124948e-01 1.520978222811671117e+02
4.600780487804878027e-01 1.471815990243902377e+02
4.807973648341663520e-01 1.324482648796001740e+02
5.009150981177412643e-01 1.262075975170204458e+02
5.204555984555984116e-01 1.174752617760617568e+02
5.419053527118044000e-01 1.031633950372208659e+02
5.606541598694942952e-01 9.875430499184339794e+01
5.706576338400528581e-01 9.869390905485788323e+01
