2.166666666666666741e-02 9.411203166666666220e+03
4.454545454545454780e-02 5.977401363636364295e+03
6.211111111111110999e-02 4.611413555555555831e+03
8.302469135802469091e-02 3.565162592592592318e+03
1.001960784313725428e-01 2.696079117647058865e+03
1.238590604026845732e-01 2.089540805369127611e+03
1.404228855721393054e-01 1.766840696517412880e+03
1.630075187969924899e-01 1.525811240601503869e+03
1.808858858858858887e-01 1.321658048048048158e+03
2.036394557823129059e-01 1.025644208616779906e+03
2.190557939914163088e-01 8.283590042918453946e+02
2.426502732240437277e-01 6.332596648451731198e+02
2.596589259796807103e-01 5.942515152394774987e+02
2.811171662125340753e-01 5.842115000000000009e+02
3.008784530386739986e-01 5.771663944751380768e+02
3.206315289648623001e-01 5.195988271604937836e+02
3.399619047619047429e-01 4.085775123809523848e+02
3.619689737470166979e-01 3.322454343675417476e+02
3.799070887818307152e-01 3.157728086717136762e+02
4.013341804320203487e-01 2.978399974587039196e+02
4.195595854922279933e-01 2.776873212435233427e+02
4.407771883289124948e-01 2.663079750663130199e+02
4.600780487804878027e-01 2.599268648780488320e+02
4.807973648341663520e-01 2.247560399818264329e+02
5.009150981177412643e-01 2.061206631958349931e+02
5.204555984555984116e-01 2.020862548262548444e+02
5.419053527118044000e-01 1.864417582417582366e+02
5.606541598694942952e-01 1.696245481239804178e+02
5.706576338400528581e-01 1.612581097157964507e+02
