2.166666666666666741e-02 2.327666949999999997e+04
4.454545454545454780e-02 1.191799454545454500e+04
6.211111111111110999e-02 7.686122666666667101e+03
8.302469135802469091e-02 4.984710617283950342e+03
1.001960784313725428e-01 3.339079901960783900e+03
1.238590604026845732e-01 3.181580067114094163e+03
1.404228855721393054e-01 2.740150895522388055e+03
1.630075187969924899e-01 2.152037556390977443e+03
1.808858858858858887e-01 1.724620480480480865e+03
2.036394557823129059e-01 1.387284399092970261e+03
2.190557939914163088e-01 1.222645510729613761e+03
2.426502732240437277e-01 9.448426520947176641e+02
2.596589259796807103e-01 9.117367445573296436e+02
2.811171662125340753e-01 9.343422329700272257e+02
3.008784530386739986e-01 8.552971779005524695e+02
3.206315289648623001e-01 7.169034672364672360e+02
3.399619047619047429e-01 6.111648342857141643e+02
3.619689737470166979e-01 5.878020787589498468e+02
3.799070887818307152e-01 5.447947185134205483e+02
4.013341804320203487e-01 4.378170952986022826e+02
4.195595854922279933e-01 4.235256039147956244e+02
4.407771883289124948e-01 4.207207336870026211e+02
4.600780487804878027e-01 3.652651024390243606e+02
4.807973648341663520e-01 3.127978141753748105e+02
5.009150981177412643e-01 3.304570756908289582e+02
5.204555984555984116e-01 3.394726428571428869e+02
5.419053527118044000e-01 3.127251935483870966e+02
5.606541598694942952e-01 2.920696880913540099e+02
5.706576338400528581e-01 2.768154408460013087e+02
