2.166666666666666741e-02 4.443765816666666069e+03
4.454545454545454780e-02 4.384377272727272612e+03
6.211111111111110999e-02 3.614528888888888559e+03
8.302469135802469091e-02 2.433852345679012615e+03
1.001960784313725428e-01 1.996854509803921246e+03
1.238590604026845732e-01 1.559218523489932977e+03
1.404228855721393054e-01 1.226800169154228797e+03
1.630075187969924899e-01 1.060978458646616673e+03
1.808858858858858887e-01 8.847657537537538701e+02
2.036394557823129059e-01 6.830446825396825261e+02
2.190557939914163088e-01 5.875535386266094520e+02
2.426502732240437277e-01 4.524217996357012339e+02
2.596589259796807103e-01 4.216428867924527708e+02
2.811171662125340753e-01 4.035799019073569980e+02
3.008784530386739986e-01 3.555532718232044544e+02
3.206315289648623001e-01 3.181658442545109438e+02
3.399619047619047429e-01 2.773077038095237867e+02
3.619689737470166979e-01 2.322695011933174101e+02
3.799070887818307152e-01 2.194340233998623546e+02
4.013341804320203487e-01 1.985334027954256726e+02
4.195595854922279933e-01 1.826906482440990374e+02
4.407771883289124948e-01 1.733217527851458897e+02
4.600780487804878027e-01 1.610146624390243915e+02
4.807973648341663520e-01 1.426653275783734784e+02
5.009150981177412643e-01 1.326612551061273564e+02
5.204555984555984116e-01 1.278858301158301174e+02
5.419053527118044000e-01 1.170446898263027293e+02
5.606541598694942952e-01 1.108170228384991844e+02
5.706576338400528581e-01 1.096131308658294898e+02
