7.099999999999999645e+00 4.217477274656013186e+00 1.998294271753746632e+00 1.415073966094374186e-03 1.415073966094374186e-03
7.299999999999999822e+00 4.106925620567809077e+00 1.954946604129065291e+00 1.457725947521865866e-03 1.457725947521865866e-03
7.500000000000000000e+00 4.019854216727756224e+00 1.964065075068303079e+00 1.577583414318108274e-03 1.577583414318108274e-03
7.700000000000000178e+00 3.844666773867514653e+00 1.965337220997157797e+00 1.686103012633624826e-03 1.686103012633624826e-03
7.900000000000000355e+00 3.617157155286378156e+00 1.829806786348485481e+00 1.995464852607709873e-03 1.995464852607709873e-03
8.099999999999999645e+00 3.377446949612596949e+00 1.642378524560534458e+00 2.454918475326638670e-03 2.454918475326638670e-03
8.300000000000000711e+00 3.120850405683092799e+00 1.471248381077549183e+00 3.186480941582982371e-03 3.186480941582982371e-03
8.500000000000001776e+00 2.860935949946493029e+00 1.158411582795171313e+00 4.571320591728754781e-03 4.571320591728754781e-03
8.700000000000001066e+00 2.699893706552340955e+00 9.416546089059070201e-01 6.765468091998703970e-03 6.765468091998703970e-03
8.900000000000000355e+00 2.622958556926733742e+00 7.763400135997413631e-01 9.951949033581685908e-03 9.951949033581685908e-03
9.100000000000001421e+00 2.579426651975454288e+00 6.238230179888983873e-01 1.394827772378792741e-02 1.394827772378792741e-02
9.300000000000002487e+00 2.592966313415648205e+00 6.279758501456742525e-01 1.583576287657920481e-02 1.583576287657920481e-02
9.500000000000001776e+00 2.630909744343879364e+00 5.973988679087101072e-01 1.528128711802181211e-02 1.528128711802181211e-02
9.700000000000001066e+00 2.735524568666319656e+00 6.842683894069907513e-01 1.266061980347694613e-02 1.266061980347694613e-02
9.900000000000002132e+00 2.881543539747149829e+00 6.480250699895142574e-01 8.553611920958860415e-03 8.553611920958860415e-03
1.010000000000000320e+01 3.087961350803824612e+00 6.393165100252706790e-01 5.676492819349962006e-03 5.676492819349962006e-03
1.030000000000000249e+01 3.227812558584567615e+00 4.969206309489456741e-01 2.994277075909729073e-03 2.994277075909729073e-03
1.050000000000000178e+01 3.282075131086066744e+00 4.526765181693092610e-01 5.150631681243926204e-04 5.150631681243926204e-04
1.070000000000000284e+01 3.366553735393643887e+00 3.342840502499205835e-01 9.718172983479105885e-06 9.718172983479105885e-06
