2.166666666666666741e-02 8.748261166666667123e+03
4.454545454545454780e-02 5.857762272727271920e+03
6.211111111111110999e-02 4.428588222222222612e+03
8.302469135802469091e-02 3.260192222222222426e+03
1.001960784313725428e-01 2.632508627450980384e+03
1.238590604026845732e-01 2.011245302013422815e+03
1.404228855721393054e-01 1.553194825870646582e+03
1.630075187969924899e-01 1.388534285714285716e+03
1.808858858858858887e-01 1.219851531531531464e+03
2.036394557823129059e-01 9.357876507936507551e+02
2.190557939914163088e-01 7.922485278969957108e+02
2.426502732240437277e-01 6.028176029143899086e+02
2.596589259796807103e-01 5.640255471698113752e+02
2.811171662125340753e-01 5.374681267029972105e+02
3.008784530386739986e-01 4.706289712707182957e+02
3.206315289648623001e-01 4.206286353276353225e+02
3.399619047619047429e-01 3.622483714285714882e+02
3.619689737470166979e-01 3.158376587112171592e+02
3.799070887818307152e-01 3.014581465932553783e+02
4.013341804320203487e-01 2.659041499364676042e+02
4.195595854922279933e-01 2.510962400690846721e+02
4.407771883289124948e-01 2.443622132625994539e+02
4.600780487804878027e-01 2.255841234146341492e+02
4.807973648341663520e-01 2.048170745115856448e+02
5.009150981177412643e-01 1.961267825390468715e+02
5.204555984555984116e-01 1.837393216216216274e+02
5.419053527118044000e-01 1.575350113434951993e+02
5.606541598694942952e-01 1.454263588907014650e+02
5.706576338400528581e-01 1.440498968935889081e+02
