2.166666666666666741e-02 5.653680933333333087e+03
4.454545454545454780e-02 4.498401818181818271e+03
6.211111111111110999e-02 3.775995111111110873e+03
8.302469135802469091e-02 2.641175061728395121e+03
1.001960784313725428e-01 2.032392549019607713e+03
1.238590604026845732e-01 1.596230469798657623e+03
1.404228855721393054e-01 1.264512935323382862e+03
1.630075187969924899e-01 1.132182488721804475e+03
1.808858858858858887e-01 9.547396216216216089e+02
2.036394557823129059e-01 6.958302698412699101e+02
2.190557939914163088e-01 5.955963733905579147e+02
2.426502732240437277e-01 4.700735974499088456e+02
2.596589259796807103e-01 4.375767561683598501e+02
2.811171662125340753e-01 4.150018215258855321e+02
3.008784530386739986e-01 3.698263867403314862e+02
3.206315289648623001e-01 3.311271576448243081e+02
3.399619047619047429e-01 2.800154380952380961e+02
3.619689737470166979e-01 2.377971336515512917e+02
3.799070887818307152e-01 2.281373702684101659e+02
4.013341804320203487e-01 2.082567922490470096e+02
4.195595854922279933e-01 1.902215106505469464e+02
4.407771883289124948e-01 1.793045336870026460e+02
4.600780487804878027e-01 1.741290414634146373e+02
4.807973648341663520e-01 1.539000204452521530e+02
5.009150981177412643e-01 1.433987036443732563e+02
5.204555984555984116e-01 1.386017169884169959e+02
5.419053527118044000e-01 1.235114427507975847e+02
5.606541598694942952e-01 1.162065187601957490e+02
5.706576338400528581e-01 1.138788869795108951e+02
