2.166666666666666741e-02 3.468685000000000855e+03
4.454545454545454780e-02 3.555343636363636051e+03
6.211111111111110999e-02 3.015208888888888850e+03
8.302469135802469091e-02 2.080043580246913734e+03
1.001960784313725428e-01 1.607026372549019698e+03
1.238590604026845732e-01 1.211899328859060461e+03
1.404228855721393054e-01 1.001905422885572079e+03
1.630075187969924899e-01 8.948782706766917272e+02
1.808858858858858887e-01 7.561285945945945741e+02
2.036394557823129059e-01 5.718972358276643035e+02
2.190557939914163088e-01 4.852583605150214794e+02
2.426502732240437277e-01 3.600505701275044999e+02
2.596589259796807103e-01 3.371677851959361760e+02
2.811171662125340753e-01 3.427218405994550494e+02
3.008784530386739986e-01 3.021211569060773172e+02
3.206315289648623001e-01 2.662358708452041469e+02
3.399619047619047429e-01 2.297527276190476186e+02
3.619689737470166979e-01 1.860296801909308044e+02
3.799070887818307152e-01 1.727743764624914036e+02
4.013341804320203487e-01 1.639975660736976124e+02
4.195595854922279933e-01 1.499438664363845533e+02
4.407771883289124948e-01 1.360814859416445586e+02
4.600780487804878027e-01 1.318126209756097751e+02
4.807973648341663520e-01 1.170597328487051385e+02
5.009150981177412643e-01 1.085676215458550331e+02
5.204555984555984116e-01 1.045564362934363061e+02
5.419053527118044000e-01 9.200500141793689579e+01
5.606541598694942952e-01 8.622315980424143333e+01
5.706576338400528581e-01 8.541794500991407801e+01
