2.166666666666666741e-02 1.235528049999999930e+05
4.454545454545454780e-02 4.056191772727273201e+04
6.211111111111110999e-02 9.887152666666668665e+03
8.302469135802469091e-02 7.267872345679013051e+03
1.001960784313725428e-01 5.486211568627451015e+03
1.238590604026845732e-01 4.676702818791945901e+03
1.404228855721393054e-01 3.659616766169154289e+03
1.630075187969924899e-01 2.815772180451127497e+03
1.808858858858858887e-01 2.473850540540540806e+03
2.036394557823129059e-01 2.243775782312925003e+03
2.190557939914163088e-01 1.914931759656652275e+03
2.426502732240437277e-01 1.348935227686703001e+03
2.596589259796807103e-01 1.243012438316400448e+03
2.811171662125340753e-01 1.116802493188010885e+03
3.008784530386739986e-01 1.131742386740331540e+03
3.206315289648623001e-01 1.164590617283950451e+03
3.399619047619047429e-01 9.400383133333333490e+02
3.619689737470166979e-01 6.490691718377088364e+02
3.799070887818307152e-01 5.975469931176875207e+02
4.013341804320203487e-01 5.787513996188056353e+02
4.195595854922279933e-01 5.845467990788716861e+02
4.407771883289124948e-01 5.814409018567639578e+02
4.600780487804878027e-01 5.959511824390244783e+02
4.807973648341663520e-01 5.419907078600635941e+02
5.009150981177412643e-01 4.531775666800160707e+02
5.204555984555984116e-01 4.540201872586873151e+02
5.419053527118044000e-01 4.019466320453739741e+02
5.606541598694942952e-01 3.377063742251223744e+02
5.706576338400528581e-01 3.252116754791804283e+02
