2.166666666666666741e-02 7.951004833333333409e+03
4.454545454545454780e-02 6.350141818181818053e+03
6.211111111111110999e-02 5.938550888888889858e+03
8.302469135802469091e-02 4.143059999999999491e+03
1.001960784313725428e-01 2.853886274509804025e+03
1.238590604026845732e-01 2.379318255033556852e+03
1.404228855721393054e-01 1.889246417910447917e+03
1.630075187969924899e-01 1.529574511278195587e+03
1.808858858858858887e-01 1.394409279279279190e+03
2.036394557823129059e-01 1.142976081632652949e+03
2.190557939914163088e-01 9.400045815450644113e+02
2.426502732240437277e-01 7.062407486338797753e+02
2.596589259796807103e-01 7.026716690856313789e+02
2.811171662125340753e-01 6.710440831062670668e+02
3.008784530386739986e-01 5.728728232044198876e+02
3.206315289648623001e-01 5.117250930674264282e+02
3.399619047619047429e-01 4.479023647619047779e+02
3.619689737470166979e-01 3.871755990453460754e+02
3.799070887818307152e-01 3.599557701307639945e+02
4.013341804320203487e-01 3.258512909783989926e+02
4.195595854922279933e-01 3.246181727115716171e+02
4.407771883289124948e-01 3.035462923076923403e+02
4.600780487804878027e-01 2.647223400000000311e+02
4.807973648341663520e-01 2.365887996365288473e+02
5.009150981177412643e-01 2.186615358430116203e+02
5.204555984555984116e-01 2.182169339768339569e+02
5.419053527118044000e-01 2.046089131513647317e+02
5.606541598694942952e-01 1.901463814029363846e+02
5.706576338400528581e-01 1.892327501652346484e+02
