2.166666666666666741e-02 8.189695499999998901e+03
4.454545454545454780e-02 6.333788636363635305e+03
6.211111111111110999e-02 5.335119333333333088e+03
8.302469135802469091e-02 3.689604814814814745e+03
1.001960784313725428e-01 2.671183235294117821e+03
1.238590604026845732e-01 2.121333020134228263e+03
1.404228855721393054e-01 1.725124975124378125e+03
1.630075187969924899e-01 1.551184624060150327e+03
1.808858858858858887e-01 1.467919249249249106e+03
2.036394557823129059e-01 1.159403736961451159e+03
2.190557939914163088e-01 9.044034184549356041e+02
2.426502732240437277e-01 6.657345519125682358e+02
2.596589259796807103e-01 6.142061320754717144e+02
2.811171662125340753e-01 5.672631839237058102e+02
3.008784530386739986e-01 5.417832309392265415e+02
3.206315289648623001e-01 5.297569544159543966e+02
3.399619047619047429e-01 4.378441571428571137e+02
3.619689737470166979e-01 3.509038854415274500e+02
3.799070887818307152e-01 3.278325106675843585e+02
4.013341804320203487e-01 2.972414904701397518e+02
4.195595854922279933e-01 2.944011974668969742e+02
4.407771883289124948e-01 2.837396413793103420e+02
4.600780487804878027e-01 2.630796375609755842e+02
4.807973648341663520e-01 2.308109354838709635e+02
5.009150981177412643e-01 2.174444721665999509e+02
5.204555984555984116e-01 2.121571247104247107e+02
5.419053527118044000e-01 1.915299220134704115e+02
5.606541598694942952e-01 1.811907471451876006e+02
5.706576338400528581e-01 1.798669424983476688e+02
