2.166666666666666741e-02 8.166370166666666591e+03
4.454545454545454780e-02 5.614446818181818344e+03
6.211111111111110999e-02 4.579378444444443630e+03
8.302469135802469091e-02 3.430062345679012196e+03
1.001960784313725428e-01 2.656849509803921592e+03
1.238590604026845732e-01 2.121150872483221519e+03
1.404228855721393054e-01 1.664319054726368222e+03
1.630075187969924899e-01 1.434019436090225554e+03
1.808858858858858887e-01 1.242333033033033189e+03
2.036394557823129059e-01 9.175166916099774426e+02
2.190557939914163088e-01 7.853149034334763883e+02
2.426502732240437277e-01 6.435615883424408139e+02
2.596589259796807103e-01 5.899578287373003604e+02
2.811171662125340753e-01 5.492293664850135428e+02
3.008784530386739986e-01 5.017846618784530506e+02
3.206315289648623001e-01 4.492541775878442536e+02
3.399619047619047429e-01 3.812918495238095602e+02
3.619689737470166979e-01 3.347382601431980902e+02
3.799070887818307152e-01 3.088179105299380467e+02
4.013341804320203487e-01 2.810172185514612693e+02
4.195595854922279933e-01 2.663888002302820723e+02
4.407771883289124948e-01 2.522108870026525267e+02
4.600780487804878027e-01 2.410465287804878187e+02
4.807973648341663520e-01 2.198253802816901441e+02
5.009150981177412643e-01 2.086911317581097478e+02
5.204555984555984116e-01 1.912695810810810997e+02
5.419053527118044000e-01 1.693721442750797621e+02
5.606541598694942952e-01 1.612462342577487675e+02
5.706576338400528581e-01 1.580546067415730249e+02
