2.166666666666666741e-02 7.970507333333333918e+03
4.454545454545454780e-02 9.765706818181817653e+03
6.211111111111110999e-02 1.008049933333333320e+04
8.302469135802469091e-02 6.806370493827160317e+03
1.001960784313725428e-01 4.675779705882353483e+03
1.238590604026845732e-01 3.546900671140940176e+03
1.404228855721393054e-01 2.888499054726368286e+03
1.630075187969924899e-01 2.482411503759398329e+03
1.808858858858858887e-01 2.183699429429429074e+03
2.036394557823129059e-01 1.668599795918367363e+03
2.190557939914163088e-01 1.392678841201716750e+03
2.426502732240437277e-01 1.131722167577413529e+03
2.596589259796807103e-01 1.011609550072568936e+03
2.811171662125340753e-01 9.795542643051770710e+02
3.008784530386739986e-01 9.847010674033149371e+02
3.206315289648623001e-01 8.851965887939221602e+02
3.399619047619047429e-01 7.895074276190475757e+02
3.619689737470166979e-01 7.008660930787589223e+02
3.799070887818307152e-01 6.427311610461114242e+02
4.013341804320203487e-01 5.895810635324014584e+02
4.195595854922279933e-01 5.243767075417385968e+02
4.407771883289124948e-01 4.775846604774535535e+02
4.600780487804878027e-01 4.588263082926829384e+02
4.807973648341663520e-01 4.471687864606997209e+02
5.009150981177412643e-01 4.091869795754906249e+02
5.204555984555984116e-01 3.888277671814672090e+02
5.419053527118044000e-01 3.658282499113789186e+02
5.606541598694942952e-01 3.265334969004893537e+02
5.706576338400528581e-01 3.125737898215465975e+02
