2.166666666666666741e-02 7.731905466666667053e+03
4.454545454545454780e-02 9.601542727272726552e+03
6.211111111111110999e-02 9.653847111111112099e+03
8.302469135802469091e-02 6.873701481481482006e+03
1.001960784313725428e-01 5.387126274509803807e+03
1.238590604026845732e-01 4.313542953020133609e+03
1.404228855721393054e-01 3.374786915422885158e+03
1.630075187969924899e-01 2.697190037593984925e+03
1.808858858858858887e-01 2.252513933933933458e+03
2.036394557823129059e-01 1.843663718820861504e+03
2.190557939914163088e-01 1.603213519313304914e+03
2.426502732240437277e-01 1.311445318761384215e+03
2.596589259796807103e-01 1.241946458635704175e+03
2.811171662125340753e-01 1.139150912806539509e+03
3.008784530386739986e-01 1.077338276243093787e+03
3.206315289648623001e-01 1.001654507122507084e+03
3.399619047619047429e-01 9.184600285714285519e+02
3.619689737470166979e-01 8.396070596658711338e+02
3.799070887818307152e-01 8.141586221610461962e+02
4.013341804320203487e-01 7.353193634053367305e+02
4.195595854922279933e-01 6.355356476683938354e+02
4.407771883289124948e-01 6.220571862068966311e+02
4.600780487804878027e-01 5.831369629268292556e+02
4.807973648341663520e-01 5.431906869604725898e+02
5.009150981177412643e-01 5.180386087304765397e+02
5.204555984555984116e-01 4.884013521235520443e+02
5.419053527118044000e-01 4.769135951790145782e+02
5.606541598694942952e-01 4.422816861337683463e+02
5.706576338400528581e-01 4.172792835426305942e+02
