2.166666666666666741e-02 1.369634833333333372e+05
4.454545454545454780e-02 6.982564545454544714e+04
6.211111111111110999e-02 3.933712888888888847e+04
8.302469135802469091e-02 2.149285802469135888e+04
1.001960784313725428e-01 1.019376764705882306e+04
1.238590604026845732e-01 1.112960510067113864e+04
1.404228855721393054e-01 9.673973631840794042e+03
1.630075187969924899e-01 8.196625150375939484e+03
1.808858858858858887e-01 7.257846096096096517e+03
2.036394557823129059e-01 5.313430503401360511e+03
2.190557939914163088e-01 5.521049875536480613e+03
2.426502732240437277e-01 5.781625774134789935e+03
2.596589259796807103e-01 4.026336741654572052e+03
2.811171662125340753e-01 2.786762554495912809e+03
3.008784530386739986e-01 -1.702552243093922925e+03
3.206315289648623001e-01 -1.859680569800569856e+03
3.399619047619047429e-01 2.083278571428571468e+03
3.619689737470166979e-01 7.563836754176612658e+02
3.799070887818307152e-01 1.542347212663454457e+02
4.013341804320203487e-01 7.763751461245234395e+02
4.195595854922279933e-01 3.014928364997121662e+03
4.407771883289124948e-01 4.907698297082227327e+03
4.600780487804878027e-01 3.968766941463414696e+03
4.807973648341663520e-01 2.104766159018628059e+03
5.009150981177412643e-01 1.525693166199439474e+03
5.204555984555984116e-01 1.820525162162162133e+03
5.419053527118044000e-01 1.210095783764622638e+03
5.606541598694942952e-01 1.129385678629690119e+03
5.706576338400528581e-01 1.385915961004626524e+03
