-2.375000000000000000e+01 1.943883386956934745e+00 1.439894107147617064e-01
-2.325000000000000000e+01 1.711699500458656820e+00 6.228402719659070774e-02
-2.275000000000000000e+01 1.491632703946293992e+00 3.379974518704069453e-02
-2.225000000000000000e+01 1.223837894874814758e+00 2.216804028271003937e-02
-2.175000000000000000e+01 1.093050484667534850e+00 1.343692983017739755e-02
-2.125000000000000000e+01 1.075910007811684332e+00 9.255142934961444259e-03
-2.075000000000000000e+01 1.095164128094239242e+00 7.588492740635613236e-03
-2.025000000000000000e+01 1.075875180966123112e+00 6.683158957955593130e-03
-1.975000000000000000e+01 1.043452805537500305e+00 5.805952194068719936e-03
-1.925000000000000000e+01 1.006398230014701634e+00 4.955851736978061743e-03
-1.875000000000000000e+01 9.800736780215036914e-01 4.253346883862731131e-03
-1.825000000000000000e+01 9.691067016106226228e-01 3.895054599050277924e-03
-1.775000000000000000e+01 9.679347884372384581e-01 3.662627801268709699e-03
-1.725000000000000000e+01 9.691701929209900479e-01 3.410857915275416867e-03
