2.166666666666666741e-02 8.906860399999999572e+03
4.454545454545454780e-02 9.694087272727272648e+03
6.211111111111110999e-02 9.434944444444443434e+03
8.302469135802469091e-02 6.468749876543210121e+03
1.001960784313725428e-01 4.957101568627450433e+03
1.238590604026845732e-01 3.936039328859060333e+03
1.404228855721393054e-01 2.978324228855721685e+03
1.630075187969924899e-01 2.392325413533834762e+03
1.808858858858858887e-01 2.024917087087087111e+03
2.036394557823129059e-01 1.648071020408163122e+03
2.190557939914163088e-01 1.434079957081544990e+03
2.426502732240437277e-01 1.151057231329690467e+03
2.596589259796807103e-01 1.080517822931785304e+03
2.811171662125340753e-01 9.983844686648500328e+02
3.008784530386739986e-01 9.360028773480662494e+02
3.206315289648623001e-01 8.514057768281101062e+02
3.399619047619047429e-01 7.753330304761905154e+02
3.619689737470166979e-01 6.951834582338902919e+02
3.799070887818307152e-01 6.759776930488644666e+02
4.013341804320203487e-01 6.177750933926301968e+02
4.195595854922279933e-01 5.235266188831318459e+02
4.407771883289124948e-01 5.117379421750662800e+02
4.600780487804878027e-01 4.833504039024390408e+02
4.807973648341663520e-01 4.402594325306678229e+02
5.009150981177412643e-01 4.162655810973167831e+02
5.204555984555984116e-01 3.945531471042471026e+02
5.419053527118044000e-01 3.801241967387451837e+02
5.606541598694942952e-01 3.531213520391517591e+02
5.706576338400528581e-01 3.353807799074685931e+02
