2.166666666666666741e-02 7.813741783333332023e+03
4.454545454545454780e-02 9.028417272727274394e+03
6.211111111111110999e-02 8.704976000000000568e+03
8.302469135802469091e-02 5.964722839506172932e+03
1.001960784313725428e-01 4.635353529411764612e+03
1.238590604026845732e-01 3.565310536912752013e+03
1.404228855721393054e-01 2.750595422885572589e+03
1.630075187969924899e-01 2.274460225563909717e+03
1.808858858858858887e-01 1.916594174174174441e+03
2.036394557823129059e-01 1.505870680272108757e+03
2.190557939914163088e-01 1.294328068669527966e+03
2.426502732240437277e-01 1.079277723132969186e+03
2.596589259796807103e-01 1.024740333817126384e+03
2.811171662125340753e-01 9.196191811989101552e+02
3.008784530386739986e-01 8.512992453038674512e+02
3.206315289648623001e-01 7.903215764482432633e+02
3.399619047619047429e-01 7.053615238095237601e+02
3.619689737470166979e-01 6.440429116945107353e+02
3.799070887818307152e-01 6.369386696490020086e+02
4.013341804320203487e-01 5.782947617534941855e+02
4.195595854922279933e-01 4.946694116292457579e+02
4.407771883289124948e-01 4.804258986737400505e+02
4.600780487804878027e-01 4.507474902439024049e+02
4.807973648341663520e-01 4.142320036347114751e+02
5.009150981177412643e-01 3.920876423708450602e+02
5.204555984555984116e-01 3.748956166023165792e+02
5.419053527118044000e-01 3.572361417936901944e+02
5.606541598694942952e-01 3.231831810766720992e+02
5.706576338400528581e-01 3.054393879709186876e+02
