2.166666666666666741e-02 8.497084500000000116e+04
4.454545454545454780e-02 4.295590454545454850e+04
6.211111111111110999e-02 2.096670000000000073e+04
8.302469135802469091e-02 1.268366543209876363e+04
1.001960784313725428e-01 1.103271362745098122e+04
1.238590604026845732e-01 1.066487711409395888e+04
1.404228855721393054e-01 9.228304228855720794e+03
1.630075187969924899e-01 7.926407481203006682e+03
1.808858858858858887e-01 5.972999759759759399e+03
2.036394557823129059e-01 4.427697029478458717e+03
2.190557939914163088e-01 3.831105000000000018e+03
2.426502732240437277e-01 3.130415846994535514e+03
2.596589259796807103e-01 3.106346995645863899e+03
2.811171662125340753e-01 3.040620912806539309e+03
3.008784530386739986e-01 3.153017049723757282e+03
3.206315289648623001e-01 2.781737578347578165e+03
3.399619047619047429e-01 2.070123057142857306e+03
3.619689737470166979e-01 2.076296372315036024e+03
3.799070887818307152e-01 2.244996916724019229e+03
4.013341804320203487e-01 1.736358265565438387e+03
4.195595854922279933e-01 1.558141548647092804e+03
4.407771883289124948e-01 1.745047941644562115e+03
4.600780487804878027e-01 1.576004478048780584e+03
4.807973648341663520e-01 1.186708155383916392e+03
5.009150981177412643e-01 1.052574805766920235e+03
5.204555984555984116e-01 1.254745258687258683e+03
5.419053527118044000e-01 1.315981981566820195e+03
5.606541598694942952e-01 1.143050310277324797e+03
5.706576338400528581e-01 1.043666781890284255e+03
