2.166666666666666741e-02 8.871180000000000291e+04
4.454545454545454780e-02 6.051054090909091610e+04
6.211111111111110999e-02 3.787450000000000000e+04
8.302469135802469091e-02 2.280519629629629708e+04
1.001960784313725428e-01 1.331390490196078463e+04
1.238590604026845732e-01 1.144281906040268404e+04
1.404228855721393054e-01 9.245005422885571534e+03
1.630075187969924899e-01 9.702032142857142389e+03
1.808858858858858887e-01 1.017492978978979045e+04
2.036394557823129059e-01 6.509021859410430807e+03
2.190557939914163088e-01 3.248802832618026059e+03
2.426502732240437277e-01 3.569098214936248041e+03
2.596589259796807103e-01 3.791758548621190130e+03
2.811171662125340753e-01 2.303839509536785044e+03
3.008784530386739986e-01 1.807621834254143323e+03
3.206315289648623001e-01 3.528236666666666679e+03
3.399619047619047429e-01 4.640150742857143086e+03
3.619689737470166979e-01 3.566371766109785767e+03
3.799070887818307152e-01 2.793745609084652642e+03
4.013341804320203487e-01 2.276292096569250589e+03
4.195595854922279933e-01 2.819993200921127936e+03
4.407771883289124948e-01 2.327972870291777326e+03
4.600780487804878027e-01 6.604045641463414995e+02
4.807973648341663520e-01 7.289574084507042926e+02
5.009150981177412643e-01 1.850772867440929076e+03
5.204555984555984116e-01 1.637167698841698893e+03
5.419053527118044000e-01 1.589291902871322009e+03
5.606541598694942952e-01 2.127694932463295572e+03
5.706576338400528581e-01 2.378512438863185707e+03
