2.166666666666666741e-02 8.209969316666667510e+03
4.454545454545454780e-02 9.484088636363636397e+03
6.211111111111110999e-02 8.986031999999999243e+03
8.302469135802469091e-02 6.040609259259258579e+03
1.001960784313725428e-01 4.793030588235294090e+03
1.238590604026845732e-01 3.700858053691275018e+03
1.404228855721393054e-01 2.769688308457711173e+03
1.630075187969924899e-01 2.321263721804511533e+03
1.808858858858858887e-01 2.023811651651651800e+03
2.036394557823129059e-01 1.561306598639455615e+03
2.190557939914163088e-01 1.326401781115879885e+03
2.426502732240437277e-01 1.124993551912568137e+03
2.596589259796807103e-01 1.047769404934687827e+03
2.811171662125340753e-01 9.430888174386921037e+02
3.008784530386739986e-01 8.782005127071823836e+02
3.206315289648623001e-01 8.210933285849953336e+02
3.399619047619047429e-01 7.443990980952381733e+02
3.619689737470166979e-01 6.766752219570406623e+02
3.799070887818307152e-01 6.573712188575360642e+02
4.013341804320203487e-01 5.935522731893265700e+02
4.195595854922279933e-01 5.112714824409901553e+02
4.407771883289124948e-01 4.937489002652519616e+02
4.600780487804878027e-01 4.594924912195122033e+02
4.807973648341663520e-01 4.210668705134029892e+02
5.009150981177412643e-01 4.063819523428114167e+02
5.204555984555984116e-01 3.895200169884170123e+02
5.419053527118044000e-01 3.734477734845799546e+02
5.606541598694942952e-01 3.470266185970636457e+02
5.706576338400528581e-01 3.315196920026438079e+02
