2.166666666666666741e-02 7.585290249999999105e+03
4.454545454545454780e-02 8.431633636363636469e+03
6.211111111111110999e-02 8.129709333333333234e+03
8.302469135802469091e-02 5.688212592592592046e+03
1.001960784313725428e-01 4.317836078431372698e+03
1.238590604026845732e-01 3.272617046979865336e+03
1.404228855721393054e-01 2.527522537313433077e+03
1.630075187969924899e-01 2.126106203007518616e+03
1.808858858858858887e-01 1.820793573573573667e+03
2.036394557823129059e-01 1.416016303854875105e+03
2.190557939914163088e-01 1.216305429184549212e+03
2.426502732240437277e-01 9.843602477231328294e+02
2.596589259796807103e-01 9.180485428156750913e+02
2.811171662125340753e-01 8.531154087193459645e+02
3.008784530386739986e-01 7.949282298342541253e+02
3.206315289648623001e-01 7.363888518518518822e+02
3.399619047619047429e-01 6.667068914285714527e+02
3.619689737470166979e-01 5.937868949880668197e+02
3.799070887818307152e-01 5.789392078458362221e+02
4.013341804320203487e-01 5.364490495552731772e+02
4.195595854922279933e-01 4.613907259643062844e+02
4.407771883289124948e-01 4.446598413793103077e+02
4.600780487804878027e-01 4.207320502439024494e+02
4.807973648341663520e-01 3.812174348023625612e+02
5.009150981177412643e-01 3.585929595514617745e+02
5.204555984555984116e-01 3.447227351351351103e+02
5.419053527118044000e-01 3.277258050336760107e+02
5.606541598694942952e-01 2.965886851549755647e+02
5.706576338400528581e-01 2.814036801057501975e+02
