2.166666666666666741e-02 9.753956049999998868e+03
4.454545454545454780e-02 1.042227045454545441e+04
6.211111111111110999e-02 1.013422511111111089e+04
8.302469135802469091e-02 7.151779506172838410e+03
1.001960784313725428e-01 5.310347843137255040e+03
1.238590604026845732e-01 4.083493557046980186e+03
1.404228855721393054e-01 3.307253830845771063e+03
1.630075187969924899e-01 2.793121954887218180e+03
1.808858858858858887e-01 2.341906606606606601e+03
2.036394557823129059e-01 1.868918616780045113e+03
2.190557939914163088e-01 1.618737789699570840e+03
2.426502732240437277e-01 1.350722950819672405e+03
2.596589259796807103e-01 1.281582177068214833e+03
2.811171662125340753e-01 1.129730204359673053e+03
3.008784530386739986e-01 1.052997359116022153e+03
3.206315289648623001e-01 9.854593228869896393e+02
3.399619047619047429e-01 9.005193638095238384e+02
3.619689737470166979e-01 8.175745274463007490e+02
3.799070887818307152e-01 7.976677150722642864e+02
4.013341804320203487e-01 7.382830717916136791e+02
4.195595854922279933e-01 6.313503448474381230e+02
4.407771883289124948e-01 6.048066801061007709e+02
4.600780487804878027e-01 5.816963819512195641e+02
4.807973648341663520e-01 5.426289045888232749e+02
5.009150981177412643e-01 5.087700500600721512e+02
5.204555984555984116e-01 4.796072702702703054e+02
5.419053527118044000e-01 4.526473289613611541e+02
5.606541598694942952e-01 4.134700584013050957e+02
5.706576338400528581e-01 3.926098274950429641e+02
