2.166666666666666741e-02 1.743087900000000081e+04
4.454545454545454780e-02 1.380643772727272699e+04
6.211111111111110999e-02 1.179418066666666709e+04
8.302469135802469091e-02 8.105255925925926022e+03
1.001960784313725428e-01 6.036567352941176068e+03
1.238590604026845732e-01 4.786236912751678574e+03
1.404228855721393054e-01 3.815023830845771499e+03
1.630075187969924899e-01 3.181057744360902234e+03
1.808858858858858887e-01 2.691115705705705750e+03
2.036394557823129059e-01 2.173431882086167661e+03
2.190557939914163088e-01 1.852285708154506210e+03
2.426502732240437277e-01 1.537343023679417001e+03
2.596589259796807103e-01 1.495032293178519694e+03
2.811171662125340753e-01 1.351231553133515035e+03
3.008784530386739986e-01 1.245320784530386845e+03
3.206315289648623001e-01 1.193243418803418535e+03
3.399619047619047429e-01 1.111344371428571549e+03
3.619689737470166979e-01 9.832048066825775550e+02
3.799070887818307152e-01 9.674616875430143637e+02
4.013341804320203487e-01 8.871478068614993617e+02
4.195595854922279933e-01 7.491751801957396992e+02
4.407771883289124948e-01 7.266484037135279550e+02
4.600780487804878027e-01 6.951732073170732065e+02
4.807973648341663520e-01 6.442864143571104023e+02
5.009150981177412643e-01 6.269286215458549805e+02
5.204555984555984116e-01 6.069332293436293639e+02
5.419053527118044000e-01 5.632723388869195560e+02
5.606541598694942952e-01 5.280383177814029523e+02
5.706576338400528581e-01 5.238968777263714856e+02
