2.166666666666666741e-02 7.176396550000000389e+03
4.454545454545454780e-02 8.126185454545455286e+03
6.211111111111110999e-02 7.984646444444444569e+03
8.302469135802469091e-02 5.784651851851851461e+03
1.001960784313725428e-01 4.437446568627451597e+03
1.238590604026845732e-01 3.349982483221476741e+03
1.404228855721393054e-01 2.584267810945273595e+03
1.630075187969924899e-01 2.159133684210526553e+03
1.808858858858858887e-01 1.847735285285285499e+03
2.036394557823129059e-01 1.447874875283446499e+03
2.190557939914163088e-01 1.241636244635193179e+03
2.426502732240437277e-01 1.011390429872495247e+03
2.596589259796807103e-01 9.507273526850507324e+02
2.811171662125340753e-01 8.589096076294277964e+02
3.008784530386739986e-01 8.115757281767955647e+02
3.206315289648623001e-01 7.658136771130104989e+02
3.399619047619047429e-01 6.886499219047619818e+02
3.619689737470166979e-01 6.269038568019092281e+02
3.799070887818307152e-01 5.975032140399174523e+02
4.013341804320203487e-01 5.393366016518424431e+02
4.195595854922279933e-01 4.744917864133563512e+02
4.407771883289124948e-01 4.620493766578249506e+02
4.600780487804878027e-01 4.371195336585365681e+02
4.807973648341663520e-01 4.026695252158110634e+02
5.009150981177412643e-01 3.816926708049659851e+02
5.204555984555984116e-01 3.568052359073359412e+02
5.419053527118044000e-01 3.435060255228642632e+02
5.606541598694942952e-01 3.185322319738988313e+02
5.706576338400528581e-01 3.003738658294778361e+02
