2.166666666666666741e-02 7.792006833333332906e+03
4.454545454545454780e-02 1.046142454545454530e+04
6.211111111111110999e-02 1.050356133333333310e+04
8.302469135802469091e-02 7.241265185185185146e+03
1.001960784313725428e-01 5.229978921568626902e+03
1.238590604026845732e-01 4.081154697986576593e+03
1.404228855721393054e-01 3.368887910447760987e+03
1.630075187969924899e-01 2.789698421052631602e+03
1.808858858858858887e-01 2.309896186186186242e+03
2.036394557823129059e-01 1.848597709750566992e+03
2.190557939914163088e-01 1.605237403433476175e+03
2.426502732240437277e-01 1.314796648451730334e+03
2.596589259796807103e-01 1.250122931785195760e+03
2.811171662125340753e-01 1.145372997275204398e+03
3.008784530386739986e-01 1.096993104972375704e+03
3.206315289648623001e-01 1.015037855650522260e+03
3.399619047619047429e-01 8.838700323809524662e+02
3.619689737470166979e-01 8.054861861575179773e+02
3.799070887818307152e-01 8.036668520302821435e+02
4.013341804320203487e-01 7.335595546378654035e+02
4.195595854922279933e-01 6.375411531375935965e+02
4.407771883289124948e-01 6.104812684350133623e+02
4.600780487804878027e-01 5.757482985365853665e+02
4.807973648341663520e-01 5.416680931394820391e+02
5.009150981177412643e-01 5.146611798157789508e+02
5.204555984555984116e-01 4.888168729729730444e+02
5.419053527118044000e-01 4.647652956398441120e+02
5.606541598694942952e-01 4.216492437194127092e+02
5.706576338400528581e-01 3.970635717118307184e+02
