-2.375000000000000000e+01 1.730111456437438466e+00 5.359892231018162922e-01 2.310765576071698574e-05 2.310765576071698574e-05
-2.325000000000000000e+01 1.534419526978673343e+00 3.712830587284984829e-01 8.379224705755318069e-05 8.379224705755318069e-05
-2.275000000000000000e+01 1.353922488918426259e+00 3.871495901657227567e-01 2.269733290141453521e-04 2.269733290141453521e-04
-2.225000000000000000e+01 1.260054642646147194e+00 4.007684458056983701e-01 5.468091998704243447e-04 5.468091998704243447e-04
-2.175000000000000000e+01 1.149031674430323280e+00 3.555774876012007257e-01 1.199654464960587478e-03 1.199654464960587478e-03
-2.125000000000000000e+01 1.103427519442779614e+00 3.548116453719769026e-01 2.784148580066947345e-03 2.784148580066947345e-03
-2.075000000000000000e+01 1.090267214531150275e+00 3.557060107986971809e-01 5.008746355685131206e-03 5.008746355685131206e-03
-2.025000000000000000e+01 1.081457096050630007e+00 3.528742910140213462e-01 6.985206781125148819e-03 6.985206781125148819e-03
-1.975000000000000000e+01 1.068109670949356937e+00 3.458019644519122471e-01 9.285606306014469041e-03 9.285606306014469041e-03
-1.925000000000000000e+01 1.049600334998960216e+00 3.323264339138991552e-01 1.272260015117157930e-02 1.272260015117157930e-02
-1.875000000000000000e+01 1.033698084882538337e+00 3.122698599532243158e-01 1.734715473490983789e-02 1.734715473490983789e-02
-1.825000000000000000e+01 1.030783513263993312e+00 3.153116999628585715e-01 2.104761904761904764e-02 2.104761904761904764e-02
-1.775000000000000000e+01 1.031411894640107851e+00 3.199713396976188173e-01 2.369290573372205902e-02 2.369290573372205902e-02
-1.725000000000000000e+01 1.029645189490822510e+00 3.221981494502218490e-01 2.721412374473598794e-02 2.721412374473598794e-02
-1.675000000000000000e+01 1.022595280026347586e+00 3.138699330678276223e-01 3.180671633732858050e-02 3.180671633732858050e-02
-1.625000000000000000e+01 1.013422436113814662e+00 2.988554892033949417e-01 3.793089299211747922e-02 3.793089299211747922e-02
-1.575000000000000000e+01 1.006084996817791843e+00 2.889923083411007898e-01 4.318237771298995969e-02 4.318237771298995969e-02
-1.525000000000000000e+01 9.985086062938877127e-01 2.786015678776514459e-01 4.924349422308606228e-02 4.924349422308606228e-02
-1.475000000000000000e+01 9.933632432561546599e-01 2.709255809258896974e-01 5.440125256451787406e-02 5.440125256451787406e-02
-1.425000000000000000e+01 1.001826097142142880e+00 2.918282334717410276e-01 4.752402548320915771e-02 4.752402548320915771e-02
