2.166666666666666741e-02 9.248897233333333133e+03
4.454545454545454780e-02 1.075630227272727279e+04
6.211111111111110999e-02 1.063532777777777846e+04
8.302469135802469091e-02 7.216467777777777883e+03
1.001960784313725428e-01 5.427283529411764903e+03
1.238590604026845732e-01 4.294267583892617040e+03
1.404228855721393054e-01 3.346587810945273304e+03
1.630075187969924899e-01 2.756689360902255430e+03
1.808858858858858887e-01 2.340212192192192106e+03
2.036394557823129059e-01 1.887367233560090654e+03
2.190557939914163088e-01 1.648081223175965533e+03
2.426502732240437277e-01 1.366383351548269502e+03
2.596589259796807103e-01 1.282792525399129090e+03
2.811171662125340753e-01 1.169412452316076269e+03
3.008784530386739986e-01 1.109241999999999962e+03
3.206315289648623001e-01 1.021198012345678990e+03
3.399619047619047429e-01 9.117259495238096179e+02
3.619689737470166979e-01 8.389509976133651890e+02
3.799070887818307152e-01 8.248680165175500179e+02
4.013341804320203487e-01 7.541182274459973769e+02
4.195595854922279933e-01 6.489279481865283969e+02
4.407771883289124948e-01 6.308137421750664089e+02
4.600780487804878027e-01 5.932688121951218818e+02
4.807973648341663520e-01 5.420239895502044192e+02
5.009150981177412643e-01 5.205591401682017931e+02
5.204555984555984116e-01 4.967947706563706447e+02
5.419053527118044000e-01 4.808310482098547141e+02
5.606541598694942952e-01 4.473071200652528319e+02
5.706576338400528581e-01 4.235687898215466021e+02
