-2.175000000000000000e+01 1.129187318582914878e+00 2.506872942287410866e-01 4.103228593024511242e-06 4.103228593024511242e-06
-2.125000000000000000e+01 1.185224880191004804e+00 4.021323308506944971e-01 1.166180758017492740e-05 1.166180758017492740e-05
-2.075000000000000000e+01 1.114125927567409136e+00 3.077393752701458873e-01 2.483533095777993820e-05 2.483533095777993820e-05
-2.025000000000000000e+01 1.033746264931599379e+00 2.233789149228169457e-01 7.493791167260554934e-05 7.493791167260554934e-05
-1.975000000000000000e+01 9.987758831273800819e-01 1.788403104970626711e-01 3.131411294676600789e-04 3.131411294676600789e-04
-1.925000000000000000e+01 9.789114863942217637e-01 1.042377866871027348e-01 8.575747759421228911e-04 8.575747759421228911e-04
-1.875000000000000000e+01 9.749259455261030105e-01 1.391251814709646428e-01 1.746463664831011823e-03 1.746463664831011823e-03
-1.825000000000000000e+01 9.684712738079304106e-01 1.241962803412889199e-01 3.169852067811251319e-03 3.169852067811251319e-03
-1.775000000000000000e+01 9.651384586079899686e-01 1.306488394232773464e-01 5.926141885325558745e-03 5.926141885325558745e-03
-1.725000000000000000e+01 9.641802065469003979e-01 1.430594575495309495e-01 1.087852283770651164e-02 1.087852283770651164e-02
-1.675000000000000000e+01 9.655124286921062948e-01 1.522981203752820645e-01 1.569852067811251459e-02 1.569852067811251459e-02
-1.625000000000000000e+01 9.682347293879911554e-01 1.679265899659641015e-01 1.915819026023107483e-02 1.915819026023107483e-02
-1.575000000000000000e+01 9.703159868079472838e-01 1.777503469266722702e-01 2.319619911456646116e-02 2.319619911456646116e-02
-1.525000000000000000e+01 9.733945530410842428e-01 1.967020307982048632e-01 2.791361624014685253e-02 2.791361624014685253e-02
-1.475000000000000000e+01 9.743829617762594930e-01 2.085758745255094637e-01 3.497484072994277299e-02 3.497484072994277299e-02
-1.425000000000000000e+01 9.753118955018927894e-01 2.142489138895068979e-01 4.352726487420364998e-02 4.352726487420364998e-02
