2.166666666666666741e-02 8.393867233333332479e+03
4.454545454545454780e-02 9.780018636363634869e+03
6.211111111111110999e-02 9.686266888888889298e+03
8.302469135802469091e-02 6.802775802469135670e+03
1.001960784313725428e-01 5.196103137254902322e+03
1.238590604026845732e-01 3.959294228187919089e+03
1.404228855721393054e-01 3.089516218905472670e+03
1.630075187969924899e-01 2.576364248120300999e+03
1.808858858858858887e-01 2.203860330330330271e+03
2.036394557823129059e-01 1.719348820861678178e+03
2.190557939914163088e-01 1.456500922746781271e+03
2.426502732240437277e-01 1.197037595628415374e+03
2.596589259796807103e-01 1.133759419448476137e+03
2.811171662125340753e-01 1.050539441416893851e+03
3.008784530386739986e-01 9.886242011049724852e+02
3.206315289648623001e-01 9.010818271604939582e+02
3.399619047619047429e-01 8.037760009523810822e+02
3.619689737470166979e-01 7.379679498806682432e+02
3.799070887818307152e-01 7.269937845836201404e+02
4.013341804320203487e-01 6.664679777636595190e+02
4.195595854922279933e-01 5.767045687967760159e+02
4.407771883289124948e-01 5.595685172413792543e+02
4.600780487804878027e-01 5.286123756097560999e+02
4.807973648341663520e-01 4.905296824170831655e+02
5.009150981177412643e-01 4.613807545054064576e+02
5.204555984555984116e-01 4.356986123552123331e+02
5.419053527118044000e-01 4.119434689826302360e+02
5.606541598694942952e-01 3.814189435562805670e+02
5.706576338400528581e-01 3.699671050892266635e+02
