2.166666666666666741e-02 7.275683333333334986e+02
4.454545454545454780e-02 8.040057272727272903e+03
6.211111111111110999e-02 1.069687088888889048e+04
8.302469135802469091e-02 8.492203209876543042e+03
1.001960784313725428e-01 6.105629607843136910e+03
1.238590604026845732e-01 4.640194630872482776e+03
1.404228855721393054e-01 4.916235870646765761e+03
1.630075187969924899e-01 4.038781165413533927e+03
1.808858858858858887e-01 3.101701201201201002e+03
2.036394557823129059e-01 2.668977596371882555e+03
2.190557939914163088e-01 2.014697896995708106e+03
2.426502732240437277e-01 1.451551803278688340e+03
2.596589259796807103e-01 1.771904644412191601e+03
2.811171662125340753e-01 1.851269877384196207e+03
3.008784530386739986e-01 1.491623502762430917e+03
3.206315289648623001e-01 1.264664197530864385e+03
3.399619047619047429e-01 1.062607480952380911e+03
3.619689737470166979e-01 6.327582458233889611e+02
3.799070887818307152e-01 6.878364507914659498e+02
4.013341804320203487e-01 7.615888932655655026e+02
4.195595854922279933e-01 5.405414455958550661e+02
4.407771883289124948e-01 5.404225013262599759e+02
4.600780487804878027e-01 5.450502517073169884e+02
4.807973648341663520e-01 5.789847074057246346e+02
5.009150981177412643e-01 6.978072438926712948e+02
5.204555984555984116e-01 5.528211277992277246e+02
5.419053527118044000e-01 5.744471297412264903e+02
5.606541598694942952e-01 5.610715628058727589e+02
5.706576338400528581e-01 3.659170416391276035e+02
