-2.375000000000000000e+01 2.486876581495524263e+00 1.505704262516383451e+00
-2.325000000000000000e+01 2.031281027912092529e+00 3.360859123617113142e-01
-2.275000000000000000e+01 1.735380791527123767e+00 1.108650143633763269e-01
-2.225000000000000000e+01 1.657762119664003997e+00 5.328882557016616228e-02
-2.175000000000000000e+01 1.392216796275674406e+00 2.941901222950300127e-02
-2.125000000000000000e+01 1.157653482574074300e+00 1.959992505297937851e-02
-2.075000000000000000e+01 1.085753077342589190e+00 1.196454250885962967e-02
-2.025000000000000000e+01 1.040257560629829436e+00 8.113886885710347788e-03
-1.975000000000000000e+01 1.055140686491607083e+00 6.463223951341160074e-03
-1.925000000000000000e+01 1.034998965897367285e+00 5.333558067663648518e-03
-1.875000000000000000e+01 9.806314828224154123e-01 4.454204850474797160e-03
-1.825000000000000000e+01 9.797536829788112689e-01 3.929329484304030541e-03
-1.775000000000000000e+01 9.702860269305900731e-01 3.686126070832056439e-03
-1.725000000000000000e+01 9.757702799757761447e-01 3.461421629468950604e-03
-1.675000000000000000e+01 9.660387766588760527e-01 3.234202971034502196e-03
-1.625000000000000000e+01 9.504774437085976579e-01 2.960956902122115989e-03
-1.575000000000000000e+01 9.268558009379018747e-01 2.727598178393572832e-03
-1.525000000000000000e+01 8.954027842787034563e-01 2.569618494373625012e-03
-1.475000000000000000e+01 8.771530113084794467e-01 2.409142151146449057e-03
-1.425000000000000000e+01 8.777333047533085741e-01 2.573340269890638833e-03
