2.166666666666666741e-02 1.515413766666666743e+04
4.454545454545454780e-02 1.392286181818181649e+04
6.211111111111110999e-02 1.296680799999999908e+04
8.302469135802469091e-02 9.144129876543209321e+03
1.001960784313725428e-01 6.791061568627451379e+03
1.238590604026845732e-01 4.976095570469798986e+03
1.404228855721393054e-01 3.818912786069652157e+03
1.630075187969924899e-01 3.332248721804511206e+03
1.808858858858858887e-01 3.065481471471471650e+03
2.036394557823129059e-01 2.504157324263038390e+03
2.190557939914163088e-01 2.117594484978541004e+03
2.426502732240437277e-01 1.718113242258652008e+03
2.596589259796807103e-01 1.630383468795355611e+03
2.811171662125340753e-01 1.489658119891008255e+03
3.008784530386739986e-01 1.346709535911602188e+03
3.206315289648623001e-01 1.285352279202279306e+03
3.399619047619047429e-01 1.188705885714285614e+03
3.619689737470166979e-01 1.060547279236276836e+03
3.799070887818307152e-01 1.032242491397109234e+03
4.013341804320203487e-01 9.764681689961880693e+02
4.195595854922279933e-01 8.558510339666090658e+02
4.407771883289124948e-01 8.457607379310344413e+02
4.600780487804878027e-01 8.030206980487804458e+02
4.807973648341663520e-01 7.109427369377555124e+02
5.009150981177412643e-01 6.848062667200641727e+02
5.204555984555984116e-01 6.617889277992277357e+02
5.419053527118044000e-01 6.104116664303438711e+02
5.606541598694942952e-01 5.596113663947797932e+02
5.706576338400528581e-01 5.486581744877726123e+02
