2.166666666666666741e-02 7.834470499999999447e+03
4.454545454545454780e-02 9.912750454545455796e+03
6.211111111111110999e-02 1.026925444444444474e+04
8.302469135802469091e-02 7.429929259259259197e+03
1.001960784313725428e-01 5.717075490196079045e+03
1.238590604026845732e-01 4.314418456375839014e+03
1.404228855721393054e-01 3.251893333333333430e+03
1.630075187969924899e-01 2.729457330827067835e+03
1.808858858858858887e-01 2.400839189189189256e+03
2.036394557823129059e-01 1.902998027210884629e+03
2.190557939914163088e-01 1.625506094420600675e+03
2.426502732240437277e-01 1.355130109289617621e+03
2.596589259796807103e-01 1.297823033381712776e+03
2.811171662125340753e-01 1.188937915531335193e+03
3.008784530386739986e-01 1.124147624309392313e+03
3.206315289648623001e-01 1.017915467236467407e+03
3.399619047619047429e-01 9.062122428571429964e+02
3.619689737470166979e-01 8.416458233890215297e+02
3.799070887818307152e-01 8.087284418444596668e+02
4.013341804320203487e-01 7.379850101651842351e+02
4.195595854922279933e-01 6.423994657455382367e+02
4.407771883289124948e-01 6.169603671087533030e+02
4.600780487804878027e-01 5.856201526829269142e+02
4.807973648341663520e-01 5.500261576556110867e+02
5.009150981177412643e-01 5.289971629955947492e+02
5.204555984555984116e-01 5.009086555984555957e+02
5.419053527118044000e-01 4.702281311591634676e+02
5.606541598694942952e-01 4.380786848287111752e+02
5.706576338400528581e-01 4.261605452742895181e+02
