2.166666666666666741e-02 7.372697449999999662e+03
4.454545454545454780e-02 8.480100000000000364e+03
6.211111111111110999e-02 8.281680888888889967e+03
8.302469135802469091e-02 5.754632839506172786e+03
1.001960784313725428e-01 4.333750784313725489e+03
1.238590604026845732e-01 3.287201610738255113e+03
1.404228855721393054e-01 2.541452736318407915e+03
1.630075187969924899e-01 2.144323609022556866e+03
1.808858858858858887e-01 1.837476756756756686e+03
2.036394557823129059e-01 1.431113083900226911e+03
2.190557939914163088e-01 1.229812210300429115e+03
2.426502732240437277e-01 9.965678178506376526e+02
2.596589259796807103e-01 9.277636023222061112e+02
2.811171662125340753e-01 8.558029291553133362e+02
3.008784530386739986e-01 8.023108508287292580e+02
3.206315289648623001e-01 7.444713333333332912e+02
3.399619047619047429e-01 6.664400400000000673e+02
3.619689737470166979e-01 5.963774606205250848e+02
3.799070887818307152e-01 5.871816035788024237e+02
4.013341804320203487e-01 5.424147554002541938e+02
4.195595854922279933e-01 4.660007915947035144e+02
4.407771883289124948e-01 4.487832721485411298e+02
4.600780487804878027e-01 4.254987126829269073e+02
4.807973648341663520e-01 3.859081767378464747e+02
5.009150981177412643e-01 3.630424821786143070e+02
5.204555984555984116e-01 3.502183799227799454e+02
5.419053527118044000e-01 3.322948181495923450e+02
5.606541598694942952e-01 3.013304332789559226e+02
5.706576338400528581e-01 2.867789596827494734e+02
