2.166666666666666741e-02 1.384629166666666570e+05
4.454545454545454780e-02 5.601845636363636731e+04
6.211111111111110999e-02 3.063788533333333544e+04
8.302469135802469091e-02 2.365913209876543260e+04
1.001960784313725428e-01 1.556233637254901987e+04
1.238590604026845732e-01 1.169925295302013365e+04
1.404228855721393054e-01 9.650861243781093435e+03
1.630075187969924899e-01 9.903211691729322411e+03
1.808858858858858887e-01 8.304173933933932858e+03
2.036394557823129059e-01 5.290241904761904152e+03
2.190557939914163088e-01 4.638232060085837475e+03
2.426502732240437277e-01 3.360052495446266221e+03
2.596589259796807103e-01 3.086171552975325994e+03
2.811171662125340753e-01 3.244348542234332399e+03
3.008784530386739986e-01 3.407489845303867241e+03
3.206315289648623001e-01 4.271300759734092935e+03
3.399619047619047429e-01 3.984148333333333539e+03
3.619689737470166979e-01 3.484548233890214760e+03
3.799070887818307152e-01 3.360908072952511702e+03
4.013341804320203487e-01 3.048571048284625249e+03
4.195595854922279933e-01 2.915999032815198916e+03
4.407771883289124948e-01 2.304482498673740338e+03
4.600780487804878027e-01 1.928714107317073058e+03
4.807973648341663520e-01 2.263889236710585919e+03
5.009150981177412643e-01 2.505068550260312804e+03
5.204555984555984116e-01 2.457429243243243491e+03
5.419053527118044000e-01 2.362784122651542475e+03
5.606541598694942952e-01 2.567290446982055528e+03
5.706576338400528581e-01 2.925246516853932917e+03
