2.166666666666666741e-02 8.300637033333332511e+03
4.454545454545454780e-02 9.303460454545454922e+03
6.211111111111110999e-02 9.048822000000000116e+03
8.302469135802469091e-02 6.151887901234567835e+03
1.001960784313725428e-01 4.814535294117647027e+03
1.238590604026845732e-01 3.752163489932886023e+03
1.404228855721393054e-01 2.844076119402985114e+03
1.630075187969924899e-01 2.403152443609022157e+03
1.808858858858858887e-01 2.080852522522522577e+03
2.036394557823129059e-01 1.599063741496598595e+03
2.190557939914163088e-01 1.356787596566523689e+03
2.426502732240437277e-01 1.149047413479052921e+03
2.596589259796807103e-01 1.062429695210449836e+03
2.811171662125340753e-01 9.540037438692096430e+02
3.008784530386739986e-01 9.030269303867403323e+02
3.206315289648623001e-01 8.425802811016145597e+02
3.399619047619047429e-01 7.569090847619048645e+02
3.619689737470166979e-01 6.943486324582338511e+02
3.799070887818307152e-01 6.766765430144528182e+02
4.013341804320203487e-01 6.132776715374841388e+02
4.195595854922279933e-01 5.302915267702935580e+02
4.407771883289124948e-01 5.082225814323606983e+02
4.600780487804878027e-01 4.740321331707317540e+02
4.807973648341663520e-01 4.356118523398454840e+02
5.009150981177412643e-01 4.193521810172206301e+02
5.204555984555984116e-01 4.025213061776061636e+02
5.419053527118044000e-01 3.834544470046083120e+02
5.606541598694942952e-01 3.555341376835236247e+02
5.706576338400528581e-01 3.423487138136153476e+02
