2.166666666666666741e-02 8.157726783333332605e+03
4.454545454545454780e-02 1.004917818181818257e+04
6.211111111111110999e-02 1.028437911111110952e+04
8.302469135802469091e-02 7.051776913580246401e+03
1.001960784313725428e-01 5.265840392156862436e+03
1.238590604026845732e-01 4.189511610738254603e+03
1.404228855721393054e-01 3.236534378109452518e+03
1.630075187969924899e-01 2.633017330827067781e+03
1.808858858858858887e-01 2.307316156156156467e+03
2.036394557823129059e-01 1.861878979591836696e+03
2.190557939914163088e-01 1.562354957081545081e+03
2.426502732240437277e-01 1.284718433515482502e+03
2.596589259796807103e-01 1.213808432510885496e+03
2.811171662125340753e-01 1.090667847411443972e+03
3.008784530386739986e-01 1.052517071823204560e+03
3.206315289648623001e-01 9.829912915479583262e+02
3.399619047619047429e-01 8.714075038095237460e+02
3.619689737470166979e-01 7.886850668257756070e+02
3.799070887818307152e-01 7.800346579490709473e+02
4.013341804320203487e-01 7.147142642947903823e+02
4.195595854922279933e-01 6.055271606217617091e+02
4.407771883289124948e-01 5.865308212201591687e+02
4.600780487804878027e-01 5.627163482926829374e+02
4.807973648341663520e-01 5.203853902771467119e+02
5.009150981177412643e-01 4.846231565879054415e+02
5.204555984555984116e-01 4.612307552123551773e+02
5.419053527118044000e-01 4.493789514356611789e+02
5.606541598694942952e-01 4.183201765089722812e+02
5.706576338400528581e-01 4.010244395241242046e+02
