2.166666666666666741e-02 9.215929983333333439e+03
4.454545454545454780e-02 1.001132454545454493e+04
6.211111111111110999e-02 9.843121777777776515e+03
8.302469135802469091e-02 6.825371358024691290e+03
1.001960784313725428e-01 5.178453137254901776e+03
1.238590604026845732e-01 4.063760134228187781e+03
1.404228855721393054e-01 3.096789303482587002e+03
1.630075187969924899e-01 2.529503082706767145e+03
1.808858858858858887e-01 2.152767117117117323e+03
2.036394557823129059e-01 1.700642018140589471e+03
2.190557939914163088e-01 1.467430150214592231e+03
2.426502732240437277e-01 1.249218724954462687e+03
2.596589259796807103e-01 1.171218708272859203e+03
2.811171662125340753e-01 1.037859087193460482e+03
3.008784530386739986e-01 9.945052154696131765e+02
3.206315289648623001e-01 9.266808366571699480e+02
3.399619047619047429e-01 8.071479133333332356e+02
3.619689737470166979e-01 7.235999522673031379e+02
3.799070887818307152e-01 7.244274969029595468e+02
4.013341804320203487e-01 6.566102503176621212e+02
4.195595854922279933e-01 5.549029205526770738e+02
4.407771883289124948e-01 5.340652503978781169e+02
4.600780487804878027e-01 5.160428814634146875e+02
4.807973648341663520e-01 4.802529259427532793e+02
5.009150981177412643e-01 4.453670576692030636e+02
5.204555984555984116e-01 4.241343019305019197e+02
5.419053527118044000e-01 4.076781747607231523e+02
5.606541598694942952e-01 3.820499712887439046e+02
5.706576338400528581e-01 3.704595439524124458e+02
