2.166666666666666741e-02 9.397087666666666337e+03
4.454545454545454780e-02 9.955212272727272648e+03
6.211111111111110999e-02 9.071770444444442546e+03
8.302469135802469091e-02 6.250212345679011378e+03
1.001960784313725428e-01 4.912230490196078790e+03
1.238590604026845732e-01 3.721988657718120521e+03
1.404228855721393054e-01 2.852726716417910211e+03
1.630075187969924899e-01 2.473207556390977516e+03
1.808858858858858887e-01 2.129408588588588827e+03
2.036394557823129059e-01 1.649109183673469488e+03
2.190557939914163088e-01 1.393092854077253151e+03
2.426502732240437277e-01 1.078614193078324206e+03
2.596589259796807103e-01 1.014209596516690908e+03
2.811171662125340753e-01 9.739029700272479886e+02
3.008784530386739986e-01 9.392490872928176486e+02
3.206315289648623001e-01 8.456879886039886287e+02
3.399619047619047429e-01 7.388366342857143536e+02
3.619689737470166979e-01 6.785695035799523112e+02
3.799070887818307152e-01 6.504550006882311664e+02
4.013341804320203487e-01 5.782722261753493740e+02
4.195595854922279933e-01 5.015840207253885410e+02
4.407771883289124948e-01 4.871627156498673230e+02
4.600780487804878027e-01 4.605426546341463450e+02
4.807973648341663520e-01 4.361222512494321109e+02
5.009150981177412643e-01 4.021680016019222990e+02
5.204555984555984116e-01 3.755866876447876166e+02
5.419053527118044000e-01 3.630544732364409697e+02
5.606541598694942952e-01 3.413339696574224718e+02
5.706576338400528581e-01 3.383021764705882219e+02
