2.166666666666666741e-02 2.830464999999999782e+04
4.454545454545454780e-02 1.869492227272727177e+04
6.211111111111110999e-02 2.267108644444444508e+04
8.302469135802469091e-02 1.595907777777777846e+04
1.001960784313725428e-01 8.066043137254901012e+03
1.238590604026845732e-01 4.833081476510066750e+03
1.404228855721393054e-01 7.025267611940298593e+03
1.630075187969924899e-01 4.603027710526315786e+03
1.808858858858858887e-01 3.867978561561561492e+03
2.036394557823129059e-01 3.412855582766439511e+03
2.190557939914163088e-01 2.982711845493561782e+02
2.426502732240437277e-01 1.252736247723132408e+02
2.596589259796807103e-01 3.313968911465892688e+03
2.811171662125340753e-01 3.416052411444141853e+03
3.008784530386739986e-01 2.498067502762430649e+03
3.206315289648623001e-01 3.048515716999050255e+03
3.399619047619047429e-01 2.398928390476190543e+03
3.619689737470166979e-01 2.565668162291169210e+03
3.799070887818307152e-01 2.425413840330350922e+03
4.013341804320203487e-01 1.760487653748411503e+03
4.195595854922279933e-01 1.163647781807714637e+03
4.407771883289124948e-01 1.369725389920424277e+03
4.600780487804878027e-01 2.463357643902439122e+03
4.807973648341663520e-01 2.069065620172648778e+03
5.009150981177412643e-01 1.613796579895875084e+03
5.204555984555984116e-01 2.469932552123552341e+03
5.419053527118044000e-01 2.558309057071960069e+03
5.606541598694942952e-01 2.427844251223490573e+03
5.706576338400528581e-01 2.726528717779246563e+03
