2.166666666666666741e-02 8.033608583333333627e+03
4.454545454545454780e-02 9.086145000000000437e+03
6.211111111111110999e-02 8.653031333333332441e+03
8.302469135802469091e-02 5.959068148148148794e+03
1.001960784313725428e-01 4.658368235294117767e+03
1.238590604026845732e-01 3.561041879194630837e+03
1.404228855721393054e-01 2.745481293532338441e+03
1.630075187969924899e-01 2.272243308270676607e+03
1.808858858858858887e-01 1.914038858858858703e+03
2.036394557823129059e-01 1.507116893424036334e+03
2.190557939914163088e-01 1.299077832618025695e+03
2.426502732240437277e-01 1.079657486338797753e+03
2.596589259796807103e-01 1.024669332365747550e+03
2.811171662125340753e-01 9.279805653950954820e+02
3.008784530386739986e-01 8.544425160220994258e+02
3.206315289648623001e-01 7.912240246913579540e+02
3.399619047619047429e-01 7.120691676190475619e+02
3.619689737470166979e-01 6.469309594272076538e+02
3.799070887818307152e-01 6.372258169304885769e+02
4.013341804320203487e-01 5.803332947903430750e+02
4.195595854922279933e-01 4.972755935521013271e+02
4.407771883289124948e-01 4.832662413793103156e+02
4.600780487804878027e-01 4.557110595121951064e+02
4.807973648341663520e-01 4.195286410722399637e+02
5.009150981177412643e-01 3.951130869042851259e+02
5.204555984555984116e-01 3.766608239382239276e+02
5.419053527118044000e-01 3.592388358738036231e+02
5.606541598694942952e-01 3.243824864600326805e+02
5.706576338400528581e-01 3.052442676801057360e+02
