2.166666666666666741e-02 1.951936666666666570e+05
4.454545454545454780e-02 2.932573363636363138e+04
6.211111111111110999e-02 9.538669777777775380e+03
8.302469135802469091e-02 5.397666666666664241e+02
1.001960784313725428e-01 -3.125801078431372662e+04
1.238590604026845732e-01 -1.927473825503355692e+04
1.404228855721393054e-01 -2.149098308457711391e+04
1.630075187969924899e-01 -1.727197691729323196e+04
1.808858858858858887e-01 -2.515412792792792061e+03
2.036394557823129059e-01 3.063023591836734795e+03
2.190557939914163088e-01 1.261108045064377848e+03
2.426502732240437277e-01 2.280693087431693584e+03
2.596589259796807103e-01 2.496053193033381376e+03
2.811171662125340753e-01 4.105911757493187224e+02
3.008784530386739986e-01 -8.878746748066298096e+03
3.206315289648623001e-01 -6.144942962962963975e+03
3.399619047619047429e-01 -2.198151771428571919e+03
3.619689737470166979e-01 2.882380429594266502e+02
3.799070887818307152e-01 2.498006503785271434e+03
4.013341804320203487e-01 -5.792916283354511506e+03
4.195595854922279933e-01 -4.786806447898673582e+02
4.407771883289124948e-01 8.507517803713528338e+03
4.600780487804878027e-01 1.046847430243902454e+04
4.807973648341663520e-01 9.849445442980464577e+03
5.009150981177412643e-01 -1.231500921105327052e+03
5.204555984555984116e-01 -9.988567679536679861e+03
5.419053527118044000e-01 -5.931224774902517311e+03
5.606541598694942952e-01 -3.036133905383361252e+03
5.706576338400528581e-01 -4.238120541969597070e+03
