-2.375000000000000000e+01 5.420524732533356094e+00 6.387415290921209632e+00
-2.325000000000000000e+01 3.184763300761344063e+00 1.453921481512843839e+00
-2.275000000000000000e+01 2.665091034986925234e+00 3.722676705062238356e-01
-2.225000000000000000e+01 1.955185482949357123e+00 1.506424098519550114e-01
-2.175000000000000000e+01 1.679971335366170715e+00 6.801206179085585168e-02
-2.125000000000000000e+01 1.377077876899736930e+00 3.350165412515259539e-02
-2.075000000000000000e+01 1.114457612654637497e+00 1.991086832696223330e-02
-2.025000000000000000e+01 1.058432070091206878e+00 1.230592528785114104e-02
-1.975000000000000000e+01 1.014695989722345315e+00 8.446602341959591823e-03
-1.925000000000000000e+01 1.031137050165359170e+00 6.283879894941789973e-03
-1.875000000000000000e+01 1.011167552473414721e+00 4.937029849508840773e-03
-1.825000000000000000e+01 9.686846869342724542e-01 4.100673321643467928e-03
-1.775000000000000000e+01 9.702515311595309999e-01 3.727732527927923260e-03
