-2.175000000000000000e+01 4.295519290420695135e+00 1.413486692165423664e+00
-2.125000000000000000e+01 2.405604550604157066e-01 2.099290439036434819e+01
-2.075000000000000000e+01 2.391468274589970022e+00 4.666277220034724116e-01
-2.025000000000000000e+01 1.456422153723689661e+00 1.841276662698514421e-01
-1.975000000000000000e+01 1.219838421341792545e+00 6.100256617987277752e-02
-1.925000000000000000e+01 1.011167953299623168e+00 2.697336586133134567e-02
-1.875000000000000000e+01 9.476456271988030755e-01 1.652281506050396961e-02
-1.825000000000000000e+01 9.311705211310171704e-01 1.134669821065201548e-02
-1.775000000000000000e+01 9.352607905165618574e-01 7.872079233947807883e-03
-1.725000000000000000e+01 9.096600343923902932e-01 5.577037808387773354e-03
-1.675000000000000000e+01 9.045403329640188117e-01 4.480545525426324685e-03
-1.625000000000000000e+01 9.120582169620845558e-01 3.995308956895006307e-03
-1.575000000000000000e+01 9.286452273885188458e-01 3.608657193375466171e-03
-1.525000000000000000e+01 9.379720770287304221e-01 3.250733659331277951e-03
-1.475000000000000000e+01 9.485318691472139907e-01 2.871623136611104604e-03
-1.425000000000000000e+01 9.332807561825983145e-01 2.553505478699182474e-03
