2.166666666666666741e-02 9.313186666666666497e+03
4.454545454545454780e-02 1.008823045454545536e+04
6.211111111111110999e-02 1.019663933333333443e+04
8.302469135802469091e-02 7.026277777777777374e+03
1.001960784313725428e-01 5.198845000000000255e+03
1.238590604026845732e-01 4.067614295302013488e+03
1.404228855721393054e-01 3.133137960199004738e+03
1.630075187969924899e-01 2.615105488721804250e+03
1.808858858858858887e-01 2.284240990990991122e+03
2.036394557823129059e-01 1.788715986394557831e+03
2.190557939914163088e-01 1.498585751072961330e+03
2.426502732240437277e-01 1.220349453551912575e+03
2.596589259796807103e-01 1.170066966618287324e+03
2.811171662125340753e-01 1.075382465940054544e+03
3.008784530386739986e-01 1.004297314917127096e+03
3.206315289648623001e-01 9.244866590693258104e+02
3.399619047619047429e-01 8.210539723809524730e+02
3.619689737470166979e-01 7.426836396181386135e+02
3.799070887818307152e-01 7.295114356503784165e+02
4.013341804320203487e-01 6.658434415501906187e+02
4.195595854922279933e-01 5.769729101899827128e+02
4.407771883289124948e-01 5.644198153846153900e+02
4.600780487804878027e-01 5.325719614634145955e+02
4.807973648341663520e-01 4.971452326215357402e+02
5.009150981177412643e-01 4.695120612735282748e+02
5.204555984555984116e-01 4.414785652509652891e+02
5.419053527118044000e-01 4.193843498759305248e+02
5.606541598694942952e-01 3.887800528548123680e+02
5.706576338400528581e-01 3.759117501652346505e+02
