2.166666666666666741e-02 1.155325583333333452e+04
4.454545454545454780e-02 1.200392727272727097e+04
6.211111111111110999e-02 1.254214666666666562e+04
8.302469135802469091e-02 9.032786913580246619e+03
1.001960784313725428e-01 6.425804509803921974e+03
1.238590604026845732e-01 4.683923489932885786e+03
1.404228855721393054e-01 3.697489900497512281e+03
1.630075187969924899e-01 3.181131503759398583e+03
1.808858858858858887e-01 2.892813303303303655e+03
2.036394557823129059e-01 2.269819297052154070e+03
2.190557939914163088e-01 1.861140751072961393e+03
2.426502732240437277e-01 1.567647795992714009e+03
2.596589259796807103e-01 1.490581785195936163e+03
2.811171662125340753e-01 1.392043787465940113e+03
3.008784530386739986e-01 1.306378883977900614e+03
3.206315289648623001e-01 1.184354995251661876e+03
3.399619047619047429e-01 1.047948349523809611e+03
3.619689737470166979e-01 9.578719212410500177e+02
3.799070887818307152e-01 9.342303152099106001e+02
4.013341804320203487e-01 8.580591391359594127e+02
4.195595854922279933e-01 7.655071738629821994e+02
4.407771883289124948e-01 7.469673140583554414e+02
4.600780487804878027e-01 6.967596692682926687e+02
4.807973648341663520e-01 6.422737787369377429e+02
5.009150981177412643e-01 6.268762154585501776e+02
5.204555984555984116e-01 6.089272397683396321e+02
5.419053527118044000e-01 5.645921974477136018e+02
5.606541598694942952e-01 5.138349292006524820e+02
5.706576338400528581e-01 4.972523502974223106e+02
