2.166666666666666741e-02 7.290436399999999594e+03
4.454545454545454780e-02 8.260247272727272502e+03
6.211111111111110999e-02 8.069678444444444722e+03
8.302469135802469091e-02 5.805199753086419150e+03
1.001960784313725428e-01 4.454000784313725489e+03
1.238590604026845732e-01 3.379781073825503427e+03
1.404228855721393054e-01 2.613120497512437851e+03
1.630075187969924899e-01 2.182376766917293025e+03
1.808858858858858887e-01 1.871444324324324270e+03
2.036394557823129059e-01 1.465206371882086160e+03
2.190557939914163088e-01 1.254019098712446066e+03
2.426502732240437277e-01 1.021021664845173177e+03
2.596589259796807103e-01 9.566335761973874696e+02
2.811171662125340753e-01 8.616808433242507590e+02
3.008784530386739986e-01 8.184546088397790982e+02
3.206315289648623001e-01 7.766901063627730082e+02
3.399619047619047429e-01 7.032929095238094988e+02
3.619689737470166979e-01 6.392230143198089536e+02
3.799070887818307152e-01 6.069526028905712565e+02
4.013341804320203487e-01 5.506456188055907432e+02
4.195595854922279933e-01 4.836859228554980632e+02
4.407771883289124948e-01 4.716733336870026392e+02
4.600780487804878027e-01 4.470383248780487975e+02
4.807973648341663520e-01 4.082927614720581460e+02
5.009150981177412643e-01 3.872095566680015963e+02
5.204555984555984116e-01 3.646983220077220267e+02
5.419053527118044000e-01 3.512129539170506973e+02
5.606541598694942952e-01 3.243950424143556575e+02
5.706576338400528581e-01 3.049907713152676934e+02
