2.166666666666666741e-02 7.960883999999999105e+03
4.454545454545454780e-02 9.634138181818181693e+03
6.211111111111110999e-02 1.016141666666666606e+04
8.302469135802469091e-02 7.431511234567901738e+03
1.001960784313725428e-01 5.692850392156862654e+03
1.238590604026845732e-01 4.304443825503354674e+03
1.404228855721393054e-01 3.290258756218905546e+03
1.630075187969924899e-01 2.781730902255638739e+03
1.808858858858858887e-01 2.414869819819819440e+03
2.036394557823129059e-01 1.898250294784580774e+03
2.190557939914163088e-01 1.628780879828326306e+03
2.426502732240437277e-01 1.361118888888888932e+03
2.596589259796807103e-01 1.296225616835994288e+03
2.811171662125340753e-01 1.183507288828338005e+03
3.008784530386739986e-01 1.120388397790055251e+03
3.206315289648623001e-01 1.026056386514719861e+03
3.399619047619047429e-01 9.165669047619047660e+02
3.619689737470166979e-01 8.435211002386635073e+02
3.799070887818307152e-01 8.113961011699932442e+02
4.013341804320203487e-01 7.434182395171536655e+02
4.195595854922279933e-01 6.473353056994818644e+02
4.407771883289124948e-01 6.177069888594164695e+02
4.600780487804878027e-01 5.845479487804877863e+02
4.807973648341663520e-01 5.512429972739663526e+02
5.009150981177412643e-01 5.260237068482178984e+02
5.204555984555984116e-01 4.958180714285713861e+02
5.419053527118044000e-01 4.666946150301311604e+02
5.606541598694942952e-01 4.366208822185970462e+02
5.706576338400528581e-01 4.281208037012558520e+02
