2.166666666666666741e-02 9.899898250000000189e+03
4.454545454545454780e-02 1.005635000000000036e+04
6.211111111111110999e-02 9.862895111111110964e+03
8.302469135802469091e-02 6.955870617283951105e+03
1.001960784313725428e-01 5.124911470588235716e+03
1.238590604026845732e-01 4.057811879194630819e+03
1.404228855721393054e-01 3.266130099502487610e+03
1.630075187969924899e-01 2.753270037593985307e+03
1.808858858858858887e-01 2.305187507507507235e+03
2.036394557823129059e-01 1.799750453514739092e+03
2.190557939914163088e-01 1.562747210300429060e+03
2.426502732240437277e-01 1.303121475409835966e+03
2.596589259796807103e-01 1.220906473149491831e+03
2.811171662125340753e-01 1.076979659400544961e+03
3.008784530386739986e-01 9.910195204419889023e+02
3.206315289648623001e-01 9.279794928774928167e+02
3.399619047619047429e-01 8.705473057142858124e+02
3.619689737470166979e-01 7.891286467780429348e+02
3.799070887818307152e-01 7.592819194769442674e+02
4.013341804320203487e-01 7.048580520965692813e+02
4.195595854922279933e-01 6.084763552101323967e+02
4.407771883289124948e-01 5.808067411140583545e+02
4.600780487804878027e-01 5.515731443902438969e+02
4.807973648341663520e-01 5.153122885052249558e+02
5.009150981177412643e-01 4.861988774529435773e+02
5.204555984555984116e-01 4.633588220077219830e+02
5.419053527118044000e-01 4.401600822403402731e+02
5.606541598694942952e-01 3.974382962479608636e+02
5.706576338400528581e-01 3.766626371447455313e+02
