2.166666666666666741e-02 1.379458166666666693e+04
4.454545454545454780e-02 1.133556363636363676e+04
6.211111111111110999e-02 9.839889777777776544e+03
8.302469135802469091e-02 7.515556172839506871e+03
1.001960784313725428e-01 5.919862352941177051e+03
1.238590604026845732e-01 3.980260067114093999e+03
1.404228855721393054e-01 2.586154378109452864e+03
1.630075187969924899e-01 2.350083947368421377e+03
1.808858858858858887e-01 2.304909969969970007e+03
2.036394557823129059e-01 1.685088390022675640e+03
2.190557939914163088e-01 1.359483497854077314e+03
2.426502732240437277e-01 1.265596783242258880e+03
2.596589259796807103e-01 1.256501732946298944e+03
2.811171662125340753e-01 1.063757220708446994e+03
3.008784530386739986e-01 9.420417922651934077e+02
3.206315289648623001e-01 8.700598537511870063e+02
3.399619047619047429e-01 7.305968361904762105e+02
3.619689737470166979e-01 7.296083054892600330e+02
3.799070887818307152e-01 7.823836531314522063e+02
4.013341804320203487e-01 7.694226620076238987e+02
4.195595854922279933e-01 7.254427852619459145e+02
4.407771883289124948e-01 5.862259718832890485e+02
4.600780487804878027e-01 5.245830995121950764e+02
4.807973648341663520e-01 5.910692326215356616e+02
5.009150981177412643e-01 5.518056075290347735e+02
5.204555984555984116e-01 5.426493320463320060e+02
5.419053527118044000e-01 4.937435973059199341e+02
5.606541598694942952e-01 3.560721207177814449e+02
5.706576338400528581e-01 3.048389120951751465e+02
