2.166666666666666741e-02 6.966312383333332946e+03
4.454545454545454780e-02 8.041674090909090410e+03
6.211111111111110999e-02 7.863552888888889356e+03
8.302469135802469091e-02 5.669203580246913589e+03
1.001960784313725428e-01 4.353463823529411457e+03
1.238590604026845732e-01 3.273923355704698224e+03
1.404228855721393054e-01 2.522203731343283380e+03
1.630075187969924899e-01 2.112031428571428478e+03
1.808858858858858887e-01 1.813594864864865031e+03
2.036394557823129059e-01 1.438998866213151814e+03
2.190557939914163088e-01 1.230891545064377624e+03
2.426502732240437277e-01 9.853428925318759184e+02
2.596589259796807103e-01 9.245153817126270042e+02
2.811171662125340753e-01 8.352336920980926607e+02
3.008784530386739986e-01 7.954835049723757265e+02
3.206315289648623001e-01 7.495212013295346196e+02
3.399619047619047429e-01 6.681555676190477016e+02
3.619689737470166979e-01 6.066380692124105281e+02
3.799070887818307152e-01 5.826557515485203567e+02
4.013341804320203487e-01 5.257746709021602101e+02
4.195595854922279933e-01 4.567226096718479766e+02
4.407771883289124948e-01 4.454467904509283471e+02
4.600780487804878027e-01 4.275429063414633788e+02
4.807973648341663520e-01 3.923494438891412983e+02
5.009150981177412643e-01 3.686590080096115116e+02
5.204555984555984116e-01 3.460204837837837886e+02
5.419053527118044000e-01 3.320224764267990167e+02
5.606541598694942952e-01 3.074965259380097677e+02
5.706576338400528581e-01 2.903754368803701027e+02
