2.166666666666666741e-02 8.543774283333334097e+03
4.454545454545454780e-02 1.039859090909090992e+04
6.211111111111110999e-02 1.042396044444444487e+04
8.302469135802469091e-02 7.299821975308643232e+03
1.001960784313725428e-01 5.365738725490195975e+03
1.238590604026845732e-01 4.084340201342281489e+03
1.404228855721393054e-01 3.368831442786069601e+03
1.630075187969924899e-01 2.831371879699248439e+03
1.808858858858858887e-01 2.325672672672672888e+03
2.036394557823129059e-01 1.858162380952381000e+03
2.190557939914163088e-01 1.615448433476394712e+03
2.426502732240437277e-01 1.332370564663023515e+03
2.596589259796807103e-01 1.251865587808417786e+03
2.811171662125340753e-01 1.105754155313351475e+03
3.008784530386739986e-01 1.065211801104972437e+03
3.206315289648623001e-01 1.016839632478632439e+03
3.399619047619047429e-01 8.933572485714286131e+02
3.619689737470166979e-01 7.980798233890214988e+02
3.799070887818307152e-01 7.902532112869923822e+02
4.013341804320203487e-01 7.305183538754764641e+02
4.195595854922279933e-01 6.307556090961427344e+02
4.407771883289124948e-01 6.014547915119363779e+02
4.600780487804878027e-01 5.702891809756097246e+02
4.807973648341663520e-01 5.425787746478872577e+02
5.009150981177412643e-01 5.140216916299559671e+02
5.204555984555984116e-01 4.834377405405405170e+02
5.419053527118044000e-01 4.626365785182559307e+02
5.606541598694942952e-01 4.244443353996736619e+02
5.706576338400528581e-01 4.036909636483806594e+02
