2.166666666666666741e-02 8.398951733333333323e+03
4.454545454545454780e-02 1.027751909090909066e+04
6.211111111111110999e-02 1.052683377777777787e+04
8.302469135802469091e-02 7.207684938271604551e+03
1.001960784313725428e-01 5.350641470588234370e+03
1.238590604026845732e-01 4.238853624161073640e+03
1.404228855721393054e-01 3.271733432835820622e+03
1.630075187969924899e-01 2.745753533834586051e+03
1.808858858858858887e-01 2.370523543543543838e+03
2.036394557823129059e-01 1.874407210884353844e+03
2.190557939914163088e-01 1.627567317596566454e+03
2.426502732240437277e-01 1.355885737704918029e+03
2.596589259796807103e-01 1.272619419448476037e+03
2.811171662125340753e-01 1.136262806539509484e+03
3.008784530386739986e-01 1.070569900552486388e+03
3.206315289648623001e-01 9.830395536562203915e+02
3.399619047619047429e-01 8.744913552380952524e+02
3.619689737470166979e-01 8.067870620525060303e+02
3.799070887818307152e-01 8.002418596008257055e+02
4.013341804320203487e-01 7.375827185514613120e+02
4.195595854922279933e-01 6.249272360391479424e+02
4.407771883289124948e-01 5.883231490716179906e+02
4.600780487804878027e-01 5.607781370731706829e+02
4.807973648341663520e-01 5.278843493866423842e+02
5.009150981177412643e-01 4.985201321585903429e+02
5.204555984555984116e-01 4.709869953667953837e+02
5.419053527118044000e-01 4.566330804679191715e+02
5.606541598694942952e-01 4.301596371941272423e+02
5.706576338400528581e-01 4.138590323859880868e+02
