2.166666666666666741e-02 2.430330999999999767e+04
4.454545454545454780e-02 1.448902818181818111e+04
6.211111111111110999e-02 1.285014711111111137e+04
8.302469135802469091e-02 9.719059753086421551e+03
1.001960784313725428e-01 7.126035098039214972e+03
1.238590604026845732e-01 5.330846040268456818e+03
1.404228855721393054e-01 3.956880099502487610e+03
1.630075187969924899e-01 3.087473270676691754e+03
1.808858858858858887e-01 2.833461231231231523e+03
2.036394557823129059e-01 2.481624149659864088e+03
2.190557939914163088e-01 2.017074356223175755e+03
2.426502732240437277e-01 1.711093406193078408e+03
2.596589259796807103e-01 1.631109898403483612e+03
2.811171662125340753e-01 1.372044155313351439e+03
3.008784530386739986e-01 1.265489337016574382e+03
3.206315289648623001e-01 1.231179373219373247e+03
3.399619047619047429e-01 1.171452685714285735e+03
3.619689737470166979e-01 9.963117804295943643e+02
3.799070887818307152e-01 9.015635980729525727e+02
4.013341804320203487e-01 8.462565285895806255e+02
4.195595854922279933e-01 7.783469591249280484e+02
4.407771883289124948e-01 7.967998679045092558e+02
4.600780487804878027e-01 7.425847946341463057e+02
4.807973648341663520e-01 6.441938400726942291e+02
5.009150981177412643e-01 6.538453804565479004e+02
5.204555984555984116e-01 6.442723451737451796e+02
5.419053527118044000e-01 5.833454813895782536e+02
5.606541598694942952e-01 5.385131941272430822e+02
5.706576338400528581e-01 5.222356034368804103e+02
