2.166666666666666741e-02 8.549946900000000824e+03
4.454545454545454780e-02 1.015332090909090948e+04
6.211111111111110999e-02 1.026220666666666693e+04
8.302469135802469091e-02 7.033416790123456849e+03
1.001960784313725428e-01 5.237764705882353155e+03
1.238590604026845732e-01 4.182794630872482230e+03
1.404228855721393054e-01 3.268818059701492075e+03
1.630075187969924899e-01 2.700407857142857210e+03
1.808858858858858887e-01 2.337603183183183319e+03
2.036394557823129059e-01 1.861940839002267694e+03
2.190557939914163088e-01 1.589591266094420689e+03
2.426502732240437277e-01 1.337279089253187522e+03
2.596589259796807103e-01 1.264593846153846016e+03
2.811171662125340753e-01 1.145709986376021561e+03
3.008784530386739986e-01 1.080126773480663132e+03
3.206315289648623001e-01 9.801847616334282520e+02
3.399619047619047429e-01 8.676952438095238449e+02
3.619689737470166979e-01 8.037384152744630228e+02
3.799070887818307152e-01 7.999165691672401408e+02
4.013341804320203487e-01 7.323486601016518307e+02
4.195595854922279933e-01 6.244092826712724218e+02
4.407771883289124948e-01 5.953729129973474983e+02
4.600780487804878027e-01 5.663887507317074324e+02
4.807973648341663520e-01 5.313323880054521169e+02
5.009150981177412643e-01 5.026432547056467683e+02
5.204555984555984116e-01 4.774534521235521538e+02
5.419053527118044000e-01 4.590860765685926594e+02
5.606541598694942952e-01 4.271825898858076016e+02
5.706576338400528581e-01 4.110974395241242405e+02
