2.166666666666666741e-02 1.684496666666666715e+04
4.454545454545454780e-02 1.466639090909090737e+04
6.211111111111110999e-02 2.733399555555555708e+04
8.302469135802469091e-02 2.453739753086419660e+04
1.001960784313725428e-01 1.284389607843137128e+04
1.238590604026845732e-01 1.126671409395972660e+03
1.404228855721393054e-01 2.870791542288557139e+03
1.630075187969924899e-01 5.656080526315789029e+03
1.808858858858858887e-01 3.244036456456457017e+03
2.036394557823129059e-01 1.479417306122449190e+03
2.190557939914163088e-01 3.872770068669527973e+03
2.426502732240437277e-01 -4.658083788706719020e+01
2.596589259796807103e-01 -1.116068447024672878e+03
2.811171662125340753e-01 6.873743596730246281e+02
3.008784530386739986e-01 -9.361932154696132784e+02
3.206315289648623001e-01 6.549193779677113980e+02
3.399619047619047429e-01 1.835690873333333457e+03
3.619689737470166979e-01 1.318872229116945164e+03
3.799070887818307152e-01 1.069454418444597422e+03
4.013341804320203487e-01 4.604646442185515411e+02
4.195595854922279933e-01 2.366104525043177489e+02
4.407771883289124948e-01 2.166946238726788749e+02
4.600780487804878027e-01 1.113398092682926745e+03
4.807973648341663520e-01 8.737021172194456540e+02
5.009150981177412643e-01 -4.240531141369644388e+02
5.204555984555984116e-01 1.634266888030888367e+02
5.419053527118044000e-01 1.681958294930875354e+03
5.606541598694942952e-01 1.967971174551386639e+03
5.706576338400528581e-01 1.707413357567746289e+03
