-2.375000000000000000e+01 1.700651847825142005e+00 4.479619454560812009e-01 3.390562574236043522e-05 3.390562574236043522e-05
-2.325000000000000000e+01 1.473727397806393613e+00 4.191667096098445899e-01 1.254724111866968952e-04 1.254724111866968952e-04
-2.275000000000000000e+01 1.291550021666668657e+00 3.750130245452670263e-01 3.723140049670662006e-04 3.723140049670662006e-04
-2.225000000000000000e+01 1.170228503932062569e+00 3.683339757125508873e-01 9.588597343699383976e-04 9.588597343699383976e-04
-2.175000000000000000e+01 1.121435152007346892e+00 3.650524770160946120e-01 2.378576827556419526e-03 2.378576827556419526e-03
-2.125000000000000000e+01 1.111143178128739084e+00 3.776233943532213422e-01 4.067811251484721238e-03 4.067811251484721238e-03
-2.075000000000000000e+01 1.102186443773374602e+00 3.735153044726607918e-01 5.159701976028506325e-03 5.159701976028506325e-03
-2.025000000000000000e+01 1.089235809819778744e+00 3.653182845563616721e-01 6.032825828744196005e-03 6.032825828744196005e-03
-1.975000000000000000e+01 1.072532359732835561e+00 3.511020374155388035e-01 7.478026131087355845e-03 7.478026131087355845e-03
-1.925000000000000000e+01 1.053153461875758978e+00 3.360781680307549646e-01 1.027405247813411096e-02 1.027405247813411096e-02
-1.875000000000000000e+01 1.037212644236586767e+00 3.181847676439196748e-01 1.430579850988014309e-02 1.430579850988014309e-02
-1.825000000000000000e+01 1.033397455533730858e+00 3.201537650886962516e-01 1.839347802613108818e-02 1.839347802613108818e-02
-1.775000000000000000e+01 1.034067144994649468e+00 3.214894216270141047e-01 2.105690530180326023e-02 2.105690530180326023e-02
-1.725000000000000000e+01 1.033565044311789416e+00 3.259884228282419194e-01 2.411510636000431876e-02 2.411510636000431876e-02
-1.675000000000000000e+01 1.028804577452854474e+00 3.233424406606827395e-01 2.790130655436777810e-02 2.790130655436777810e-02
-1.625000000000000000e+01 1.020224715989112019e+00 3.097826916779388151e-01 3.276060900550696597e-02 3.276060900550696597e-02
-1.575000000000000000e+01 1.011946379988561073e+00 2.969040259036722085e-01 3.786049022783716939e-02 3.786049022783716939e-02
-1.525000000000000000e+01 1.002930733810770914e+00 2.849339831134014567e-01 4.340157650361731873e-02 4.340157650361731873e-02
-1.475000000000000000e+01 9.950366821919741644e-01 2.707727924391032936e-01 5.039347802613108884e-02 5.039347802613108884e-02
-1.425000000000000000e+01 9.929007102858611322e-01 2.740414449307574385e-01 5.422092646582442332e-02 5.422092646582442332e-02
