2.166666666666666741e-02 -5.927858333333333721e+05
4.454545454545454780e-02 -4.043519090909091174e+05
6.211111111111110999e-02 1.695842222222222335e+04
8.302469135802469091e-02 2.421448641975308710e+05
1.001960784313725428e-01 7.782570588235293690e+04
1.238590604026845732e-01 4.122203221476510225e+04
1.404228855721393054e-01 3.886023631840796588e+04
1.630075187969924899e-01 6.163427556390977406e+04
1.808858858858858887e-01 2.914252672672673361e+04
2.036394557823129059e-01 -9.062689977324262145e+04
2.190557939914163088e-01 -3.678847768240343430e+04
2.426502732240437277e-01 -3.878174826958105405e+04
2.596589259796807103e-01 -1.411610856313497425e+04
2.811171662125340753e-01 8.372798365122595214e+02
3.008784530386739986e-01 -4.966853944751381641e+04
3.206315289648623001e-01 -6.206880151946816113e+03
3.399619047619047429e-01 4.675970704761905654e+04
3.619689737470166979e-01 -3.183277326968969192e+03
3.799070887818307152e-01 8.672204886441841154e+03
4.013341804320203487e-01 4.105116048284625867e+04
4.195595854922279933e-01 8.615396315486469803e+02
4.407771883289124948e-01 8.372145570291779677e+02
4.600780487804878027e-01 6.162414682926830210e+03
4.807973648341663520e-01 2.174321353930032274e+03
5.009150981177412643e-01 -1.308669895875049860e+03
5.204555984555984116e-01 -1.959430294594594670e+04
5.419053527118044000e-01 -3.259876947890819065e+04
5.606541598694942952e-01 -9.279601370309952472e+03
5.706576338400528581e-01 1.420753641771315415e+04
