-2.375000000000000000e+01 1.838423832688900639e+00 1.894056712855637370e-01 4.319187992657380617e-07 4.319187992657380617e-07
-2.325000000000000000e+01 1.770895718716032796e+00 9.255303272919840341e-01 3.887269193391642185e-06 3.887269193391642185e-06
-2.275000000000000000e+01 1.638398107622360822e+00 6.649600490663709618e-01 1.338948277723787986e-05 1.338948277723787986e-05
-2.225000000000000000e+01 1.542425642888803461e+00 4.588967739397684653e-01 4.211208292840945940e-05 4.211208292840945940e-05
-2.175000000000000000e+01 1.423842414339917761e+00 4.065661089481593105e-01 1.323831119749487050e-04 1.323831119749487050e-04
-2.125000000000000000e+01 1.243430153476614120e+00 3.790329546115364656e-01 4.066515495086923536e-04 4.066515495086923536e-04
-2.075000000000000000e+01 1.138619120490271142e+00 3.407722879985151665e-01 1.016304934672281621e-03 1.016304934672281621e-03
-2.025000000000000000e+01 1.071596383255994045e+00 2.924568004386248199e-01 2.344455242414426269e-03 2.344455242414426269e-03
-1.975000000000000000e+01 1.053379709603319281e+00 2.971502980322173193e-01 4.705755318000216271e-03 4.705755318000216271e-03
-1.925000000000000000e+01 1.052398500406230619e+00 3.103914535128289853e-01 8.234315948601663229e-03 8.234315948601663229e-03
-1.875000000000000000e+01 1.041955184300457971e+00 3.153801740478755500e-01 1.314760824964906517e-02 1.314760824964906517e-02
-1.825000000000000000e+01 1.025007956503376283e+00 2.912251898699030894e-01 1.893294460641399557e-02 1.893294460641399557e-02
-1.775000000000000000e+01 1.025104667967752681e+00 3.027967318255617712e-01 2.282777237879278845e-02 2.282777237879278845e-02
