-2.375000000000000000e+01 1.024087528859588980e+00 1.405069134008808396e+00
-2.325000000000000000e+01 1.709585672282470048e+00 1.677636787649137429e-01
-2.275000000000000000e+01 1.722399683022957095e+00 6.626725651528801719e-02
-2.225000000000000000e+01 1.551264706543629135e+00 3.500235584427636992e-02
-2.175000000000000000e+01 1.232960748704777343e+00 2.331586479682880297e-02
-2.125000000000000000e+01 1.112011955744700575e+00 1.444349993866252298e-02
-2.075000000000000000e+01 1.056542412807992326e+00 9.243577630880968343e-03
-2.025000000000000000e+01 1.066775522355624783e+00 7.177982487416295979e-03
-1.975000000000000000e+01 1.062462314115248940e+00 6.048963889872383329e-03
-1.925000000000000000e+01 1.015009321796203068e+00 5.100774486386766560e-03
-1.875000000000000000e+01 9.829377086963320131e-01 4.315931881911681985e-03
-1.825000000000000000e+01 9.740262158939455572e-01 3.887051673867977786e-03
-1.775000000000000000e+01 9.737143531033959354e-01 3.661750141666389197e-03
