2.166666666666666741e-02 7.756577999999998610e+03
4.454545454545454780e-02 9.711328181818182202e+03
6.211111111111110999e-02 1.031594199999999910e+04
8.302469135802469091e-02 7.470661111111111495e+03
1.001960784313725428e-01 5.741011666666667224e+03
1.238590604026845732e-01 4.320602416107382851e+03
1.404228855721393054e-01 3.225136218905472560e+03
1.630075187969924899e-01 2.728168609022555756e+03
1.808858858858858887e-01 2.410862912912912634e+03
2.036394557823129059e-01 1.913264829931972827e+03
2.190557939914163088e-01 1.613523798283262067e+03
2.426502732240437277e-01 1.331124480874316987e+03
2.596589259796807103e-01 1.277156502177068433e+03
2.811171662125340753e-01 1.174699128065394916e+03
3.008784530386739986e-01 1.122474132596684967e+03
3.206315289648623001e-01 1.017218380816714216e+03
3.399619047619047429e-01 8.993939447619047769e+02
3.619689737470166979e-01 8.317142362768495332e+02
3.799070887818307152e-01 8.042722498279421188e+02
4.013341804320203487e-01 7.379458151207115861e+02
4.195595854922279933e-01 6.390128992515831214e+02
4.407771883289124948e-01 6.160065087533155292e+02
4.600780487804878027e-01 5.840158375609755694e+02
4.807973648341663520e-01 5.439775820081781603e+02
5.009150981177412643e-01 5.237216099319182376e+02
5.204555984555984116e-01 4.954663845559845754e+02
5.419053527118044000e-01 4.667365062034739935e+02
5.606541598694942952e-01 4.330632737357259998e+02
5.706576338400528581e-01 4.179742379378717487e+02
