-2.175000000000000000e+01 2.475133495902569702e+00 7.706160426326819080e-01
-2.125000000000000000e+01 2.671015250792868390e+00 1.932533060153726612e-01
-2.075000000000000000e+01 1.314499780188395306e+00 1.357302768217651390e-01
-2.025000000000000000e+01 1.270883694219667515e+00 4.482932108032951918e-02
-1.975000000000000000e+01 1.135912921519440788e+00 2.121163874473211419e-02
-1.925000000000000000e+01 9.829712871566903543e-01 1.314496211062701758e-02
-1.875000000000000000e+01 1.026922210867040164e+00 9.288593813239950578e-03
-1.825000000000000000e+01 9.817000735658517607e-01 6.743355995909738713e-03
-1.775000000000000000e+01 9.699607011462980655e-01 4.882103335757749345e-03
-1.725000000000000000e+01 9.568720987879506534e-01 3.947041425923448511e-03
