2.166666666666666741e-02 8.697806650000000445e+03
4.454545454545454780e-02 9.706004545454545223e+03
6.211111111111110999e-02 9.535891111111111968e+03
8.302469135802469091e-02 6.653813827160493929e+03
1.001960784313725428e-01 5.165998529411765958e+03
1.238590604026845732e-01 4.019368657718121085e+03
1.404228855721393054e-01 3.034813233830845547e+03
1.630075187969924899e-01 2.484484060150376081e+03
1.808858858858858887e-01 2.083841381381381325e+03
2.036394557823129059e-01 1.677583083900226484e+03
2.190557939914163088e-01 1.469343197424892878e+03
2.426502732240437277e-01 1.183228979963570055e+03
2.596589259796807103e-01 1.113211988388969530e+03
2.811171662125340753e-01 1.017275408719346046e+03
3.008784530386739986e-01 9.502819469613260708e+02
3.206315289648623001e-01 8.693341244064578177e+02
3.399619047619047429e-01 7.977324161904762150e+02
3.619689737470166979e-01 7.155063198090692822e+02
3.799070887818307152e-01 6.853043984858912836e+02
4.013341804320203487e-01 6.262539917407877965e+02
4.195595854922279933e-01 5.327053172135865680e+02
4.407771883289124948e-01 5.198323305039787101e+02
4.600780487804878027e-01 4.941133619512195310e+02
4.807973648341663520e-01 4.532194915947296749e+02
5.009150981177412643e-01 4.269931890268322263e+02
5.204555984555984116e-01 4.079012494208494104e+02
5.419053527118044000e-01 3.955056940801133578e+02
5.606541598694942952e-01 3.634002355628059036e+02
5.706576338400528581e-01 3.430803820224718947e+02
