2.166666666666666741e-02 8.089331600000000435e+03
4.454545454545454780e-02 1.004727454545454384e+04
6.211111111111110999e-02 1.009354222222222234e+04
8.302469135802469091e-02 7.133620740740740075e+03
1.001960784313725428e-01 5.537718235294118131e+03
1.238590604026845732e-01 4.333636107382550108e+03
1.404228855721393054e-01 3.349402487562188526e+03
1.630075187969924899e-01 2.742508947368421104e+03
1.808858858858858887e-01 2.307967687687687885e+03
2.036394557823129059e-01 1.849936643990929724e+03
2.190557939914163088e-01 1.617342231759656670e+03
2.426502732240437277e-01 1.335295774134790463e+03
2.596589259796807103e-01 1.274817343976777920e+03
2.811171662125340753e-01 1.155058188010899130e+03
3.008784530386739986e-01 1.073126011049723729e+03
3.206315289648623001e-01 9.971231339031340895e+02
3.399619047619047429e-01 9.006004542857142496e+02
3.619689737470166979e-01 8.262513389021479497e+02
3.799070887818307152e-01 8.084045168616653427e+02
4.013341804320203487e-01 7.303117325285896868e+02
4.195595854922279933e-01 6.255932642487047133e+02
4.407771883289124948e-01 6.108338344827585615e+02
4.600780487804878027e-01 5.795670278048780801e+02
4.807973648341663520e-01 5.339022866878691502e+02
5.009150981177412643e-01 5.099791621946336022e+02
5.204555984555984116e-01 4.821054061776061985e+02
5.419053527118044000e-01 4.674923736263736487e+02
5.606541598694942952e-01 4.379561154975530144e+02
5.706576338400528581e-01 4.140911606080634328e+02
