2.166666666666666741e-02 8.142267550000000483e+03
4.454545454545454780e-02 9.322323636363636979e+03
6.211111111111110999e-02 8.875567777777778247e+03
8.302469135802469091e-02 6.110195061728395558e+03
1.001960784313725428e-01 4.805878235294117076e+03
1.238590604026845732e-01 3.642766308724832470e+03
1.404228855721393054e-01 2.788561890547263374e+03
1.630075187969924899e-01 2.308697105263157937e+03
1.808858858858858887e-01 1.957664894894895042e+03
2.036394557823129059e-01 1.539249478458049907e+03
2.190557939914163088e-01 1.319763111587982849e+03
2.426502732240437277e-01 1.094481074681238624e+03
2.596589259796807103e-01 1.045120246734397824e+03
2.811171662125340753e-01 9.574837070844687332e+02
3.008784530386739986e-01 8.787007723756905762e+02
3.206315289648623001e-01 8.136730180436848059e+02
3.399619047619047429e-01 7.316239180952381957e+02
3.619689737470166979e-01 6.589599856801909255e+02
3.799070887818307152e-01 6.467295712319338463e+02
4.013341804320203487e-01 5.913362547649300041e+02
4.195595854922279933e-01 5.074788727691421855e+02
4.407771883289124948e-01 4.925314461538462183e+02
4.600780487804878027e-01 4.645023892682926316e+02
4.807973648341663520e-01 4.274044825079509451e+02
5.009150981177412643e-01 4.039113824589506976e+02
5.204555984555984116e-01 3.858104907335907114e+02
5.419053527118044000e-01 3.699788957816377319e+02
5.606541598694942952e-01 3.358780352365416206e+02
5.706576338400528581e-01 3.159166490416391184e+02
