2.166666666666666741e-02 1.763750999999999840e+04
4.454545454545454780e-02 1.364645090909090868e+04
6.211111111111110999e-02 1.381502266666666765e+04
8.302469135802469091e-02 9.605864567901235205e+03
1.001960784313725428e-01 6.693954803921569692e+03
1.238590604026845732e-01 5.358194899328859719e+03
1.404228855721393054e-01 4.108994029850746301e+03
1.630075187969924899e-01 3.428306729323307536e+03
1.808858858858858887e-01 3.083025915915915903e+03
2.036394557823129059e-01 2.613293537414966067e+03
2.190557939914163088e-01 2.239928133047209940e+03
2.426502732240437277e-01 1.736004262295081617e+03
2.596589259796807103e-01 1.609710174165457374e+03
2.811171662125340753e-01 1.367970762942779402e+03
3.008784530386739986e-01 1.335237999999999829e+03
3.206315289648623001e-01 1.357056923076923113e+03
3.399619047619047429e-01 1.218415628571428442e+03
3.619689737470166979e-01 1.058571088305489184e+03
3.799070887818307152e-01 1.067835979353062612e+03
4.013341804320203487e-01 9.611414587039389517e+02
4.195595854922279933e-01 7.588539723661485823e+02
4.407771883289124948e-01 7.741253511936339464e+02
4.600780487804878027e-01 7.795264004878048354e+02
4.807973648341663520e-01 7.365129350295321728e+02
5.009150981177412643e-01 7.533027653183820576e+02
5.204555984555984116e-01 7.307248486486486172e+02
5.419053527118044000e-01 6.825470177242112868e+02
5.606541598694942952e-01 6.528768306688417624e+02
5.706576338400528581e-01 6.383319325842695662e+02
