2.166666666666666741e-02 1.305302800000000025e+04
4.454545454545454780e-02 1.245758363636363720e+04
6.211111111111110999e-02 1.126395644444444406e+04
8.302469135802469091e-02 7.945838765432097716e+03
1.001960784313725428e-01 5.929567450980392096e+03
1.238590604026845732e-01 4.319624026845637673e+03
1.404228855721393054e-01 3.535973880597015068e+03
1.630075187969924899e-01 3.115929849624060353e+03
1.808858858858858887e-01 2.645656186186186005e+03
2.036394557823129059e-01 2.026214240362811779e+03
2.190557939914163088e-01 1.707077103004291985e+03
2.426502732240437277e-01 1.472991930783242424e+03
2.596589259796807103e-01 1.376246139332365601e+03
2.811171662125340753e-01 1.218502193460490616e+03
3.008784530386739986e-01 1.080240729281768154e+03
3.206315289648623001e-01 1.029258869895536463e+03
3.399619047619047429e-01 1.038408609523809446e+03
3.619689737470166979e-01 9.245584964200477316e+02
3.799070887818307152e-01 8.554540440467997087e+02
4.013341804320203487e-01 7.872961041931384898e+02
4.195595854922279933e-01 6.624054012665515074e+02
4.407771883289124948e-01 6.405988838196286679e+02
4.600780487804878027e-01 6.203620917073170631e+02
4.807973648341663520e-01 5.737121653793731184e+02
5.009150981177412643e-01 5.597375026031237439e+02
5.204555984555984116e-01 5.422918555984555269e+02
5.419053527118044000e-01 5.023624168734491491e+02
5.606541598694942952e-01 4.595205275693311364e+02
5.706576338400528581e-01 4.502177296761401522e+02
