2.166666666666666741e-02 8.706086966666667649e+03
4.454545454545454780e-02 1.015631681818181823e+04
6.211111111111110999e-02 1.034782644444444486e+04
8.302469135802469091e-02 7.116191234567901120e+03
1.001960784313725428e-01 5.240081960784313196e+03
1.238590604026845732e-01 4.186101677852348985e+03
1.404228855721393054e-01 3.272509552238806009e+03
1.630075187969924899e-01 2.630459699248120160e+03
1.808858858858858887e-01 2.294809669669669347e+03
2.036394557823129059e-01 1.865198004535147220e+03
2.190557939914163088e-01 1.572658626609441853e+03
2.426502732240437277e-01 1.294683205828779819e+03
2.596589259796807103e-01 1.221899187227866605e+03
2.811171662125340753e-01 1.108735177111716666e+03
3.008784530386739986e-01 1.065404419889502833e+03
3.206315289648623001e-01 9.804767635327634707e+02
3.399619047619047429e-01 8.629613314285714978e+02
3.619689737470166979e-01 7.853637947494033824e+02
3.799070887818307152e-01 7.807176083964212694e+02
4.013341804320203487e-01 7.161071359593393026e+02
4.195595854922279933e-01 6.104032901554403452e+02
4.407771883289124948e-01 5.852861342175066284e+02
4.600780487804878027e-01 5.575152443902438790e+02
4.807973648341663520e-01 5.240538137210359082e+02
5.009150981177412643e-01 4.928102659191029034e+02
5.204555984555984116e-01 4.673421922779922397e+02
5.419053527118044000e-01 4.513464969868840626e+02
5.606541598694942952e-01 4.207154623164763620e+02
5.706576338400528581e-01 4.051888565763383667e+02
