2.166666666666666741e-02 8.147120916666666744e+03
4.454545454545454780e-02 1.063395818181818140e+04
6.211111111111110999e-02 1.051862844444444454e+04
8.302469135802469091e-02 7.294837407407407227e+03
1.001960784313725428e-01 5.360342745098038904e+03
1.238590604026845732e-01 4.064531879194631074e+03
1.404228855721393054e-01 3.327046169154229119e+03
1.630075187969924899e-01 2.780273872180451235e+03
1.808858858858858887e-01 2.299354144144143902e+03
2.036394557823129059e-01 1.852503696145124422e+03
2.190557939914163088e-01 1.605618025751072992e+03
2.426502732240437277e-01 1.320064754098360709e+03
2.596589259796807103e-01 1.254272191582002733e+03
2.811171662125340753e-01 1.115802207084468819e+03
3.008784530386739986e-01 1.074218209944751379e+03
3.206315289648623001e-01 1.012989009496676317e+03
3.399619047619047429e-01 8.840930266666667876e+02
3.619689737470166979e-01 7.978359642004774059e+02
3.799070887818307152e-01 7.909645292498280469e+02
4.013341804320203487e-01 7.295413634053367105e+02
4.195595854922279933e-01 6.326266856649396004e+02
4.407771883289124948e-01 6.035735485411140644e+02
4.600780487804878027e-01 5.724826117073171190e+02
4.807973648341663520e-01 5.451159468423444423e+02
5.009150981177412643e-01 5.147473239887865475e+02
5.204555984555984116e-01 4.832132397683397471e+02
5.419053527118044000e-01 4.638628411910670479e+02
5.606541598694942952e-01 4.244065233278955702e+02
5.706576338400528581e-01 4.007940608063451009e+02
