2.166666666666666741e-02 2.781442333333333590e+04
4.454545454545454780e-02 1.546600090909090977e+04
6.211111111111110999e-02 1.273678488888889115e+04
8.302469135802469091e-02 9.099815185185185328e+03
1.001960784313725428e-01 6.503117941176470595e+03
1.238590604026845732e-01 5.537142818791946411e+03
1.404228855721393054e-01 4.026535024875622184e+03
1.630075187969924899e-01 3.227368233082706411e+03
1.808858858858858887e-01 2.953651201201201275e+03
2.036394557823129059e-01 2.467840634920634784e+03
2.190557939914163088e-01 2.169447618025751126e+03
2.426502732240437277e-01 1.718923624772313133e+03
2.596589259796807103e-01 1.591692510885340880e+03
2.811171662125340753e-01 1.355704019073569498e+03
3.008784530386739986e-01 1.315347723756905907e+03
3.206315289648623001e-01 1.361399791073124334e+03
3.399619047619047429e-01 1.228016790476190408e+03
3.619689737470166979e-01 1.059729675417661156e+03
3.799070887818307152e-01 1.054390338609772925e+03
4.013341804320203487e-01 9.186474447268108179e+02
4.195595854922279933e-01 7.718087484168106585e+02
4.407771883289124948e-01 8.004393888594165674e+02
4.600780487804878027e-01 7.484147253658537693e+02
4.807973648341663520e-01 6.477303384825080457e+02
5.009150981177412643e-01 6.763262543051662306e+02
5.204555984555984116e-01 6.855339405405404705e+02
5.419053527118044000e-01 6.520124002126906362e+02
5.606541598694942952e-01 6.228125859706362917e+02
5.706576338400528581e-01 5.940047666886979414e+02
