2.166666666666666741e-02 1.254843816666666680e+04
4.454545454545454780e-02 1.203622999999999956e+04
6.211111111111110999e-02 1.181514355555555449e+04
8.302469135802469091e-02 8.416578395061727861e+03
1.001960784313725428e-01 6.197576078431372480e+03
1.238590604026845732e-01 4.684213624161073312e+03
1.404228855721393054e-01 3.659493781094527549e+03
1.630075187969924899e-01 3.068038571428571686e+03
1.808858858858858887e-01 2.718436786786786797e+03
2.036394557823129059e-01 2.128016689342403879e+03
2.190557939914163088e-01 1.764049914163090079e+03
2.426502732240437277e-01 1.466856429872495255e+03
2.596589259796807103e-01 1.386894702467343905e+03
2.811171662125340753e-01 1.319340790190735561e+03
3.008784530386739986e-01 1.255278640883977914e+03
3.206315289648623001e-01 1.110895213675213654e+03
3.399619047619047429e-01 9.899606828571429560e+02
3.619689737470166979e-01 9.202132386634845034e+02
3.799070887818307152e-01 8.895768300068823464e+02
4.013341804320203487e-01 8.045273691232528108e+02
4.195595854922279933e-01 7.232797795048934404e+02
4.407771883289124948e-01 7.108502344827586512e+02
4.600780487804878027e-01 6.488025560975609096e+02
4.807973648341663520e-01 5.842462099045887953e+02
5.009150981177412643e-01 5.763548522226672048e+02
5.204555984555984116e-01 5.717446926640927813e+02
5.419053527118044000e-01 5.273547947536335414e+02
5.606541598694942952e-01 4.848338590538335779e+02
5.706576338400528581e-01 4.753660158625247618e+02
