-2.175000000000000000e+01 3.046950396997103017e+00 1.487650444087842638e+00
-2.125000000000000000e+01 2.330998694469006427e+00 7.481913205923603760e-01
-2.075000000000000000e+01 1.864580122005456309e+00 2.542075411888732317e-01
-2.025000000000000000e+01 1.359321139600673689e+00 1.326184337132021718e-01
-1.975000000000000000e+01 1.094803066513602152e+00 4.340596792964518391e-02
-1.925000000000000000e+01 9.408827939312107702e-01 2.315716035136189052e-02
-1.875000000000000000e+01 9.502490225463159357e-01 1.485192750579663809e-02
-1.825000000000000000e+01 9.457877704730538460e-01 1.054436676920250324e-02
-1.775000000000000000e+01 9.170371072508087806e-01 7.522123531402647063e-03
-1.725000000000000000e+01 9.015102641454736387e-01 5.466493225560925193e-03
-1.675000000000000000e+01 8.961103720982104281e-01 4.522422558054319669e-03
-1.625000000000000000e+01 9.079738876322572816e-01 4.081756079975639578e-03
-1.575000000000000000e+01 9.166480549446899273e-01 3.701632527427399771e-03
-1.525000000000000000e+01 9.291628163124898698e-01 3.368407190204526520e-03
-1.475000000000000000e+01 9.267869363512460934e-01 3.004950101502877873e-03
-1.425000000000000000e+01 9.054038079617382495e-01 2.691021415940385037e-03
