-2.375000000000000000e+01 1.680249383590923573e+00 1.913534237875401112e-01
-2.325000000000000000e+01 1.719860483274216589e+00 6.998844223351993743e-02
-2.275000000000000000e+01 1.544301809897421718e+00 3.632242453881275729e-02
-2.225000000000000000e+01 1.292644866947542104e+00 2.427556434952504033e-02
-2.175000000000000000e+01 1.106888732198527459e+00 1.495531549147834614e-02
-2.125000000000000000e+01 1.069547017907709341e+00 9.819100791151662289e-03
-2.075000000000000000e+01 1.092819190587415168e+00 7.749454448413394328e-03
-2.025000000000000000e+01 1.074605744483192904e+00 6.711436291927819903e-03
-1.975000000000000000e+01 1.046816929272877950e+00 5.825454109814963422e-03
-1.925000000000000000e+01 1.007636807069762330e+00 4.965447988913104620e-03
-1.875000000000000000e+01 9.784981306263250689e-01 4.240808215803049466e-03
-1.825000000000000000e+01 9.724317357687345398e-01 3.877829017491346651e-03
-1.775000000000000000e+01 9.674893014705956418e-01 3.650295639315511136e-03
