2.166666666666666741e-02 8.006939866666666603e+03
4.454545454545454780e-02 9.934543636363636324e+03
6.211111111111110999e-02 1.004709444444444489e+04
8.302469135802469091e-02 6.934866666666665878e+03
1.001960784313725428e-01 5.241677549019607795e+03
1.238590604026845732e-01 4.130904362416107688e+03
1.404228855721393054e-01 3.220846567164178850e+03
1.630075187969924899e-01 2.636613947368420668e+03
1.808858858858858887e-01 2.285379069069068919e+03
2.036394557823129059e-01 1.847011201814058722e+03
2.190557939914163088e-01 1.559419721030043092e+03
2.426502732240437277e-01 1.285343041894353519e+03
2.596589259796807103e-01 1.210130174165456992e+03
2.811171662125340753e-01 1.077168596730245326e+03
3.008784530386739986e-01 1.036714674033149095e+03
3.206315289648623001e-01 9.763263323836657719e+02
3.399619047619047429e-01 8.688860276190476952e+02
3.619689737470166979e-01 7.835398639618138077e+02
3.799070887818307152e-01 7.735461693048864618e+02
4.013341804320203487e-01 7.116240749682337992e+02
4.195595854922279933e-01 6.076048117443868932e+02
4.407771883289124948e-01 5.854646981432359780e+02
4.600780487804878027e-01 5.587855082926828345e+02
4.807973648341663520e-01 5.173814066333484334e+02
5.009150981177412643e-01 4.824243219863836885e+02
5.204555984555984116e-01 4.600444714285713985e+02
5.419053527118044000e-01 4.454193098192130833e+02
5.606541598694942952e-01 4.147921588907014439e+02
5.706576338400528581e-01 4.004600284203569345e+02
