2.166666666666666741e-02 3.175338499999999840e+04
4.454545454545454780e-02 2.164855454545454268e+04
6.211111111111110999e-02 1.785877111111110935e+04
8.302469135802469091e-02 1.147616938271604886e+04
1.001960784313725428e-01 9.332346176470588034e+03
1.238590604026845732e-01 9.496259798657718420e+03
1.404228855721393054e-01 8.627714029850745646e+03
1.630075187969924899e-01 6.207427631578947512e+03
1.808858858858858887e-01 4.328364774774774560e+03
2.036394557823129059e-01 3.960429092970521197e+03
2.190557939914163088e-01 3.390659163090128459e+03
2.426502732240437277e-01 2.751280400728597215e+03
2.596589259796807103e-01 2.484933396226415425e+03
2.811171662125340753e-01 2.178473433242506871e+03
3.008784530386739986e-01 2.571978110497238049e+03
3.206315289648623001e-01 2.504812003798670503e+03
3.399619047619047429e-01 2.069521980952381000e+03
3.619689737470166979e-01 1.771861002386634709e+03
3.799070887818307152e-01 1.748843916035787970e+03
4.013341804320203487e-01 1.629249345616264236e+03
4.195595854922279933e-01 1.460523557858376535e+03
4.407771883289124948e-01 1.521456891246684108e+03
4.600780487804878027e-01 1.309283090731707489e+03
4.807973648341663520e-01 1.081351847342117253e+03
5.009150981177412643e-01 1.062091369643572307e+03
5.204555984555984116e-01 1.148304509652509751e+03
5.419053527118044000e-01 1.157075308755760489e+03
5.606541598694942952e-01 1.001655048287112663e+03
5.706576338400528581e-01 9.601733555849306185e+02
