2.166666666666666741e-02 8.889323333333333721e+03
4.454545454545454780e-02 1.058991454545454508e+04
6.211111111111110999e-02 1.042725200000000041e+04
8.302469135802469091e-02 7.111211111111110768e+03
1.001960784313725428e-01 5.566969411764705910e+03
1.238590604026845732e-01 4.328507516778523495e+03
1.404228855721393054e-01 3.252853631840796425e+03
1.630075187969924899e-01 2.822215902255638866e+03
1.808858858858858887e-01 2.446832822822822891e+03
2.036394557823129059e-01 1.930418775510203886e+03
2.190557939914163088e-01 1.657246523605150514e+03
2.426502732240437277e-01 1.337117377049180277e+03
2.596589259796807103e-01 1.247255486211901371e+03
2.811171662125340753e-01 1.131047724795640306e+03
3.008784530386739986e-01 1.090517127071823097e+03
3.206315289648623001e-01 1.000654956315289610e+03
3.399619047619047429e-01 8.973347161904762288e+02
3.619689737470166979e-01 8.306129188544152839e+02
3.799070887818307152e-01 8.103629064005506279e+02
4.013341804320203487e-01 7.498725266836084984e+02
4.195595854922279933e-01 6.560982786413355825e+02
4.407771883289124948e-01 6.328027294429708718e+02
4.600780487804878027e-01 5.919161248780486630e+02
4.807973648341663520e-01 5.466558323489322220e+02
5.009150981177412643e-01 5.154706599919903738e+02
5.204555984555984116e-01 4.972999247104247047e+02
5.419053527118044000e-01 4.798841130804679551e+02
5.606541598694942952e-01 4.419188411092985689e+02
5.706576338400528581e-01 4.266366080634501259e+02
