2.166666666666666741e-02 9.350703666666666322e+03
4.454545454545454780e-02 9.540070909090909481e+03
6.211111111111110999e-02 9.224069777777778654e+03
8.302469135802469091e-02 6.325232716049383271e+03
1.001960784313725428e-01 4.638524901960784518e+03
1.238590604026845732e-01 3.739349865771811892e+03
1.404228855721393054e-01 2.959687263681591958e+03
1.630075187969924899e-01 2.488390338345865075e+03
1.808858858858858887e-01 2.113661531531531637e+03
2.036394557823129059e-01 1.629266371882086105e+03
2.190557939914163088e-01 1.391682060085836838e+03
2.426502732240437277e-01 1.151468506375227662e+03
2.596589259796807103e-01 1.106266110304789436e+03
2.811171662125340753e-01 9.992786117166212989e+02
3.008784530386739986e-01 9.102578552486187391e+02
3.206315289648623001e-01 8.480740123456790798e+02
3.399619047619047429e-01 7.783984866666667131e+02
3.619689737470166979e-01 7.044282195704057585e+02
3.799070887818307152e-01 6.877407852718513368e+02
4.013341804320203487e-01 6.164725374841169696e+02
4.195595854922279933e-01 5.214418451352908050e+02
4.407771883289124948e-01 5.020912986737400274e+02
4.600780487804878027e-01 4.739671468292682448e+02
4.807973648341663520e-01 4.447010690595184315e+02
5.009150981177412643e-01 4.209740692831397268e+02
5.204555984555984116e-01 3.979037216216216279e+02
5.419053527118044000e-01 3.780649953917050539e+02
5.606541598694942952e-01 3.444613553017944696e+02
5.706576338400528581e-01 3.281286886979510768e+02
