2.166666666666666741e-02 6.439250000000000000e+04
4.454545454545454780e-02 2.993782454545454675e+04
6.211111111111110999e-02 2.863426755555555792e+04
8.302469135802469091e-02 1.809714234567901076e+04
1.001960784313725428e-01 1.132795519607843380e+04
1.238590604026845732e-01 4.524085771812081475e+03
1.404228855721393054e-01 4.542568557213930035e+03
1.630075187969924899e-01 6.659573872180450962e+03
1.808858858858858887e-01 2.408853679279279277e+03
2.036394557823129059e-01 9.755398530612245622e+02
2.190557939914163088e-01 5.653299141630900522e+02
2.426502732240437277e-01 -1.188292848816029164e+03
2.596589259796807103e-01 1.046075915820028968e+03
2.811171662125340753e-01 2.759306130790190764e+03
3.008784530386739986e-01 1.428184519337016582e+03
3.206315289648623001e-01 2.173399297245963680e+03
3.399619047619047429e-01 1.280318986666666660e+03
3.619689737470166979e-01 5.092461212410501048e+02
3.799070887818307152e-01 1.125433312044046943e+03
4.013341804320203487e-01 1.997720453621346905e+03
4.195595854922279933e-01 1.948626108232585011e+03
4.407771883289124948e-01 6.920534668435012691e+02
4.600780487804878027e-01 9.554436999999999216e+02
4.807973648341663520e-01 1.734030331667423752e+03
5.009150981177412643e-01 1.268830849819783907e+03
5.204555984555984116e-01 3.559088428571428153e+02
5.419053527118044000e-01 8.906378415455511686e+02
5.606541598694942952e-01 1.110545218923327866e+03
5.706576338400528581e-01 6.875157012557832559e+02
