-2.375000000000000000e+01 1.727705647787540100e+00 9.737636791056183960e-02
-2.325000000000000000e+01 1.636688821132286531e+00 4.702569415127085678e-02
-2.275000000000000000e+01 1.312252268837136748e+00 2.693713268372770892e-02
-2.225000000000000000e+01 1.114639633969809696e+00 1.652094000609224955e-02
-2.175000000000000000e+01 1.087257385640812313e+00 1.053243663362787505e-02
-2.125000000000000000e+01 1.096906011470799136e+00 8.327298208885889827e-03
-2.075000000000000000e+01 1.105395084077846146e+00 7.433898959107452728e-03
-2.025000000000000000e+01 1.072312389846153291e+00 6.713471641651759872e-03
-1.975000000000000000e+01 1.037566662239324256e+00 5.844475489508879629e-03
-1.925000000000000000e+01 9.963066157190333394e-01 4.961454028363885584e-03
-1.875000000000000000e+01 9.798750659771071625e-01 4.268896251056862254e-03
-1.825000000000000000e+01 9.686823814225054008e-01 3.938199488822013983e-03
-1.775000000000000000e+01 9.660085777311337996e-01 3.685392803399769462e-03
-1.725000000000000000e+01 9.705596824975104564e-01 3.426467281904865651e-03
