2.166666666666666741e-02 8.066922999999999774e+03
4.454545454545454780e-02 9.754660000000001673e+03
6.211111111111110999e-02 1.007846977777777647e+04
8.302469135802469091e-02 7.402718518518518067e+03
1.001960784313725428e-01 5.689322647058824259e+03
1.238590604026845732e-01 4.256490671140939412e+03
1.404228855721393054e-01 3.310035870646766398e+03
1.630075187969924899e-01 2.832461578947368707e+03
1.808858858858858887e-01 2.426351141141141397e+03
2.036394557823129059e-01 1.871376598639456006e+03
2.190557939914163088e-01 1.620104635193133163e+03
2.426502732240437277e-01 1.365547322404371471e+03
2.596589259796807103e-01 1.275475341074020434e+03
2.811171662125340753e-01 1.160122847411444127e+03
3.008784530386739986e-01 1.111780044198894984e+03
3.206315289648623001e-01 1.029520940170940321e+03
3.399619047619047429e-01 9.273653714285713932e+02
3.619689737470166979e-01 8.338613508353222414e+02
3.799070887818307152e-01 7.887358740536820960e+02
4.013341804320203487e-01 7.381571365946633705e+02
4.195595854922279933e-01 6.454653448474381321e+02
4.407771883289124948e-01 6.076478503978779599e+02
4.600780487804878027e-01 5.794009175609755857e+02
4.807973648341663520e-01 5.480741203998182982e+02
5.009150981177412643e-01 5.183247533039647124e+02
5.204555984555984116e-01 4.881853945945945839e+02
5.419053527118044000e-01 4.624657040056717392e+02
5.606541598694942952e-01 4.323580013050570869e+02
5.706576338400528581e-01 4.234061559814937254e+02
