2.166666666666666741e-02 1.297886666666666679e+04
4.454545454545454780e-02 1.105688363636363647e+04
6.211111111111110999e-02 1.021914622222222170e+04
8.302469135802469091e-02 7.124190000000000509e+03
1.001960784313725428e-01 5.287909411764706419e+03
1.238590604026845732e-01 4.147536442953020014e+03
1.404228855721393054e-01 3.315480796019900481e+03
1.630075187969924899e-01 2.614400864661653941e+03
1.808858858858858887e-01 2.201911561561561484e+03
2.036394557823129059e-01 1.802672380952380990e+03
2.190557939914163088e-01 1.476423090128755348e+03
2.426502732240437277e-01 1.109975591985428082e+03
2.596589259796807103e-01 1.107257939042089902e+03
2.811171662125340753e-01 1.053502832425068164e+03
3.008784530386739986e-01 9.533473535911601857e+02
3.206315289648623001e-01 9.559832155745488080e+02
3.399619047619047429e-01 9.056131676190477720e+02
3.619689737470166979e-01 7.148607350835321768e+02
3.799070887818307152e-01 7.073476861665519664e+02
4.013341804320203487e-01 6.781289358322744647e+02
4.195595854922279933e-01 5.458315284974092947e+02
4.407771883289124948e-01 5.385447283819628410e+02
4.600780487804878027e-01 5.133704980487805187e+02
4.807973648341663520e-01 5.006389804634258098e+02
5.009150981177412643e-01 4.692737324789746935e+02
5.204555984555984116e-01 4.102391976833976628e+02
5.419053527118044000e-01 4.073608507621410695e+02
5.606541598694942952e-01 3.515122433931484807e+02
5.706576338400528581e-01 2.968955228023793893e+02
