2.166666666666666741e-02 1.050867066666666688e+04
4.454545454545454780e-02 1.179285863636363501e+04
6.211111111111110999e-02 1.168995755555555479e+04
8.302469135802469091e-02 7.952433456790123273e+03
1.001960784313725428e-01 5.941758137254902977e+03
1.238590604026845732e-01 4.735587516778523423e+03
1.404228855721393054e-01 3.634634676616915840e+03
1.630075187969924899e-01 3.164249661654135252e+03
1.808858858858858887e-01 2.788339699699699850e+03
2.036394557823129059e-01 2.127312789115645955e+03
2.190557939914163088e-01 1.864449141630901295e+03
2.426502732240437277e-01 1.565802550091074863e+03
2.596589259796807103e-01 1.413994223512336930e+03
2.811171662125340753e-01 1.264741457765667519e+03
3.008784530386739986e-01 1.241554132596685122e+03
3.206315289648623001e-01 1.145736723646723703e+03
3.399619047619047429e-01 1.031450228571428852e+03
3.619689737470166979e-01 9.576038424821002764e+02
3.799070887818307152e-01 9.240949483826565256e+02
4.013341804320203487e-01 8.459738634053367150e+02
4.195595854922279933e-01 7.363386764536556939e+02
4.407771883289124948e-01 7.146509135278514577e+02
4.600780487804878027e-01 6.677549004878047754e+02
4.807973648341663520e-01 6.299216165379373251e+02
5.009150981177412643e-01 6.035947440929115828e+02
5.204555984555984116e-01 5.932917123552124394e+02
5.419053527118044000e-01 5.761954168734490622e+02
5.606541598694942952e-01 5.276425468189232788e+02
5.706576338400528581e-01 5.146886834104428772e+02
