2.166666666666666741e-02 1.766130883333333259e+04
4.454545454545454780e-02 1.455591772727272655e+04
6.211111111111110999e-02 1.233464422222222129e+04
8.302469135802469091e-02 8.442645679012346591e+03
1.001960784313725428e-01 6.262495196078431036e+03
1.238590604026845732e-01 4.987274966442952973e+03
1.404228855721393054e-01 4.178955522388059762e+03
1.630075187969924899e-01 3.549785037593984271e+03
1.808858858858858887e-01 2.911030390390390494e+03
2.036394557823129059e-01 2.231702766439909283e+03
2.190557939914163088e-01 1.907288347639484982e+03
2.426502732240437277e-01 1.624532914389799544e+03
2.596589259796807103e-01 1.567937242380261296e+03
2.811171662125340753e-01 1.461872247956403271e+03
3.008784530386739986e-01 1.383877160220994483e+03
3.206315289648623001e-01 1.226599696106362671e+03
3.399619047619047429e-01 1.068862283809523888e+03
3.619689737470166979e-01 1.017145904534606188e+03
3.799070887818307152e-01 1.033463409497591329e+03
4.013341804320203487e-01 9.304621855146124290e+02
4.195595854922279933e-01 7.938287679907886059e+02
4.407771883289124948e-01 7.753131633952255015e+02
4.600780487804878027e-01 7.354048839024391100e+02
4.807973648341663520e-01 7.089466310767830919e+02
5.009150981177412643e-01 6.781217853424109308e+02
5.204555984555984116e-01 6.428576065637065540e+02
5.419053527118044000e-01 5.984546611130804195e+02
5.606541598694942952e-01 5.558866300163132337e+02
5.706576338400528581e-01 5.571032921348314630e+02
