2.166666666666666741e-02 8.049169016666666721e+03
4.454545454545454780e-02 9.991213636363636397e+03
6.211111111111110999e-02 1.014643755555555617e+04
8.302469135802469091e-02 7.063877777777777737e+03
1.001960784313725428e-01 5.500128333333334012e+03
1.238590604026845732e-01 4.396899261744966680e+03
1.404228855721393054e-01 3.385532388059701589e+03
1.630075187969924899e-01 2.746577857142856828e+03
1.808858858858858887e-01 2.288815795795796021e+03
2.036394557823129059e-01 1.880278140589569148e+03
2.190557939914163088e-01 1.667684034334763965e+03
2.426502732240437277e-01 1.347980437158470068e+03
2.596589259796807103e-01 1.264329811320754743e+03
2.811171662125340753e-01 1.152091253405994621e+03
3.008784530386739986e-01 1.098756088397790109e+03
3.206315289648623001e-01 1.022865137701804315e+03
3.399619047619047429e-01 9.260831552380951734e+02
3.619689737470166979e-01 8.503343603818617567e+02
3.799070887818307152e-01 8.228429318651067206e+02
4.013341804320203487e-01 7.445431817026684485e+02
4.195595854922279933e-01 6.413748232584916877e+02
4.407771883289124948e-01 6.365931326259947127e+02
4.600780487804878027e-01 6.014712643902438458e+02
4.807973648341663520e-01 5.435704266242615859e+02
5.009150981177412643e-01 5.205088462154585613e+02
5.204555984555984116e-01 4.946021745173745217e+02
5.419053527118044000e-01 4.815879599432824989e+02
5.606541598694942952e-01 4.519461236541598623e+02
5.706576338400528581e-01 4.285820733641770630e+02
