2.166666666666666741e-02 -7.898533333333332848e+04
4.454545454545454780e-02 -5.936665909090908826e+04
6.211111111111110999e-02 -2.906477555555555227e+04
8.302469135802469091e-02 -1.795344506172839829e+04
1.001960784313725428e-01 -3.733012254901962933e+03
1.238590604026845732e-01 -2.172567382550335969e+04
1.404228855721393054e-01 1.337438308457711855e+03
1.630075187969924899e-01 2.406103127819548899e+04
1.808858858858858887e-01 1.180874636636636751e+04
2.036394557823129059e-01 5.784200725623582912e+03
2.190557939914163088e-01 3.480322532188839091e+02
2.426502732240437277e-01 1.830242313296902694e+03
2.596589259796807103e-01 4.479564876632801315e+03
2.811171662125340753e-01 -4.311015245231607878e+03
3.008784530386739986e-01 1.262324917127071558e+03
3.206315289648623001e-01 7.316838917378917358e+03
3.399619047619047429e-01 4.844495657142856544e+03
3.619689737470166979e-01 -2.341722434367542064e+03
3.799070887818307152e-01 -9.980757742601514337e+02
4.013341804320203487e-01 3.168245298602288130e+03
4.195595854922279933e-01 3.448119170984456105e+03
4.407771883289124948e-01 2.198764216445622878e+03
4.600780487804878027e-01 5.237463024390243618e+02
4.807973648341663520e-01 -4.924285997273967155e+02
5.009150981177412643e-01 1.638063144573487989e+03
5.204555984555984116e-01 7.531242815444015832e+03
5.419053527118044000e-01 7.103507054236088152e+02
5.606541598694942952e-01 -1.853238315497553003e+03
5.706576338400528581e-01 2.664003782551222230e+03
