2.166666666666666741e-02 1.571850033333333158e+04
4.454545454545454780e-02 1.403904045454545485e+04
6.211111111111110999e-02 1.298813311111111034e+04
8.302469135802469091e-02 8.832783827160494184e+03
1.001960784313725428e-01 6.249272058823529733e+03
1.238590604026845732e-01 5.076146442953019687e+03
1.404228855721393054e-01 4.233462238805969719e+03
1.630075187969924899e-01 3.613655187969925009e+03
1.808858858858858887e-01 3.044779009009009314e+03
2.036394557823129059e-01 2.351186009070294858e+03
2.190557939914163088e-01 2.047547660944205973e+03
2.426502732240437277e-01 1.784886885245901794e+03
2.596589259796807103e-01 1.660164426705370261e+03
2.811171662125340753e-01 1.472300027247956450e+03
3.008784530386739986e-01 1.443899502762430984e+03
3.206315289648623001e-01 1.303144586894586837e+03
3.399619047619047429e-01 1.123078457142857360e+03
3.619689737470166979e-01 1.045290773269689907e+03
3.799070887818307152e-01 1.045279946317962867e+03
4.013341804320203487e-01 9.589847407878017975e+02
4.195595854922279933e-01 8.232176327000574929e+02
4.407771883289124948e-01 8.156991787798408495e+02
4.600780487804878027e-01 7.812904546341463856e+02
4.807973648341663520e-01 7.333463171285778799e+02
5.009150981177412643e-01 7.057187356828193288e+02
5.204555984555984116e-01 6.751320706563707290e+02
5.419053527118044000e-01 6.188585069124425218e+02
5.606541598694942952e-01 5.730731637846655531e+02
5.706576338400528581e-01 5.736593701255783344e+02
