2.166666666666666741e-02 7.748981283333333522e+03
4.454545454545454780e-02 8.930613181818182056e+03
6.211111111111110999e-02 8.708005555555555475e+03
8.302469135802469091e-02 6.008495432098765377e+03
1.001960784313725428e-01 4.573932254901960732e+03
1.238590604026845732e-01 3.500351140939597371e+03
1.404228855721393054e-01 2.674878805970148733e+03
1.630075187969924899e-01 2.219996541353383236e+03
1.808858858858858887e-01 1.890066786786786679e+03
2.036394557823129059e-01 1.493013628117913868e+03
2.190557939914163088e-01 1.306029291845493617e+03
2.426502732240437277e-01 1.061203584699453586e+03
2.596589259796807103e-01 9.819337126269957707e+02
2.811171662125340753e-01 9.024746035422342629e+02
3.008784530386739986e-01 8.453097447513812313e+02
3.206315289648623001e-01 7.824660142450142075e+02
3.399619047619047429e-01 6.997056771428570983e+02
3.619689737470166979e-01 6.367562386634843961e+02
3.799070887818307152e-01 6.230113468685477756e+02
4.013341804320203487e-01 5.696890997458702941e+02
4.195595854922279933e-01 4.945787265400114734e+02
4.407771883289124948e-01 4.758283580901857022e+02
4.600780487804878027e-01 4.487046799999999962e+02
4.807973648341663520e-01 4.104410427078600492e+02
5.009150981177412643e-01 3.835809563476171320e+02
5.204555984555984116e-01 3.688218003861003922e+02
5.419053527118044000e-01 3.529994835164835081e+02
5.606541598694942952e-01 3.194646407830342696e+02
5.706576338400528581e-01 3.039088460013218764e+02
