-2.375000000000000000e+01 1.024087528859588980e+00 1.405069134008808396e+00
-2.325000000000000000e+01 1.709585672282470048e+00 1.677636787649137429e-01
-2.275000000000000000e+01 1.722399683022957095e+00 6.626725651528801719e-02
-2.225000000000000000e+01 1.551264706543629135e+00 3.500235584427636992e-02
-2.175000000000000000e+01 1.232960748704777343e+00 2.331586479682880297e-02
-2.125000000000000000e+01 1.112011955744700575e+00 1.444349993866252298e-02
-2.075000000000000000e+01 1.056542412807992326e+00 9.243577630880968343e-03
-2.025000000000000000e+01 1.066775522355624783e+00 7.177982487416295979e-03
-1.975000000000000000e+01 1.062462314115248940e+00 6.048963889872383329e-03
-1.925000000000000000e+01 1.015009321796203068e+00 5.100774486386766560e-03
-1.875000000000000000e+01 9.829377086963320131e-01 4.315931881911681985e-03
-1.825000000000000000e+01 9.740262158939455572e-01 3.887051673867977786e-03
-1.775000000000000000e+01 9.737143531033959354e-01 3.661750141666389197e-03
-1.725000000000000000e+01 9.728055590303318345e-01 3.425043314255272423e-03
-1.675000000000000000e+01 9.620905802208309376e-01 3.171581432583627045e-03
-1.625000000000000000e+01 9.415311548246532158e-01 2.904322104374178985e-03
-1.575000000000000000e+01 9.156080039656798730e-01 2.701549564429269953e-03
-1.525000000000000000e+01 8.910444175361255104e-01 2.541148215439649645e-03
-1.475000000000000000e+01 8.655754031839968388e-01 2.399510965649510538e-03
-1.425000000000000000e+01 8.734933224654396478e-01 2.583934176292869596e-03
