2.166666666666666741e-02 6.400980166666667174e+03
4.454545454545454780e-02 8.412874090909090228e+03
6.211111111111110999e-02 8.483992444444445937e+03
8.302469135802469091e-02 6.108104814814814745e+03
1.001960784313725428e-01 4.965974803921569219e+03
1.238590604026845732e-01 3.803339463087248077e+03
1.404228855721393054e-01 2.905270149253730779e+03
1.630075187969924899e-01 2.398250488721804686e+03
1.808858858858858887e-01 2.010297567567567739e+03
2.036394557823129059e-01 1.607385487528344584e+03
2.190557939914163088e-01 1.379510686695278991e+03
2.426502732240437277e-01 1.128522659380692176e+03
2.596589259796807103e-01 1.052714412191581914e+03
2.811171662125340753e-01 9.349123514986376904e+02
3.008784530386739986e-01 8.950630895027624092e+02
3.206315289648623001e-01 8.474437616334282666e+02
3.399619047619047429e-01 7.494312866666666650e+02
3.619689737470166979e-01 6.579444725536992564e+02
3.799070887818307152e-01 6.357258313833448256e+02
4.013341804320203487e-01 5.904386467598475292e+02
4.195595854922279933e-01 5.082785912492803391e+02
4.407771883289124948e-01 4.778205071618036754e+02
4.600780487804878027e-01 4.579171912195121763e+02
4.807973648341663520e-01 4.264138019082234905e+02
5.009150981177412643e-01 4.029590336403684319e+02
5.204555984555984116e-01 3.863607370656371245e+02
5.419053527118044000e-01 3.624347756114853496e+02
5.606541598694942952e-01 3.250001004893964023e+02
5.706576338400528581e-01 3.070810416391275339e+02
