2.166666666666666741e-02 9.200790000000000873e+04
4.454545454545454780e-02 7.629726818181817362e+04
6.211111111111110999e-02 4.760910444444444875e+04
8.302469135802469091e-02 2.192251728395061582e+04
1.001960784313725428e-01 1.196639901960784482e+04
1.238590604026845732e-01 8.209523489932886150e+03
1.404228855721393054e-01 8.153331243781093690e+03
1.630075187969924899e-01 8.435484812030075773e+03
1.808858858858858887e-01 9.660642582582582691e+03
2.036394557823129059e-01 7.551481065759637204e+03
2.190557939914163088e-01 4.032650107296137776e+03
2.426502732240437277e-01 4.122518615664845129e+03
2.596589259796807103e-01 4.571111683599419848e+03
2.811171662125340753e-01 3.600772098092642864e+03
3.008784530386739986e-01 4.533530972375690908e+03
3.206315289648623001e-01 5.105930636277303165e+03
3.399619047619047429e-01 3.711975552380952649e+03
3.619689737470166979e-01 2.112027852028639700e+03
3.799070887818307152e-01 2.076560564349621473e+03
4.013341804320203487e-01 2.633828398983481748e+03
4.195595854922279933e-01 2.896994703511802072e+03
4.407771883289124948e-01 2.069025787267904434e+03
4.600780487804878027e-01 1.045396577073170647e+03
4.807973648341663520e-01 9.720798064516127397e+02
5.009150981177412643e-01 1.465994040849018802e+03
5.204555984555984116e-01 1.536108652509652529e+03
5.419053527118044000e-01 1.263426630981921335e+03
5.606541598694942952e-01 1.716672687112561334e+03
5.706576338400528581e-01 2.228934586913416751e+03
