2.166666666666666741e-02 1.126372800000000134e+05
4.454545454545454780e-02 4.695862681818181591e+04
6.211111111111110999e-02 2.456284866666666494e+04
8.302469135802469091e-02 1.794209135802468882e+04
1.001960784313725428e-01 1.282607549019607723e+04
1.238590604026845732e-01 1.116966053691275192e+04
1.404228855721393054e-01 1.054014885572139247e+04
1.630075187969924899e-01 9.001312180451128370e+03
1.808858858858858887e-01 6.705292612612612174e+03
2.036394557823129059e-01 5.102510362811791310e+03
2.190557939914163088e-01 5.340478347639485037e+03
2.426502732240437277e-01 3.530141566484517170e+03
2.596589259796807103e-01 3.014574107402032041e+03
2.811171662125340753e-01 3.805623814713896081e+03
3.008784530386739986e-01 3.410012198895027723e+03
3.206315289648623001e-01 2.813715783475783610e+03
3.399619047619047429e-01 2.773696000000000367e+03
3.619689737470166979e-01 2.592491264916468026e+03
3.799070887818307152e-01 2.325813262216104704e+03
4.013341804320203487e-01 2.301230203303684902e+03
4.195595854922279933e-01 2.276328445595855101e+03
4.407771883289124948e-01 1.924417665782493259e+03
4.600780487804878027e-01 1.505879531707317028e+03
4.807973648341663520e-01 1.574176656065424822e+03
5.009150981177412643e-01 1.571057601121345670e+03
5.204555984555984116e-01 1.715778776061776171e+03
5.419053527118044000e-01 1.834563105281814842e+03
5.606541598694942952e-01 1.508781768352365361e+03
5.706576338400528581e-01 1.320708552544613440e+03
