2.166666666666666741e-02 9.551396200000001045e+03
4.454545454545454780e-02 1.067501772727272873e+04
6.211111111111110999e-02 1.071204422222222274e+04
8.302469135802469091e-02 7.362736666666665769e+03
1.001960784313725428e-01 5.416753333333333103e+03
1.238590604026845732e-01 4.292323288590603624e+03
1.404228855721393054e-01 3.370401343283582264e+03
1.630075187969924899e-01 2.740993233082706411e+03
1.808858858858858887e-01 2.353376246246245955e+03
2.036394557823129059e-01 1.890424285714286043e+03
2.190557939914163088e-01 1.647382360515021219e+03
2.426502732240437277e-01 1.395159544626593743e+03
2.596589259796807103e-01 1.290357039187227883e+03
2.811171662125340753e-01 1.168233160762942589e+03
3.008784530386739986e-01 1.111718430939226437e+03
3.206315289648623001e-01 1.014403924976258395e+03
3.399619047619047429e-01 8.986841647619046398e+02
3.619689737470166979e-01 8.318832458233889611e+02
3.799070887818307152e-01 8.275972202339987689e+02
4.013341804320203487e-01 7.580975692503176333e+02
4.195595854922279933e-01 6.468536839378238028e+02
4.407771883289124948e-01 6.167964424403182875e+02
4.600780487804878027e-01 5.898232399999999416e+02
4.807973648341663520e-01 5.521876019990912710e+02
5.009150981177412643e-01 5.198857609130956234e+02
5.204555984555984116e-01 4.943357756756756771e+02
5.419053527118044000e-01 4.764408302020559631e+02
5.606541598694942952e-01 4.472419588907014258e+02
5.706576338400528581e-01 4.337837303370786231e+02
