2.166666666666666741e-02 1.059885016666666706e+04
4.454545454545454780e-02 1.115761500000000160e+04
6.211111111111110999e-02 1.152420733333333192e+04
8.302469135802469091e-02 7.967274197530863603e+03
1.001960784313725428e-01 6.045995196078431036e+03
1.238590604026845732e-01 4.835388859060401956e+03
1.404228855721393054e-01 3.732785572139302985e+03
1.630075187969924899e-01 3.226907443609023176e+03
1.808858858858858887e-01 2.856501621621621780e+03
2.036394557823129059e-01 2.203197460317460354e+03
2.190557939914163088e-01 1.859109399141631002e+03
2.426502732240437277e-01 1.549592459016393377e+03
2.596589259796807103e-01 1.491663947750362695e+03
2.811171662125340753e-01 1.414532479564032883e+03
3.008784530386739986e-01 1.320675999999999931e+03
3.206315289648623001e-01 1.192934425451092011e+03
3.399619047619047429e-01 1.092295809523809339e+03
3.619689737470166979e-01 1.018609494033412716e+03
3.799070887818307152e-01 9.677808079834824184e+02
4.013341804320203487e-01 8.866543176620077702e+02
4.195595854922279933e-01 7.817072642487047460e+02
4.407771883289124948e-01 7.477039039787799766e+02
4.600780487804878027e-01 6.990671726829267527e+02
4.807973648341663520e-01 6.425106955929123842e+02
5.009150981177412643e-01 6.184143984781737799e+02
5.204555984555984116e-01 6.097511177606177171e+02
5.419053527118044000e-01 5.831518787663949297e+02
5.606541598694942952e-01 5.309103559543229949e+02
5.706576338400528581e-01 5.084667660277593768e+02
