2.166666666666666741e-02 2.375506500000000233e+04
4.454545454545454780e-02 2.041685954545454297e+04
6.211111111111110999e-02 1.932692911111111243e+04
8.302469135802469091e-02 1.223426209876543180e+04
1.001960784313725428e-01 7.878800882352940789e+03
1.238590604026845732e-01 6.319975704697986657e+03
1.404228855721393054e-01 5.327473781094527112e+03
1.630075187969924899e-01 4.323142330827066871e+03
1.808858858858858887e-01 3.649300510510509866e+03
2.036394557823129059e-01 3.099337210884353681e+03
2.190557939914163088e-01 2.431080944206008553e+03
2.426502732240437277e-01 1.987577650273223753e+03
2.596589259796807103e-01 2.063755544267053665e+03
2.811171662125340753e-01 1.699774237057220716e+03
3.008784530386739986e-01 1.771391425414364676e+03
3.206315289648623001e-01 1.689883485280151945e+03
3.399619047619047429e-01 1.459577209523809415e+03
3.619689737470166979e-01 1.336466443914081310e+03
3.799070887818307152e-01 1.373769077770130707e+03
4.013341804320203487e-01 1.384845209656924908e+03
4.195595854922279933e-01 1.095246297063903057e+03
4.407771883289124948e-01 1.010033898673740168e+03
4.600780487804878027e-01 9.389355843902441165e+02
4.807973648341663520e-01 8.450329018627895721e+02
5.009150981177412643e-01 9.013273708450140020e+02
5.204555984555984116e-01 9.028768733590733291e+02
5.419053527118044000e-01 7.678909751861042423e+02
5.606541598694942952e-01 6.828130642740619578e+02
5.706576338400528581e-01 6.851433826834105503e+02
