2.166666666666666741e-02 7.132314566666666906e+03
4.454545454545454780e-02 8.324141363636363167e+03
6.211111111111110999e-02 8.243982444444443900e+03
8.302469135802469091e-02 5.887611481481481860e+03
1.001960784313725428e-01 4.498458333333333030e+03
1.238590604026845732e-01 3.451257852348993765e+03
1.404228855721393054e-01 2.682631641791045240e+03
1.630075187969924899e-01 2.236229097744360843e+03
1.808858858858858887e-01 1.921268408408408504e+03
2.036394557823129059e-01 1.509222902494331265e+03
2.190557939914163088e-01 1.282641566523604979e+03
2.426502732240437277e-01 1.037258939890710508e+03
2.596589259796807103e-01 9.791362525399129026e+02
2.811171662125340753e-01 8.873119591280653822e+02
3.008784530386739986e-01 8.432129812154696538e+02
3.206315289648623001e-01 7.924978319088318131e+02
3.399619047619047429e-01 7.149014999999999418e+02
3.619689737470166979e-01 6.561149737470168475e+02
3.799070887818307152e-01 6.280129566414315150e+02
4.013341804320203487e-01 5.737590667090216812e+02
4.195595854922279933e-01 5.008771473805412029e+02
4.407771883289124948e-01 4.839560684350132647e+02
4.600780487804878027e-01 4.573236585365853557e+02
4.807973648341663520e-01 4.182991399363925780e+02
5.009150981177412643e-01 3.984884217060472906e+02
5.204555984555984116e-01 3.772011857142857707e+02
5.419053527118044000e-01 3.626145572492024485e+02
5.606541598694942952e-01 3.338409553017944518e+02
5.706576338400528581e-01 3.140192888301388052e+02
