2.166666666666666741e-02 9.787140499999999520e+03
4.454545454545454780e-02 1.100624590909090875e+04
6.211111111111110999e-02 1.099367133333333368e+04
8.302469135802469091e-02 7.764706666666666933e+03
1.001960784313725428e-01 5.848154215686274256e+03
1.238590604026845732e-01 4.445313892617449710e+03
1.404228855721393054e-01 3.463081791044775855e+03
1.630075187969924899e-01 3.019072293233082746e+03
1.808858858858858887e-01 2.561439609609609761e+03
2.036394557823129059e-01 1.998200702947845912e+03
2.190557939914163088e-01 1.736925965665235708e+03
2.426502732240437277e-01 1.444340455373406030e+03
2.596589259796807103e-01 1.343523134978229336e+03
2.811171662125340753e-01 1.194104591280654176e+03
3.008784530386739986e-01 1.160878243093922720e+03
3.206315289648623001e-01 1.078229677113010439e+03
3.399619047619047429e-01 9.611187904761904974e+02
3.619689737470166979e-01 8.734572601431981411e+02
3.799070887818307152e-01 8.365392167928424669e+02
4.013341804320203487e-01 7.623197388818298350e+02
4.195595854922279933e-01 6.734319487622337874e+02
4.407771883289124948e-01 6.597457320954907800e+02
4.600780487804878027e-01 6.245739331707316069e+02
4.807973648341663520e-01 5.777830140845069309e+02
5.009150981177412643e-01 5.434254581497797290e+02
5.204555984555984116e-01 5.243975432432432626e+02
5.419053527118044000e-01 5.044792102091457764e+02
5.606541598694942952e-01 4.634375980424143791e+02
5.706576338400528581e-01 4.458558612029081019e+02
