2.166666666666666741e-02 1.284974200000000019e+04
4.454545454545454780e-02 1.229567681818181882e+04
6.211111111111110999e-02 1.133530422222222296e+04
8.302469135802469091e-02 7.668983827160493092e+03
1.001960784313725428e-01 5.797225588235293799e+03
1.238590604026845732e-01 4.581114362416107724e+03
1.404228855721393054e-01 3.578500746268656712e+03
1.630075187969924899e-01 3.037660827067669288e+03
1.808858858858858887e-01 2.597485195195195502e+03
2.036394557823129059e-01 2.018376575963719006e+03
2.190557939914163088e-01 1.763616566523605343e+03
2.426502732240437277e-01 1.478189307832422628e+03
2.596589259796807103e-01 1.355592467343976750e+03
2.811171662125340753e-01 1.232423228882833882e+03
3.008784530386739986e-01 1.195805480662983427e+03
3.206315289648623001e-01 1.095021462488129146e+03
3.399619047619047429e-01 9.859477895238095471e+02
3.619689737470166979e-01 9.173039260143199272e+02
3.799070887818307152e-01 8.748088947006194758e+02
4.013341804320203487e-01 7.982393773824650225e+02
4.195595854922279933e-01 7.044250201496834052e+02
4.407771883289124948e-01 6.843798328912465649e+02
4.600780487804878027e-01 6.427736439024391757e+02
4.807973648341663520e-01 6.064297233075874374e+02
5.009150981177412643e-01 5.780500428514217219e+02
5.204555984555984116e-01 5.476765660231659467e+02
5.419053527118044000e-01 5.264907298830202080e+02
5.606541598694942952e-01 4.841660433931484135e+02
5.706576338400528581e-01 4.634005624586913541e+02
