2.166666666666666741e-02 9.737373833333333096e+03
4.454545454545454780e-02 1.107928954545454508e+04
6.211111111111110999e-02 1.207336377777777852e+04
8.302469135802469091e-02 8.581246296296296350e+03
1.001960784313725428e-01 6.315608529411763811e+03
1.238590604026845732e-01 4.939495302013423498e+03
1.404228855721393054e-01 3.833949054726368104e+03
1.630075187969924899e-01 3.287113609022556375e+03
1.808858858858858887e-01 2.987504204204204143e+03
2.036394557823129059e-01 2.326084285714285670e+03
2.190557939914163088e-01 1.919711051502145665e+03
2.426502732240437277e-01 1.551091402550091061e+03
2.596589259796807103e-01 1.520771465892597917e+03
2.811171662125340753e-01 1.470512929155313259e+03
3.008784530386739986e-01 1.330086618784530629e+03
3.206315289648623001e-01 1.202081063627730146e+03
3.399619047619047429e-01 1.111404466666666849e+03
3.619689737470166979e-01 1.021811078758949975e+03
3.799070887818307152e-01 9.878215526496902612e+02
4.013341804320203487e-01 9.031242261753493494e+02
4.195595854922279933e-01 7.785595624640184269e+02
4.407771883289124948e-01 7.607481994694960576e+02
4.600780487804878027e-01 7.332009868292683450e+02
4.807973648341663520e-01 6.697329064061789268e+02
5.009150981177412643e-01 6.358418037645174081e+02
5.204555984555984116e-01 6.184485826254825724e+02
5.419053527118044000e-01 5.876502534562210940e+02
5.606541598694942952e-01 5.399717017944535655e+02
5.706576338400528581e-01 5.165988486450760320e+02
