2.166666666666666741e-02 8.635692333333334318e+03
4.454545454545454780e-02 1.008803454545454588e+04
6.211111111111110999e-02 9.875769777777777563e+03
8.302469135802469091e-02 6.964181728395061327e+03
1.001960784313725428e-01 5.527462058823529333e+03
1.238590604026845732e-01 4.271982080536912690e+03
1.404228855721393054e-01 3.249595223880597132e+03
1.630075187969924899e-01 2.792453759398496004e+03
1.808858858858858887e-01 2.373506366366366365e+03
2.036394557823129059e-01 1.861791632653061470e+03
2.190557939914163088e-01 1.602867381974249156e+03
2.426502732240437277e-01 1.282411967213114849e+03
2.596589259796807103e-01 1.198538316400580698e+03
2.811171662125340753e-01 1.111312343324250605e+03
3.008784530386739986e-01 1.063520574585635586e+03
3.206315289648623001e-01 9.753341310541310349e+02
3.399619047619047429e-01 8.643848971428571986e+02
3.619689737470166979e-01 7.791853603818616421e+02
3.799070887818307152e-01 7.718628699242946141e+02
4.013341804320203487e-01 7.202018144853875583e+02
4.195595854922279933e-01 6.272236396085204433e+02
4.407771883289124948e-01 5.953733777188328986e+02
4.600780487804878027e-01 5.510656253658537480e+02
4.807973648341663520e-01 5.139052244434348040e+02
5.009150981177412643e-01 4.896028898678414976e+02
5.204555984555984116e-01 4.721416478764479052e+02
5.419053527118044000e-01 4.573668684863524163e+02
5.606541598694942952e-01 4.194221132137030850e+02
5.706576338400528581e-01 4.018611480502313498e+02
