2.166666666666666741e-02 7.987240616666666938e+03
4.454545454545454780e-02 9.055749545454546023e+03
6.211111111111110999e-02 8.649404888888888308e+03
8.302469135802469091e-02 5.955703209876543951e+03
1.001960784313725428e-01 4.637140980392156962e+03
1.238590604026845732e-01 3.556086308724832179e+03
1.404228855721393054e-01 2.752340895522388109e+03
1.630075187969924899e-01 2.278586052631579150e+03
1.808858858858858887e-01 1.915714024024024184e+03
2.036394557823129059e-01 1.505188594104308550e+03
2.190557939914163088e-01 1.296320515021459187e+03
2.426502732240437277e-01 1.079204936247723253e+03
2.596589259796807103e-01 1.026827648766327911e+03
2.811171662125340753e-01 9.299882970027247211e+02
3.008784530386739986e-01 8.570735558011049307e+02
3.206315289648623001e-01 7.947280123456790761e+02
3.399619047619047429e-01 7.159422866666667460e+02
3.619689737470166979e-01 6.485377183770883676e+02
3.799070887818307152e-01 6.378513709566414036e+02
4.013341804320203487e-01 5.818072185514612329e+02
4.195595854922279933e-01 4.976877812320091721e+02
4.407771883289124948e-01 4.854047358090185185e+02
4.600780487804878027e-01 4.591630956097560556e+02
4.807973648341663520e-01 4.221516706042708051e+02
5.009150981177412643e-01 3.972433143772527160e+02
5.204555984555984116e-01 3.785153926640927011e+02
5.419053527118044000e-01 3.617093523573201423e+02
5.606541598694942952e-01 3.263066518760196004e+02
5.706576338400528581e-01 3.065312280237938012e+02
