2.166666666666666741e-02 8.825701633333332211e+03
4.454545454545454780e-02 1.002440045454545361e+04
6.211111111111110999e-02 1.027396822222222181e+04
8.302469135802469091e-02 7.063890493827160753e+03
1.001960784313725428e-01 5.219968627450980421e+03
1.238590604026845732e-01 4.165777919463087528e+03
1.404228855721393054e-01 3.230359104477612163e+03
1.630075187969924899e-01 2.659783045112782020e+03
1.808858858858858887e-01 2.312647897897898019e+03
2.036394557823129059e-01 1.853826326530612278e+03
2.190557939914163088e-01 1.582112746781115902e+03
2.426502732240437277e-01 1.306183187613843529e+03
2.596589259796807103e-01 1.230093439767779500e+03
2.811171662125340753e-01 1.107787098092642964e+03
3.008784530386739986e-01 1.051716718232044286e+03
3.206315289648623001e-01 9.709555622032289648e+02
3.399619047619047429e-01 8.578245123809523420e+02
3.619689737470166979e-01 7.894211479713603694e+02
3.799070887818307152e-01 7.871340667584308903e+02
4.013341804320203487e-01 7.171592141041932109e+02
4.195595854922279933e-01 6.096402970639032901e+02
4.407771883289124948e-01 5.833330652519894102e+02
4.600780487804878027e-01 5.540448668292682441e+02
4.807973648341663520e-01 5.183290472512494489e+02
5.009150981177412643e-01 4.898628181818181702e+02
5.204555984555984116e-01 4.658546324324323678e+02
5.419053527118044000e-01 4.476692297057780365e+02
5.606541598694942952e-01 4.160379595432299880e+02
5.706576338400528581e-01 4.000753694646397776e+02
