2.166666666666666741e-02 3.490813999999999942e+04
4.454545454545454780e-02 2.649001818181818453e+04
6.211111111111110999e-02 1.946671999999999753e+04
8.302469135802469091e-02 1.081332345679012360e+04
1.001960784313725428e-01 7.662834509803920810e+03
1.238590604026845732e-01 7.722906577181208377e+03
1.404228855721393054e-01 6.987774477611939801e+03
1.630075187969924899e-01 5.103205827067668906e+03
1.808858858858858887e-01 3.751534534534534487e+03
2.036394557823129059e-01 3.394563401360544049e+03
2.190557939914163088e-01 3.216586416309012748e+03
2.426502732240437277e-01 2.880629234972677295e+03
2.596589259796807103e-01 2.452858548621190039e+03
2.811171662125340753e-01 2.043578297002724867e+03
3.008784530386739986e-01 2.201690618784530216e+03
3.206315289648623001e-01 2.041779164292497626e+03
3.399619047619047429e-01 1.666375219047619112e+03
3.619689737470166979e-01 1.445554844868735017e+03
3.799070887818307152e-01 1.573924576737784037e+03
4.013341804320203487e-01 1.412650711562896959e+03
4.195595854922279933e-01 1.266719798503166430e+03
4.407771883289124948e-01 1.389845496021220242e+03
4.600780487804878027e-01 1.106890402439024228e+03
4.807973648341663520e-01 9.451338686960472160e+02
5.009150981177412643e-01 1.036106688025630774e+03
5.204555984555984116e-01 1.035678328185328155e+03
5.419053527118044000e-01 9.615726260191421488e+02
5.606541598694942952e-01 7.640994032626427952e+02
5.706576338400528581e-01 6.270635049570390720e+02
