2.166666666666666741e-02 2.739226016666666328e+04
4.454545454545454780e-02 1.520571772727272582e+04
6.211111111111110999e-02 1.189682200000000012e+04
8.302469135802469091e-02 9.186223950617282753e+03
1.001960784313725428e-01 6.936079411764705583e+03
1.238590604026845732e-01 5.305672483221475886e+03
1.404228855721393054e-01 4.023188756218905382e+03
1.630075187969924899e-01 3.260678947368421177e+03
1.808858858858858887e-01 2.875423003003003032e+03
2.036394557823129059e-01 2.466803401360544285e+03
2.190557939914163088e-01 2.079385665236051409e+03
2.426502732240437277e-01 1.710184808743169242e+03
2.596589259796807103e-01 1.572620420899854935e+03
2.811171662125340753e-01 1.402945831062670550e+03
3.008784530386739986e-01 1.336614464088397881e+03
3.206315289648623001e-01 1.285202260208926873e+03
3.399619047619047429e-01 1.224031838095238072e+03
3.619689737470166979e-01 1.041174219570405739e+03
3.799070887818307152e-01 9.756348685478320704e+02
4.013341804320203487e-01 8.704073360864040296e+02
4.195595854922279933e-01 7.912713177892919703e+02
4.407771883289124948e-01 8.109026196286472441e+02
4.600780487804878027e-01 7.701980863414634086e+02
4.807973648341663520e-01 6.923944002726034341e+02
5.009150981177412643e-01 6.746870064076891822e+02
5.204555984555984116e-01 6.640764061776060316e+02
5.419053527118044000e-01 6.328591793690180793e+02
5.606541598694942952e-01 5.779981644371941911e+02
5.706576338400528581e-01 5.332405882352941262e+02
