-2.375000000000000000e+01 1.800021366054783689e+00 5.075245047876399962e-01 1.101392938127632023e-05 1.101392938127632023e-05
-2.325000000000000000e+01 1.660569890316846653e+00 4.390711732016200353e-01 4.060036713097937600e-05 4.060036713097937600e-05
-2.275000000000000000e+01 1.449293120456371042e+00 4.058671404104897129e-01 1.334629089731130503e-04 1.334629089731130503e-04
-2.225000000000000000e+01 1.306043109476011876e+00 3.874157189550108682e-01 3.565489687938667323e-04 3.565489687938667323e-04
-2.175000000000000000e+01 1.201639502034216100e+00 3.749898007236073250e-01 7.549940611165101160e-04 7.549940611165101160e-04
-2.125000000000000000e+01 1.119668815143566309e+00 3.492210923184935201e-01 1.746679624230644719e-03 1.746679624230644719e-03
-2.075000000000000000e+01 1.085887820385358582e+00 3.390978988631357938e-01 3.956808120073426055e-03 3.956808120073426055e-03
-2.025000000000000000e+01 1.081378136984461724e+00 3.497271666692706726e-01 6.362595831983587462e-03 6.362595831983587462e-03
-1.975000000000000000e+01 1.070092698755147564e+00 3.456911742997348935e-01 8.838786308174063910e-03 8.838786308174063910e-03
-1.925000000000000000e+01 1.051816271972191963e+00 3.302424899780895262e-01 1.233408919123204876e-02 1.233408919123204876e-02
-1.875000000000000000e+01 1.035029477782122509e+00 3.133839589833470884e-01 1.711543029910376698e-02 1.711543029910376698e-02
-1.825000000000000000e+01 1.030570258049175569e+00 3.139257876033719752e-01 2.102364755425980072e-02 2.102364755425980072e-02
-1.775000000000000000e+01 1.031403592282009063e+00 3.193103320028595760e-01 2.364064355901090639e-02 2.364064355901090639e-02
-1.725000000000000000e+01 1.030741587860849462e+00 3.236080794703615204e-01 2.697354497354497241e-02 2.697354497354497241e-02
-1.675000000000000000e+01 1.022433679118275318e+00 3.117851468239127843e-01 3.140330417881437991e-02 3.140330417881437991e-02
-1.625000000000000000e+01 1.014599611471922902e+00 3.018091140472421996e-01 3.739941690962099441e-02 3.739941690962099441e-02
-1.575000000000000000e+01 1.006997193911308486e+00 2.899952380819236231e-01 4.318324155058848868e-02 4.318324155058848868e-02
-1.525000000000000000e+01 9.992776439471137140e-01 2.789496677463620400e-01 4.878198898607061934e-02 4.878198898607061934e-02
-1.475000000000000000e+01 9.936878524484064057e-01 2.721097956448770283e-01 5.468502321563546015e-02 5.468502321563546015e-02
-1.425000000000000000e+01 1.003787713972447815e+00 2.951115639669493196e-01 4.720850880034553609e-02 4.720850880034553609e-02
