2.166666666666666741e-02 1.633341666666666606e+04
4.454545454545454780e-02 1.751683545454545310e+04
6.211111111111110999e-02 1.877909955555555644e+04
8.302469135802469091e-02 1.194843086419752944e+04
1.001960784313725428e-01 8.846897254901961787e+03
1.238590604026845732e-01 6.257362818791946665e+03
1.404228855721393054e-01 5.005872935323382990e+03
1.630075187969924899e-01 5.041439511278194914e+03
1.808858858858858887e-01 3.696095885885885764e+03
2.036394557823129059e-01 2.614999614512471908e+03
2.190557939914163088e-01 2.073168648068669427e+03
2.426502732240437277e-01 1.194283744990892728e+03
2.596589259796807103e-01 1.617615451378809894e+03
2.811171662125340753e-01 1.610772765667574959e+03
3.008784530386739986e-01 1.620077149171270776e+03
3.206315289648623001e-01 1.504396600189933679e+03
3.399619047619047429e-01 7.175115419047618843e+02
3.619689737470166979e-01 5.934739785202863231e+02
3.799070887818307152e-01 8.022009270474878804e+02
4.013341804320203487e-01 9.082423665819568441e+02
4.195595854922279933e-01 7.978642682786414753e+02
4.407771883289124948e-01 6.352429267904508379e+02
4.600780487804878027e-01 7.932269965853657823e+02
4.807973648341663520e-01 9.595228450704225907e+02
5.009150981177412643e-01 5.627804639567480081e+02
5.204555984555984116e-01 2.605450886100386469e+02
5.419053527118044000e-01 2.665960896845090247e+02
5.606541598694942952e-01 4.789863491027733176e+02
5.706576338400528581e-01 7.279922167878386290e+02
