2.166666666666666741e-02 3.170059649999999965e+04
4.454545454545454780e-02 1.832287136363636455e+04
6.211111111111110999e-02 1.344717044444444218e+04
8.302469135802469091e-02 9.327971975308641049e+03
1.001960784313725428e-01 6.838058725490195684e+03
1.238590604026845732e-01 5.249968456375839196e+03
1.404228855721393054e-01 4.380885671641791305e+03
1.630075187969924899e-01 3.636411353383458845e+03
1.808858858858858887e-01 2.981196036036036276e+03
2.036394557823129059e-01 2.388904716553287926e+03
2.190557939914163088e-01 2.004367274678111698e+03
2.426502732240437277e-01 1.667392732240437454e+03
2.596589259796807103e-01 1.607818795355588009e+03
2.811171662125340753e-01 1.556252765667574977e+03
3.008784530386739986e-01 1.433182961325966971e+03
3.206315289648623001e-01 1.300564710351377244e+03
3.399619047619047429e-01 1.191724438095237929e+03
3.619689737470166979e-01 1.064047684964200471e+03
3.799070887818307152e-01 1.061553991741225218e+03
4.013341804320203487e-01 1.019197683608640318e+03
4.195595854922279933e-01 8.662660748416810748e+02
4.407771883289124948e-01 8.691362997347481496e+02
4.600780487804878027e-01 8.320834165853657396e+02
4.807973648341663520e-01 7.792735188550659586e+02
5.009150981177412643e-01 7.937612318782539660e+02
5.204555984555984116e-01 7.419787602316602033e+02
5.419053527118044000e-01 6.488804682736617906e+02
5.606541598694942952e-01 5.804887676998367851e+02
5.706576338400528581e-01 5.702926325181757647e+02
