2.166666666666666741e-02 7.981759533333332911e+03
4.454545454545454780e-02 9.705948636363635160e+03
6.211111111111110999e-02 9.823993999999998778e+03
8.302469135802469091e-02 6.918853827160493893e+03
1.001960784313725428e-01 5.271578333333332921e+03
1.238590604026845732e-01 4.065434295302013197e+03
1.404228855721393054e-01 3.157510248756218516e+03
1.630075187969924899e-01 2.568570563909774592e+03
1.808858858858858887e-01 2.252118708708708709e+03
2.036394557823129059e-01 1.815638027210884275e+03
2.190557939914163088e-01 1.502673068669527993e+03
2.426502732240437277e-01 1.237420182149362290e+03
2.596589259796807103e-01 1.176652423802612475e+03
2.811171662125340753e-01 1.066802452316076369e+03
3.008784530386739986e-01 1.016107093922651984e+03
3.206315289648623001e-01 9.528027863247863252e+02
3.399619047619047429e-01 8.561980485714286715e+02
3.619689737470166979e-01 7.748346133651550645e+02
3.799070887818307152e-01 7.615042181693048633e+02
4.013341804320203487e-01 6.935116493011435068e+02
4.195595854922279933e-01 5.956908065630397004e+02
4.407771883289124948e-01 5.822046673740052256e+02
4.600780487804878027e-01 5.528421043902438896e+02
4.807973648341663520e-01 5.133321181281236250e+02
5.009150981177412643e-01 4.813572346816179106e+02
5.204555984555984116e-01 4.575060050193049506e+02
5.419053527118044000e-01 4.441021715703650443e+02
5.606541598694942952e-01 4.135139719412724162e+02
5.706576338400528581e-01 3.987953337739591007e+02
