-2.375000000000000000e+01 1.959411275885883708e+00 5.829903119513012433e-01 4.535147392290249357e-06 4.535147392290249357e-06
-2.325000000000000000e+01 1.724184053387270321e+00 5.476442841973556686e-01 1.835654896879386648e-05 1.835654896879386648e-05
-2.275000000000000000e+01 1.573850420291784236e+00 4.172223493480637924e-01 6.737933268545513233e-05 6.737933268545513233e-05
-2.225000000000000000e+01 1.381764710531304230e+00 3.992820166571521279e-01 1.844293272864701478e-04 1.844293272864701478e-04
-2.175000000000000000e+01 1.262785817106630626e+00 3.839072343754852956e-01 4.932512687614728185e-04 4.932512687614728185e-04
-2.125000000000000000e+01 1.157326599856206339e+00 3.512026092874469541e-01 1.027318864053558024e-03 1.027318864053558024e-03
-2.075000000000000000e+01 1.090953162312882752e+00 3.297440193576939849e-01 2.453082820429759378e-03 2.453082820429759378e-03
-2.025000000000000000e+01 1.075271465765863077e+00 3.348238199110111779e-01 5.056905301803260762e-03 5.056905301803260762e-03
-1.975000000000000000e+01 1.070436327242438201e+00 3.370505073619352587e-01 7.785552316164560949e-03 7.785552316164560949e-03
-1.925000000000000000e+01 1.055830151683500251e+00 3.330249020082592937e-01 1.129640427599611259e-02 1.129640427599611259e-02
-1.875000000000000000e+01 1.037278091261782054e+00 3.129481936551817833e-01 1.609372637944066556e-02 1.609372637944066556e-02
-1.825000000000000000e+01 1.030663442516018158e+00 3.126804390955743029e-01 2.057725947521866008e-02 2.057725947521866008e-02
-1.775000000000000000e+01 1.029877926841460178e+00 3.146229746206026801e-01 2.333916423712342064e-02 2.333916423712342064e-02
