2.166666666666666741e-02 1.393498333333333176e+04
4.454545454545454780e-02 1.664710000000000218e+04
6.211111111111110999e-02 1.874490666666666948e+04
8.302469135802469091e-02 1.204430888888888876e+04
1.001960784313725428e-01 7.671738627450979038e+03
1.238590604026845732e-01 6.537453959731543364e+03
1.404228855721393054e-01 5.669783731343283762e+03
1.630075187969924899e-01 4.502047932330827280e+03
1.808858858858858887e-01 3.724499879879879700e+03
2.036394557823129059e-01 3.098935895691609858e+03
2.190557939914163088e-01 2.452470300429184590e+03
2.426502732240437277e-01 2.048692367941712291e+03
2.596589259796807103e-01 2.081209274310594992e+03
2.811171662125340753e-01 1.751861675749318692e+03
3.008784530386739986e-01 1.777583823204419787e+03
3.206315289648623001e-01 1.706458898385565135e+03
3.399619047619047429e-01 1.545362980952380894e+03
3.619689737470166979e-01 1.518905322195703775e+03
3.799070887818307152e-01 1.486722670337233239e+03
4.013341804320203487e-01 1.361714745870394154e+03
4.195595854922279933e-01 1.132357970063327684e+03
4.407771883289124948e-01 1.087006446684350067e+03
4.600780487804878027e-01 1.011283855121951206e+03
4.807973648341663520e-01 9.081835924579737593e+02
5.009150981177412643e-01 9.537900909090908499e+02
5.204555984555984116e-01 9.426138111969112288e+02
5.419053527118044000e-01 8.394088628146046176e+02
5.606541598694942952e-01 6.864627190864600834e+02
5.706576338400528581e-01 5.838152134831460671e+02
