2.166666666666666741e-02 8.394807533333334504e+03
4.454545454545454780e-02 9.999700454545454704e+03
6.211111111111110999e-02 9.945075777777778057e+03
8.302469135802469091e-02 6.949553827160493711e+03
1.001960784313725428e-01 5.344435196078430636e+03
1.238590604026845732e-01 4.048040604026845813e+03
1.404228855721393054e-01 3.146650845771144759e+03
1.630075187969924899e-01 2.707605112781954631e+03
1.808858858858858887e-01 2.318042462462462481e+03
2.036394557823129059e-01 1.820450680272108912e+03
2.190557939914163088e-01 1.555024978540772508e+03
2.426502732240437277e-01 1.273674699453551739e+03
2.596589259796807103e-01 1.213289753265602258e+03
2.811171662125340753e-01 1.124481893732969866e+03
3.008784530386739986e-01 1.069465182320441954e+03
3.206315289648623001e-01 9.724291832858499447e+02
3.399619047619047429e-01 8.411371838095238900e+02
3.619689737470166979e-01 7.585226133651551663e+02
3.799070887818307152e-01 7.529824721266346614e+02
4.013341804320203487e-01 6.894335209656925372e+02
4.195595854922279933e-01 5.876700092112838547e+02
4.407771883289124948e-01 5.647080392572944447e+02
4.600780487804878027e-01 5.368431082926829276e+02
4.807973648341663520e-01 5.039517428441616858e+02
5.009150981177412643e-01 4.782320200240287704e+02
5.204555984555984116e-01 4.603276972972973340e+02
5.419053527118044000e-01 4.406468082240340323e+02
5.606541598694942952e-01 4.026650567699836643e+02
5.706576338400528581e-01 3.864092260409781829e+02
