2.166666666666666741e-02 1.449648333333333430e+05
4.454545454545454780e-02 5.759018636363637052e+04
6.211111111111110999e-02 2.097482439111110943e+04
8.302469135802469091e-02 1.212590799506172698e+04
1.001960784313725428e-01 -1.155061225490196011e+04
1.238590604026845732e-01 2.345560536912751559e+04
1.404228855721393054e-01 2.833615646766168720e+04
1.630075187969924899e-01 3.792451691729323557e+03
1.808858858858858887e-01 1.968567537537537646e+04
2.036394557823129059e-01 1.731404208616780306e+04
2.190557939914163088e-01 9.589556995708153408e+03
2.426502732240437277e-01 2.380951438979963132e+04
2.596589259796807103e-01 2.305712960812772144e+04
2.811171662125340753e-01 1.522073188010899139e+04
3.008784530386739986e-01 8.690447049723758028e+03
3.206315289648623001e-01 7.050678328584996052e+03
3.399619047619047429e-01 8.156166809523810116e+03
3.619689737470166979e-01 1.151112183770883166e+04
3.799070887818307152e-01 9.940224156916725406e+03
4.013341804320203487e-01 6.114195108005082147e+03
4.195595854922279933e-01 1.214481784686240462e+04
4.407771883289124948e-01 2.113334843501326031e+04
4.600780487804878027e-01 2.274893600000000151e+04
4.807973648341663520e-01 1.766688441617446733e+04
5.009150981177412643e-01 6.951658750500600036e+03
5.204555984555984116e-01 3.427222092664092088e+03
5.419053527118044000e-01 7.359332469337114162e+03
5.606541598694942952e-01 9.653791979119085227e+03
5.706576338400528581e-01 1.138351833443489704e+04
