2.166666666666666741e-02 1.828708050000000003e+04
4.454545454545454780e-02 1.424352454545454748e+04
6.211111111111110999e-02 1.279076977777777756e+04
8.302469135802469091e-02 8.885921358024690562e+03
1.001960784313725428e-01 6.868412058823530060e+03
1.238590604026845732e-01 5.396892885906040647e+03
1.404228855721393054e-01 4.044861442786070256e+03
1.630075187969924899e-01 3.457083458646616236e+03
1.808858858858858887e-01 3.145574924924924744e+03
2.036394557823129059e-01 2.527220090702947800e+03
2.190557939914163088e-01 2.134485643776823963e+03
2.426502732240437277e-01 1.818461293260473667e+03
2.596589259796807103e-01 1.718936792452830105e+03
2.811171662125340753e-01 1.487788760217983963e+03
3.008784530386739986e-01 1.391274585635359017e+03
3.206315289648623001e-01 1.323692706552706568e+03
3.399619047619047429e-01 1.182703485714285534e+03
3.619689737470166979e-01 1.084652505966587114e+03
3.799070887818307152e-01 1.073589050240881079e+03
4.013341804320203487e-01 1.004839808132147368e+03
4.195595854922279933e-01 8.748009119170983467e+02
4.407771883289124948e-01 8.696340026525198255e+02
4.600780487804878027e-01 8.292351063414635064e+02
4.807973648341663520e-01 7.493754298046342228e+02
5.009150981177412643e-01 7.101881037244693289e+02
5.204555984555984116e-01 6.808678166023165659e+02
5.419053527118044000e-01 6.509059588798298819e+02
5.606541598694942952e-01 6.009965353996738031e+02
5.706576338400528581e-01 5.810432604097818512e+02
