-2.375000000000000000e+01 1.688568200703779887e+00 4.353296605513646833e-01 3.692905733722060202e-05 3.692905733722060202e-05
-2.325000000000000000e+01 1.473586855604724688e+00 4.225251877913976939e-01 1.239606953892668118e-04 1.239606953892668118e-04
-2.275000000000000000e+01 1.306425108694733384e+00 3.757711206475312093e-01 3.377605010258071514e-04 3.377605010258071514e-04
-2.225000000000000000e+01 1.216202956630325627e+00 3.874028789407047979e-01 6.956052262174711523e-04 6.956052262174711523e-04
-2.175000000000000000e+01 1.131285624947240498e+00 3.646152118634334305e-01 1.644962747003563420e-03 1.644962747003563420e-03
-2.125000000000000000e+01 1.101589748839562732e+00 3.589452920286749782e-01 3.532879818594104448e-03 3.532879818594104448e-03
-2.075000000000000000e+01 1.091192174179266727e+00 3.625471656493308714e-01 5.483641075477809802e-03 5.483641075477809802e-03
-2.025000000000000000e+01 1.079564269830529222e+00 3.494245817396833820e-01 7.228808983911024465e-03 7.228808983911024465e-03
-1.975000000000000000e+01 1.067878869680470855e+00 3.507943056325966147e-01 9.514739229024942596e-03 9.514739229024942596e-03
-1.925000000000000000e+01 1.046091862238281101e+00 3.266426311599572307e-01 1.300226757369614579e-02 1.300226757369614579e-02
-1.875000000000000000e+01 1.033719762905549455e+00 3.144989339403436723e-01 1.771903682107763695e-02 1.771903682107763695e-02
-1.825000000000000000e+01 1.031957504146746363e+00 3.194887299660787994e-01 2.112342079689018617e-02 2.112342079689018617e-02
-1.775000000000000000e+01 1.031491595511644377e+00 3.189758877269921467e-01 2.379224705755317998e-02 2.379224705755317998e-02
