2.166666666666666741e-02 9.290622916666667152e+03
4.454545454545454780e-02 9.768213636363636397e+03
6.211111111111110999e-02 9.715886666666667224e+03
8.302469135802469091e-02 6.792110617283949978e+03
1.001960784313725428e-01 5.022307941176471104e+03
1.238590604026845732e-01 3.889674697986577485e+03
1.404228855721393054e-01 3.023216417910447944e+03
1.630075187969924899e-01 2.487625526315789557e+03
1.808858858858858887e-01 2.160018888888888796e+03
2.036394557823129059e-01 1.701394807256236163e+03
2.190557939914163088e-01 1.427508755364806802e+03
2.426502732240437277e-01 1.154093788706739588e+03
2.596589259796807103e-01 1.104636661828737260e+03
2.811171662125340753e-01 1.017151553133514994e+03
3.008784530386739986e-01 9.568086762430938279e+02
3.206315289648623001e-01 8.864631718898385770e+02
3.399619047619047429e-01 7.809296295238095809e+02
3.619689737470166979e-01 6.937077064439141623e+02
3.799070887818307152e-01 6.806466015141087382e+02
4.013341804320203487e-01 6.217465527318931890e+02
4.195595854922279933e-01 5.360679735175590395e+02
4.407771883289124948e-01 5.231644281167109511e+02
4.600780487804878027e-01 4.974181409756097878e+02
4.807973648341663520e-01 4.692777546569740821e+02
5.009150981177412643e-01 4.385347096515818635e+02
5.204555984555984116e-01 4.107714687258687718e+02
5.419053527118044000e-01 3.941602190712512765e+02
5.606541598694942952e-01 3.632718075040783106e+02
5.706576338400528581e-01 3.476804745538665316e+02
