2.166666666666666741e-02 6.775126383333332342e+03
4.454545454545454780e-02 9.184411363636363603e+03
6.211111111111110999e-02 9.693954222222220778e+03
8.302469135802469091e-02 6.890137407407407409e+03
1.001960784313725428e-01 5.276384607843137019e+03
1.238590604026845732e-01 4.211567919463087492e+03
1.404228855721393054e-01 3.327819253731342997e+03
1.630075187969924899e-01 2.776396654135338395e+03
1.808858858858858887e-01 2.318145825825825796e+03
2.036394557823129059e-01 1.872468616780045522e+03
2.190557939914163088e-01 1.629026351931330510e+03
2.426502732240437277e-01 1.323220874316939899e+03
2.596589259796807103e-01 1.243569695210449936e+03
2.811171662125340753e-01 1.145057833787466052e+03
3.008784530386739986e-01 1.096553513812154733e+03
3.206315289648623001e-01 1.004493913580246954e+03
3.399619047619047429e-01 9.182443390476190643e+02
3.619689737470166979e-01 8.488109570405727027e+02
3.799070887818307152e-01 8.291183041982103532e+02
4.013341804320203487e-01 7.609922681067345138e+02
4.195595854922279933e-01 6.509190201496833197e+02
4.407771883289124948e-01 6.307194270557030222e+02
4.600780487804878027e-01 5.857246668292683580e+02
4.807973648341663520e-01 5.327983966378919831e+02
5.009150981177412643e-01 5.164624573488185888e+02
5.204555984555984116e-01 4.902266274131274599e+02
5.419053527118044000e-01 4.782408383551932047e+02
5.606541598694942952e-01 4.450886831973899120e+02
5.706576338400528581e-01 4.187472214144085001e+02
