2.166666666666666741e-02 8.069386766666667427e+03
4.454545454545454780e-02 9.403281818181818380e+03
6.211111111111110999e-02 9.156607555555554427e+03
8.302469135802469091e-02 6.274244074074073978e+03
1.001960784313725428e-01 4.891863725490195975e+03
1.238590604026845732e-01 3.801566778523489575e+03
1.404228855721393054e-01 2.915794776119403195e+03
1.630075187969924899e-01 2.455849887218044842e+03
1.808858858858858887e-01 2.126940300300300351e+03
2.036394557823129059e-01 1.646848979591836724e+03
2.190557939914163088e-01 1.397218326180257463e+03
2.426502732240437277e-01 1.186946338797814178e+03
2.596589259796807103e-01 1.093567910014513927e+03
2.811171662125340753e-01 9.770224141689374164e+02
3.008784530386739986e-01 9.235885635359115895e+02
3.206315289648623001e-01 8.681598917378917122e+02
3.399619047619047429e-01 7.846571542857143413e+02
3.619689737470166979e-01 7.110346968973747153e+02
3.799070887818307152e-01 6.945138341362696792e+02
4.013341804320203487e-01 6.342452554002541092e+02
4.195595854922279933e-01 5.496067766263672638e+02
4.407771883289124948e-01 5.273397676392572748e+02
4.600780487804878027e-01 4.966472370731707429e+02
4.807973648341663520e-01 4.541763716492504273e+02
5.009150981177412643e-01 4.309305690828994102e+02
5.204555984555984116e-01 4.124028513513512735e+02
5.419053527118044000e-01 3.904145558312655453e+02
5.606541598694942952e-01 3.638826313213702974e+02
5.706576338400528581e-01 3.540641090548579086e+02
