2.166666666666666741e-02 8.646439283333333151e+03
4.454545454545454780e-02 1.008047954545454559e+04
6.211111111111110999e-02 1.007823977777777691e+04
8.302469135802469091e-02 7.287748271604938054e+03
1.001960784313725428e-01 5.551334117647058520e+03
1.238590604026845732e-01 4.268122080536912108e+03
1.404228855721393054e-01 3.397190547263681310e+03
1.630075187969924899e-01 2.826240112781954849e+03
1.808858858858858887e-01 2.418170480480480364e+03
2.036394557823129059e-01 1.918918594104308113e+03
2.190557939914163088e-01 1.622310579399141488e+03
2.426502732240437277e-01 1.342133096539162125e+03
2.596589259796807103e-01 1.288654383164005594e+03
2.811171662125340753e-01 1.179922438692098012e+03
3.008784530386739986e-01 1.121686143646408709e+03
3.206315289648623001e-01 1.031064709401709479e+03
3.399619047619047429e-01 9.161276428571427459e+02
3.619689737470166979e-01 8.237379045346062867e+02
3.799070887818307152e-01 8.022085884377149796e+02
4.013341804320203487e-01 7.459697465057179215e+02
4.195595854922279933e-01 6.445313770869315704e+02
4.407771883289124948e-01 6.103879209549071447e+02
4.600780487804878027e-01 5.799360453658536017e+02
4.807973648341663520e-01 5.416471849159473777e+02
5.009150981177412643e-01 5.193235810973168327e+02
5.204555984555984116e-01 4.999343776061775770e+02
5.419053527118044000e-01 4.691492577100318613e+02
5.606541598694942952e-01 4.305007556280586982e+02
5.706576338400528581e-01 4.139487957699933531e+02
