2.166666666666666741e-02 1.425377483333333475e+04
4.454545454545454780e-02 1.324506636363636244e+04
6.211111111111110999e-02 1.288111911111111112e+04
8.302469135802469091e-02 9.139646172839507926e+03
1.001960784313725428e-01 6.585474607843137164e+03
1.238590604026845732e-01 4.924503020134227881e+03
1.404228855721393054e-01 3.873080995024875847e+03
1.630075187969924899e-01 3.267233383458647040e+03
1.808858858858858887e-01 2.989580900900901270e+03
2.036394557823129059e-01 2.422970068027210800e+03
2.190557939914163088e-01 2.015230600858368916e+03
2.426502732240437277e-01 1.682643315118397368e+03
2.596589259796807103e-01 1.615136516690856752e+03
2.811171662125340753e-01 1.456091784741144465e+03
3.008784530386739986e-01 1.339338243093922756e+03
3.206315289648623001e-01 1.262762687559354390e+03
3.399619047619047429e-01 1.133133866666666563e+03
3.619689737470166979e-01 1.012256071599045299e+03
3.799070887818307152e-01 9.954628575361321055e+02
4.013341804320203487e-01 9.217288545108006019e+02
4.195595854922279933e-01 8.010470472078296780e+02
4.407771883289124948e-01 8.125220000000001619e+02
4.600780487804878027e-01 7.695657434146341984e+02
4.807973648341663520e-01 6.966112857791912347e+02
5.009150981177412643e-01 6.850625326391669887e+02
5.204555984555984116e-01 6.509091513513513974e+02
5.419053527118044000e-01 6.013142708259481424e+02
5.606541598694942952e-01 5.543426698205546472e+02
5.706576338400528581e-01 5.359589391936549418e+02
