2.166666666666666741e-02 4.108600833333333139e+04
4.454545454545454780e-02 2.005968409090909336e+04
6.211111111111110999e-02 1.367335888888888985e+04
8.302469135802469091e-02 9.716821851851853353e+03
1.001960784313725428e-01 7.040969901960783318e+03
1.238590604026845732e-01 6.014014765100670957e+03
1.404228855721393054e-01 4.533829253731343670e+03
1.630075187969924899e-01 3.427687744360901888e+03
1.808858858858858887e-01 3.020333393393393635e+03
2.036394557823129059e-01 2.500174943310657454e+03
2.190557939914163088e-01 2.098305450643776567e+03
2.426502732240437277e-01 1.589803041894353100e+03
2.596589259796807103e-01 1.562112351233672143e+03
2.811171662125340753e-01 1.410303024523160730e+03
3.008784530386739986e-01 1.369831524861878279e+03
3.206315289648623001e-01 1.457158195631528770e+03
3.399619047619047429e-01 1.375585790476190596e+03
3.619689737470166979e-01 1.210034988066825690e+03
3.799070887818307152e-01 1.162931156228492910e+03
4.013341804320203487e-01 9.766747592121981825e+02
4.195595854922279933e-01 7.672146764536556702e+02
4.407771883289124948e-01 7.840034620689655185e+02
4.600780487804878027e-01 7.885203824390243881e+02
4.807973648341663520e-01 7.224745633802816656e+02
5.009150981177412643e-01 7.575724281137365779e+02
5.204555984555984116e-01 7.761649277992278257e+02
5.419053527118044000e-01 6.803931293867423165e+02
5.606541598694942952e-01 6.085709575856443507e+02
5.706576338400528581e-01 5.924800799735625105e+02
