2.166666666666666741e-02 1.093162333333333481e+04
4.454545454545454780e-02 1.148047181818181889e+04
6.211111111111110999e-02 1.147595066666666753e+04
8.302469135802469091e-02 8.012521111111110258e+03
1.001960784313725428e-01 6.048486764705882706e+03
1.238590604026845732e-01 4.862246979865772119e+03
1.404228855721393054e-01 3.780648159203980413e+03
1.630075187969924899e-01 3.248578421052632166e+03
1.808858858858858887e-01 2.853127027027026998e+03
2.036394557823129059e-01 2.147985487528344493e+03
2.190557939914163088e-01 1.840651824034334822e+03
2.426502732240437277e-01 1.548230728597450025e+03
2.596589259796807103e-01 1.435190058055152349e+03
2.811171662125340753e-01 1.338117779291553006e+03
3.008784530386739986e-01 1.274783491712707246e+03
3.206315289648623001e-01 1.144525764482430986e+03
3.399619047619047429e-01 1.042608323809523881e+03
3.619689737470166979e-01 9.813932171837708438e+02
3.799070887818307152e-01 9.370377660013765535e+02
4.013341804320203487e-01 8.563746905972044487e+02
4.195595854922279933e-01 7.439303978123200523e+02
4.407771883289124948e-01 7.302497496021220513e+02
4.600780487804878027e-01 6.927610282926829086e+02
4.807973648341663520e-01 6.353290404361653145e+02
5.009150981177412643e-01 6.080046756107328747e+02
5.204555984555984116e-01 5.931046038610038522e+02
5.419053527118044000e-01 5.736853559021623141e+02
5.606541598694942952e-01 5.317421732463294575e+02
5.706576338400528581e-01 5.172059887640449460e+02
