2.166666666666666741e-02 4.023940683333333436e+04
4.454545454545454780e-02 1.839567181818181780e+04
6.211111111111110999e-02 1.168081955555555578e+04
8.302469135802469091e-02 9.274059012345678639e+03
1.001960784313725428e-01 6.662414019607843329e+03
1.238590604026845732e-01 5.486164362416106997e+03
1.404228855721393054e-01 4.285963482587064391e+03
1.630075187969924899e-01 3.231571052631578823e+03
1.808858858858858887e-01 2.905024384384384575e+03
2.036394557823129059e-01 2.490754739229025290e+03
2.190557939914163088e-01 2.029787854077253087e+03
2.426502732240437277e-01 1.628443897996357009e+03
2.596589259796807103e-01 1.590281015965166716e+03
2.811171662125340753e-01 1.401379468664850265e+03
3.008784530386739986e-01 1.386421469613259887e+03
3.206315289648623001e-01 1.362557302943969717e+03
3.399619047619047429e-01 1.245007723809523895e+03
3.619689737470166979e-01 1.108384940334128942e+03
3.799070887818307152e-01 1.067188231245698489e+03
4.013341804320203487e-01 9.282255851334180079e+02
4.195595854922279933e-01 8.059511773172134781e+02
4.407771883289124948e-01 7.805005156498674523e+02
4.600780487804878027e-01 7.392988536585365864e+02
4.807973648341663520e-01 6.922692421626534269e+02
5.009150981177412643e-01 6.912405871045255026e+02
5.204555984555984116e-01 6.677764247104246351e+02
5.419053527118044000e-01 6.329938440269407920e+02
5.606541598694942952e-01 6.086833970636215554e+02
5.706576338400528581e-01 5.785842775941838454e+02
