2.166666666666666741e-02 7.815654950000000099e+03
4.454545454545454780e-02 9.242270909090908390e+03
6.211111111111110999e-02 9.050944666666666308e+03
8.302469135802469091e-02 6.280441728395060636e+03
1.001960784313725428e-01 4.939238333333333685e+03
1.238590604026845732e-01 3.817675234899328643e+03
1.404228855721393054e-01 2.954188606965174131e+03
1.630075187969924899e-01 2.442610451127819488e+03
1.808858858858858887e-01 2.102036606606606256e+03
2.036394557823129059e-01 1.641144240362811843e+03
2.190557939914163088e-01 1.382271051502146065e+03
2.426502732240437277e-01 1.174410091074681304e+03
2.596589259796807103e-01 1.100921828737300530e+03
2.811171662125340753e-01 9.838105653950955229e+02
3.008784530386739986e-01 9.130004011049722976e+02
3.206315289648623001e-01 8.582026657169990358e+02
3.399619047619047429e-01 7.770644790476189883e+02
3.619689737470166979e-01 7.027124486873508431e+02
3.799070887818307152e-01 6.878646132140399914e+02
4.013341804320203487e-01 6.302832242693774560e+02
4.195595854922279933e-01 5.475851099597006169e+02
4.407771883289124948e-01 5.316965124668435010e+02
4.600780487804878027e-01 4.959234102439024241e+02
4.807973648341663520e-01 4.527343066787823886e+02
5.009150981177412643e-01 4.339742647176611285e+02
5.204555984555984116e-01 4.129756795366795359e+02
5.419053527118044000e-01 3.916279613612194339e+02
5.606541598694942952e-01 3.636314884176183000e+02
5.706576338400528581e-01 3.508281083939193650e+02
