2.166666666666666741e-02 1.041588333333333285e+05
4.454545454545454780e-02 4.745080409090909234e+04
6.211111111111110999e-02 3.084490866666666261e+04
8.302469135802469091e-02 2.122898641975308419e+04
1.001960784313725428e-01 1.232836274509803843e+04
1.238590604026845732e-01 9.648197986577180927e+03
1.404228855721393054e-01 1.055112537313432949e+04
1.630075187969924899e-01 9.442419473684210971e+03
1.808858858858858887e-01 7.116533393393393453e+03
2.036394557823129059e-01 5.595052426303855100e+03
2.190557939914163088e-01 4.943055386266094501e+03
2.426502732240437277e-01 3.372169052823315269e+03
2.596589259796807103e-01 3.153336560232221018e+03
2.811171662125340753e-01 4.099505040871935307e+03
3.008784530386739986e-01 3.936713911602209919e+03
3.206315289648623001e-01 3.233586628679961905e+03
3.399619047619047429e-01 2.913792847619047279e+03
3.619689737470166979e-01 2.867510047732696876e+03
3.799070887818307152e-01 2.815329972470750363e+03
4.013341804320203487e-01 2.774992280813214620e+03
4.195595854922279933e-01 2.677576879677604666e+03
4.407771883289124948e-01 2.047336286472148686e+03
4.600780487804878027e-01 1.783444478048780411e+03
4.807973648341663520e-01 1.818637055883689072e+03
5.009150981177412643e-01 1.708697084501401832e+03
5.204555984555984116e-01 2.040806216216216171e+03
5.419053527118044000e-01 2.124122906770648569e+03
5.606541598694942952e-01 2.052192593800978557e+03
5.706576338400528581e-01 2.200130508922670288e+03
