2.166666666666666741e-02 7.335398333333333539e+03
4.454545454545454780e-02 8.938486363636364331e+03
6.211111111111110999e-02 8.538660222222222728e+03
8.302469135802469091e-02 6.029026049382715428e+03
1.001960784313725428e-01 4.888962450980392532e+03
1.238590604026845732e-01 3.693164697986577266e+03
1.404228855721393054e-01 2.842218606965174331e+03
1.630075187969924899e-01 2.371003834586466382e+03
1.808858858858858887e-01 1.951249369369369560e+03
2.036394557823129059e-01 1.551476167800453595e+03
2.190557939914163088e-01 1.361866609442060053e+03
2.426502732240437277e-01 1.112013642987249568e+03
2.596589259796807103e-01 1.027173933236574612e+03
2.811171662125340753e-01 8.993094972752045351e+02
3.008784530386739986e-01 8.525651701657459398e+02
3.206315289648623001e-01 8.159293542260209051e+02
3.399619047619047429e-01 7.277503009523809396e+02
3.619689737470166979e-01 6.398572553699284526e+02
3.799070887818307152e-01 6.282298823124569935e+02
4.013341804320203487e-01 5.779587433290978424e+02
4.195595854922279933e-01 4.917327938975244592e+02
4.407771883289124948e-01 4.652595931034482533e+02
4.600780487804878027e-01 4.490901995121951131e+02
4.807973648341663520e-01 4.203807087687414423e+02
5.009150981177412643e-01 3.892824857829394887e+02
5.204555984555984116e-01 3.704521613899613612e+02
5.419053527118044000e-01 3.446592864232541160e+02
5.606541598694942952e-01 3.149898029363784531e+02
5.706576338400528581e-01 3.060420290812954249e+02
