2.166666666666666741e-02 8.467807616666666945e+03
4.454545454545454780e-02 1.035223272727272706e+04
6.211111111111110999e-02 1.040731466666666529e+04
8.302469135802469091e-02 7.316513086419753563e+03
1.001960784313725428e-01 5.600711666666667043e+03
1.238590604026845732e-01 4.344998590604027413e+03
1.404228855721393054e-01 3.302685024875621821e+03
1.630075187969924899e-01 2.737231879699247656e+03
1.808858858858858887e-01 2.330166336336336371e+03
2.036394557823129059e-01 1.906571360544217669e+03
2.190557939914163088e-01 1.665786244635192816e+03
2.426502732240437277e-01 1.348191511839708483e+03
2.596589259796807103e-01 1.286369361393323743e+03
2.811171662125340753e-01 1.169894822888283215e+03
3.008784530386739986e-01 1.112312342541436465e+03
3.206315289648623001e-01 1.020540778727445286e+03
3.399619047619047429e-01 9.200322638095238972e+02
3.619689737470166979e-01 8.505588138424820954e+02
3.799070887818307152e-01 8.234999263592568468e+02
4.013341804320203487e-01 7.461089980940280384e+02
4.195595854922279933e-01 6.376868405296487481e+02
4.407771883289124948e-01 6.319090175066312440e+02
4.600780487804878027e-01 6.018339024390243139e+02
4.807973648341663520e-01 5.510036792367105818e+02
5.009150981177412643e-01 5.263048265919103414e+02
5.204555984555984116e-01 4.956537505791506533e+02
5.419053527118044000e-01 4.793350833037929988e+02
5.606541598694942952e-01 4.479106515497552436e+02
5.706576338400528581e-01 4.258729907468605234e+02
