2.166666666666666741e-02 8.475651166666666541e+03
4.454545454545454780e-02 9.894450909090910500e+03
6.211111111111110999e-02 1.182694933333333211e+04
8.302469135802469091e-02 8.537516049382717028e+03
1.001960784313725428e-01 6.221643137254903195e+03
1.238590604026845732e-01 5.025441610738254894e+03
1.404228855721393054e-01 3.890901840796019769e+03
1.630075187969924899e-01 3.328084774436090356e+03
1.808858858858858887e-01 2.931468948948949219e+03
2.036394557823129059e-01 2.247796666666666624e+03
2.190557939914163088e-01 1.901301523605149896e+03
2.426502732240437277e-01 1.521057668488160289e+03
2.596589259796807103e-01 1.483822104499274246e+03
2.811171662125340753e-01 1.442359999999999900e+03
3.008784530386739986e-01 1.335220519337016640e+03
3.206315289648623001e-01 1.217527606837606754e+03
3.399619047619047429e-01 1.101805571428571284e+03
3.619689737470166979e-01 1.010217508353222001e+03
3.799070887818307152e-01 9.888656971782519349e+02
4.013341804320203487e-01 9.116700114358324072e+02
4.195595854922279933e-01 7.896912078295912352e+02
4.407771883289124948e-01 7.378944885941644998e+02
4.600780487804878027e-01 6.955471404878048816e+02
4.807973648341663520e-01 6.515334079963653267e+02
5.009150981177412643e-01 6.327185995194232646e+02
5.204555984555984116e-01 6.302416355212355938e+02
5.419053527118044000e-01 6.166324002126906407e+02
5.606541598694942952e-01 5.637129295269168097e+02
5.706576338400528581e-01 5.265111731658954568e+02
