2.166666666666666741e-02 2.661409533333333093e+04
4.454545454545454780e-02 1.564246272727272662e+04
6.211111111111110999e-02 1.185358622222222402e+04
8.302469135802469091e-02 8.787530987654321507e+03
1.001960784313725428e-01 6.860811274509804207e+03
1.238590604026845732e-01 5.142168724832215048e+03
1.404228855721393054e-01 4.027071243781094836e+03
1.630075187969924899e-01 3.312299248120300945e+03
1.808858858858858887e-01 2.878079759759759781e+03
2.036394557823129059e-01 2.369417210884353608e+03
2.190557939914163088e-01 1.895212489270385959e+03
2.426502732240437277e-01 1.531566903460837921e+03
2.596589259796807103e-01 1.476857968069666185e+03
2.811171662125340753e-01 1.405846321525885514e+03
3.008784530386739986e-01 1.287305215469612904e+03
3.206315289648623001e-01 1.224697758784425332e+03
3.399619047619047429e-01 1.205185695238095150e+03
3.619689737470166979e-01 1.021322482100238744e+03
3.799070887818307152e-01 9.472782312456985210e+02
4.013341804320203487e-01 8.964650717916136955e+02
4.195595854922279933e-01 8.008575710995970667e+02
4.407771883289124948e-01 7.701431188328912185e+02
4.600780487804878027e-01 7.022027097560975335e+02
4.807973648341663520e-01 6.589901281235801207e+02
5.009150981177412643e-01 6.663486976371646051e+02
5.204555984555984116e-01 6.192574339768340224e+02
5.419053527118044000e-01 5.729191081176887792e+02
5.606541598694942952e-01 5.344889758564437443e+02
5.706576338400528581e-01 5.088795049570390461e+02
