-2.375000000000000000e+01 1.555093054569145039e+00 3.999120679713030757e-01 8.012093726379440671e-05 8.012093726379440671e-05
-2.325000000000000000e+01 1.356295713899958733e+00 3.876609929157664447e-01 2.220062628225893638e-04 2.220062628225893638e-04
-2.275000000000000000e+01 1.244415347739527222e+00 3.984727419817668537e-01 5.804988662131519176e-04 5.804988662131519176e-04
-2.225000000000000000e+01 1.141078802287658345e+00 3.531899454471834066e-01 1.387323183241550607e-03 1.387323183241550607e-03
-2.175000000000000000e+01 1.111117503217706748e+00 3.666507547527432798e-01 3.093402440341216052e-03 3.093402440341216052e-03
-2.125000000000000000e+01 1.104033505590252373e+00 3.755082845894958665e-01 4.787387971061440178e-03 4.787387971061440178e-03
-2.075000000000000000e+01 1.094345252768865073e+00 3.675831536868184868e-01 5.927869560522621914e-03 5.927869560522621914e-03
-2.025000000000000000e+01 1.080507516221570041e+00 3.600980607097736819e-01 7.227513227513227521e-03 7.227513227513227521e-03
-1.975000000000000000e+01 1.061250382785743351e+00 3.399679555129346276e-01 9.459021703919663626e-03 9.459021703919663626e-03
-1.925000000000000000e+01 1.043435666218923918e+00 3.264953136739070505e-01 1.303185401144584844e-02 1.303185401144584844e-02
-1.875000000000000000e+01 1.033315624095209939e+00 3.177250975037093639e-01 1.749011985746679737e-02 1.749011985746679737e-02
-1.825000000000000000e+01 1.033864758338075784e+00 3.217820547971640965e-01 2.049519490335816735e-02 2.049519490335816735e-02
-1.775000000000000000e+01 1.033692857186159442e+00 3.244695332626363893e-01 2.334974624770543017e-02 2.334974624770543017e-02
-1.725000000000000000e+01 1.029608608993081376e+00 3.237621111167989230e-01 2.695173307418205488e-02 2.695173307418205488e-02
-1.675000000000000000e+01 1.022689068353499486e+00 3.136610972912886597e-01 3.144390454594536005e-02 3.144390454594536005e-02
-1.625000000000000000e+01 1.013841208625851253e+00 2.996137272526022688e-01 3.690227837166612512e-02 3.690227837166612512e-02
-1.575000000000000000e+01 1.004506938701022811e+00 2.860838949554027622e-01 4.207904114026563003e-02 4.207904114026563003e-02
-1.525000000000000000e+01 9.978255875660935192e-01 2.766806012721397812e-01 4.853644314868804654e-02 4.853644314868804654e-02
-1.475000000000000000e+01 9.924506774988373081e-01 2.712739557739815566e-01 5.446798401900442704e-02 5.446798401900442704e-02
-1.425000000000000000e+01 9.959906126863466991e-01 2.790305859382400944e-01 4.946744412050534806e-02 4.946744412050534806e-02
