2.166666666666666741e-02 8.743871633333334103e+03
4.454545454545454780e-02 9.875774090909091683e+03
6.211111111111110999e-02 9.723203777777776850e+03
8.302469135802469091e-02 6.790494197530864767e+03
1.001960784313725428e-01 5.132974607843137164e+03
1.238590604026845732e-01 3.974122281879194361e+03
1.404228855721393054e-01 3.134924776119402850e+03
1.630075187969924899e-01 2.582461954887217416e+03
1.808858858858858887e-01 2.201226786786786306e+03
2.036394557823129059e-01 1.698218027210884202e+03
2.190557939914163088e-01 1.451873626609442226e+03
2.426502732240437277e-01 1.208057777777777801e+03
2.596589259796807103e-01 1.127479854862119282e+03
2.811171662125340753e-01 1.051616880108992063e+03
3.008784530386739986e-01 9.875344861878452321e+02
3.206315289648623001e-01 8.937617084520418302e+02
3.399619047619047429e-01 7.979470019047619189e+02
3.619689737470166979e-01 7.301235298329354464e+02
3.799070887818307152e-01 7.147406104611150113e+02
4.013341804320203487e-01 6.548219053367216702e+02
4.195595854922279933e-01 5.725196453655728419e+02
4.407771883289124948e-01 5.521904758620689790e+02
4.600780487804878027e-01 5.244242029268292526e+02
4.807973648341663520e-01 4.872462612448887853e+02
5.009150981177412643e-01 4.563271277533039552e+02
5.204555984555984116e-01 4.373076953667953148e+02
5.419053527118044000e-01 4.111994501949662890e+02
5.606541598694942952e-01 3.780569053833605153e+02
5.706576338400528581e-01 3.671157719762061902e+02
