2.166666666666666741e-02 -1.094410000000000000e+05
4.454545454545454780e-02 -2.820120909090908826e+05
6.211111111111110999e-02 -1.240807333333333372e+05
8.302469135802469091e-02 -7.540322222222222081e+03
1.001960784313725428e-01 -5.702167745098038722e+04
1.238590604026845732e-01 -4.351648993288590282e+04
1.404228855721393054e-01 2.526714179104477444e+04
1.630075187969924899e-01 4.021698383458646276e+04
1.808858858858858887e-01 -1.765324324324324380e+03
2.036394557823129059e-01 -1.153244081632653615e+04
2.190557939914163088e-01 9.960641416309010310e+03
2.426502732240437277e-01 9.296443897996356100e+03
2.596589259796807103e-01 -3.148239365312047084e+03
2.811171662125340753e-01 5.978265358310634383e+02
3.008784530386739986e-01 -1.895825812154696177e+04
3.206315289648623001e-01 -6.682011396011395846e+03
3.399619047619047429e-01 2.255394771428571403e+04
3.619689737470166979e-01 9.117012410501171189e+02
3.799070887818307152e-01 -1.078767408121128574e+04
4.013341804320203487e-01 -5.788569212198221067e+03
4.195595854922279933e-01 1.036779746689694321e+03
4.407771883289124948e-01 2.093868408488063778e+03
4.600780487804878027e-01 4.671723980487804511e+03
4.807973648341663520e-01 5.609935833711948362e+03
5.009150981177412643e-01 3.130772286744092071e+03
5.204555984555984116e-01 -3.806104424710425974e+03
5.419053527118044000e-01 -1.083094769939737671e+04
5.606541598694942952e-01 -9.946815719412723411e+03
5.706576338400528581e-01 -1.062911750165234662e+04
