2.166666666666666741e-02 1.016627466666666623e+04
4.454545454545454780e-02 1.036672500000000036e+04
6.211111111111110999e-02 9.590521555555556915e+03
8.302469135802469091e-02 6.361143950617284645e+03
1.001960784313725428e-01 4.621031078431372407e+03
1.238590604026845732e-01 3.643896308724832579e+03
1.404228855721393054e-01 2.972372885572139694e+03
1.630075187969924899e-01 2.636182368421052615e+03
1.808858858858858887e-01 2.241113033033032934e+03
2.036394557823129059e-01 1.774315578231292648e+03
2.190557939914163088e-01 1.525634570815450843e+03
2.426502732240437277e-01 1.197498163934426429e+03
2.596589259796807103e-01 1.195812905660377282e+03
2.811171662125340753e-01 1.060783242506811803e+03
3.008784530386739986e-01 8.598369016574584975e+02
3.206315289648623001e-01 7.836856856600189758e+02
3.399619047619047429e-01 7.827003190476190184e+02
3.619689737470166979e-01 7.617134319809068757e+02
3.799070887818307152e-01 7.061610832759807863e+02
4.013341804320203487e-01 6.111135991105463745e+02
4.195595854922279933e-01 5.182508871617732211e+02
4.407771883289124948e-01 5.036145718832891589e+02
4.600780487804878027e-01 5.005098926829267612e+02
4.807973648341663520e-01 4.421043689232166685e+02
5.009150981177412643e-01 3.973719639567481181e+02
5.204555984555984116e-01 3.981266486486486542e+02
5.419053527118044000e-01 3.862757440623892649e+02
5.606541598694942952e-01 3.514288525285481342e+02
5.706576338400528581e-01 3.329867343027098627e+02
