2.166666666666666741e-02 8.048469983333333403e+03
4.454545454545454780e-02 8.832176363636363021e+03
6.211111111111110999e-02 8.331480222222222437e+03
8.302469135802469091e-02 5.767083703703704487e+03
1.001960784313725428e-01 4.482428333333332375e+03
1.238590604026845732e-01 3.464629463087248496e+03
1.404228855721393054e-01 2.688952039800994498e+03
1.630075187969924899e-01 2.229529586466165256e+03
1.808858858858858887e-01 1.872142312312312242e+03
2.036394557823129059e-01 1.472860408163265220e+03
2.190557939914163088e-01 1.275386309012875472e+03
2.426502732240437277e-01 1.043849799635701402e+03
2.596589259796807103e-01 9.828697968069666331e+02
2.811171662125340753e-01 8.919091989100817273e+02
3.008784530386739986e-01 8.280693900552486184e+02
3.206315289648623001e-01 7.621201775878442959e+02
3.399619047619047429e-01 6.777111009523808889e+02
3.619689737470166979e-01 6.178661837708831399e+02
3.799070887818307152e-01 6.105028664831384049e+02
4.013341804320203487e-01 5.613164980940279065e+02
4.195595854922279933e-01 4.860296067933218183e+02
4.407771883289124948e-01 4.699458366047744562e+02
4.600780487804878027e-01 4.413421726829268437e+02
4.807973648341663520e-01 4.061812194457065175e+02
5.009150981177412643e-01 3.805053992791349629e+02
5.204555984555984116e-01 3.616891687258686829e+02
5.419053527118044000e-01 3.460566129032258118e+02
5.606541598694942952e-01 3.120604411092985515e+02
5.706576338400528581e-01 2.937809173826833558e+02
