2.166666666666666741e-02 1.488961416666666628e+04
4.454545454545454780e-02 1.247671909090909139e+04
6.211111111111110999e-02 1.188540488888888831e+04
8.302469135802469091e-02 8.769788148148147229e+03
1.001960784313725428e-01 6.678149607843137346e+03
1.238590604026845732e-01 5.131291946308723709e+03
1.404228855721393054e-01 4.055470447761193554e+03
1.630075187969924899e-01 3.350457744360902325e+03
1.808858858858858887e-01 2.997300780780780769e+03
2.036394557823129059e-01 2.475064489795918234e+03
2.190557939914163088e-01 2.043908454935622103e+03
2.426502732240437277e-01 1.710768051001821277e+03
2.596589259796807103e-01 1.589204818577648894e+03
2.811171662125340753e-01 1.332938542234332544e+03
3.008784530386739986e-01 1.252824099447513845e+03
3.206315289648623001e-01 1.172326220322887139e+03
3.399619047619047429e-01 1.063734295238095228e+03
3.619689737470166979e-01 9.534365059665872195e+02
3.799070887818307152e-01 9.270323799036475521e+02
4.013341804320203487e-01 8.531981569250317534e+02
4.195595854922279933e-01 7.136545993091538094e+02
4.407771883289124948e-01 7.668964445623341817e+02
4.600780487804878027e-01 7.399718014634146357e+02
4.807973648341663520e-01 6.841869636528850833e+02
5.009150981177412643e-01 6.796640180216259068e+02
5.204555984555984116e-01 6.429459806949806762e+02
5.419053527118044000e-01 6.114429057071961324e+02
5.606541598694942952e-01 5.448725526916801982e+02
5.706576338400528581e-01 5.084134342366159558e+02
