2.166666666666666741e-02 8.554946916666665857e+03
4.454545454545454780e-02 9.853024090909091683e+03
6.211111111111110999e-02 9.669025999999999840e+03
8.302469135802469091e-02 6.755050370370371638e+03
1.001960784313725428e-01 5.119134705882353046e+03
1.238590604026845732e-01 3.949848724832214430e+03
1.404228855721393054e-01 3.132746019900497686e+03
1.630075187969924899e-01 2.577096315789473465e+03
1.808858858858858887e-01 2.186543393393393217e+03
2.036394557823129059e-01 1.698005850340136021e+03
2.190557939914163088e-01 1.447505665236051300e+03
2.426502732240437277e-01 1.197690455373406394e+03
2.596589259796807103e-01 1.126460058055152331e+03
2.811171662125340753e-01 1.053685245231607496e+03
3.008784530386739986e-01 9.875444839779005406e+02
3.206315289648623001e-01 8.928431272554606721e+02
3.399619047619047429e-01 7.943147019047619324e+02
3.619689737470166979e-01 7.278362291169452192e+02
3.799070887818307152e-01 7.177380812112870672e+02
4.013341804320203487e-01 6.566224383735703896e+02
4.195595854922279933e-01 5.719984375359814521e+02
4.407771883289124948e-01 5.544667188328911607e+02
4.600780487804878027e-01 5.246815800000000536e+02
4.807973648341663520e-01 4.852634393457519764e+02
5.009150981177412643e-01 4.561756567881457727e+02
5.204555984555984116e-01 4.373158069498069267e+02
5.419053527118044000e-01 4.092637422899680928e+02
5.606541598694942952e-01 3.766954962479608753e+02
5.706576338400528581e-01 3.676444071381361596e+02
