-2.375000000000000000e+01 2.488553894881590178e+00 2.163471293924442707e-01
-2.325000000000000000e+01 1.745090182751238173e+00 9.372358778979475447e-02
-2.275000000000000000e+01 1.650197889000804885e+00 4.627802435794702018e-02
-2.225000000000000000e+01 1.341535609590426725e+00 2.786894558956953816e-02
-2.175000000000000000e+01 1.147260686727479939e+00 1.788510802985723847e-02
-2.125000000000000000e+01 1.087286591240464340e+00 1.116306452476613538e-02
-2.075000000000000000e+01 1.070412171689709924e+00 8.141421830007046848e-03
-2.025000000000000000e+01 1.079775269933654469e+00 6.831115351395400208e-03
-1.975000000000000000e+01 1.044157508615037866e+00 5.899589853744065249e-03
-1.925000000000000000e+01 1.016109255244620702e+00 5.020087287441612513e-03
-1.875000000000000000e+01 9.776962106461755120e-01 4.287209823438689789e-03
-1.825000000000000000e+01 9.733745418097784485e-01 3.884818909399989726e-03
-1.775000000000000000e+01 9.689039232225866716e-01 3.657914834999841797e-03
