2.166666666666666741e-02 1.331440499999999884e+04
4.454545454545454780e-02 1.184240227272727134e+04
6.211111111111110999e-02 1.150123888888888905e+04
8.302469135802469091e-02 8.163405679012345900e+03
1.001960784313725428e-01 5.867254901960784082e+03
1.238590604026845732e-01 4.408352080536912581e+03
1.404228855721393054e-01 3.539713432835820640e+03
1.630075187969924899e-01 3.120046917293233037e+03
1.808858858858858887e-01 2.697820300300300460e+03
2.036394557823129059e-01 2.158783151927437757e+03
2.190557939914163088e-01 1.836069055793991538e+03
2.426502732240437277e-01 1.488263114754098297e+03
2.596589259796807103e-01 1.399298548621190093e+03
2.811171662125340753e-01 1.272912588555858292e+03
3.008784530386739986e-01 1.126737772375690838e+03
3.206315289648623001e-01 1.021273346628679974e+03
3.399619047619047429e-01 1.008634093333333340e+03
3.619689737470166979e-01 8.940372410501192917e+02
3.799070887818307152e-01 7.988387019958706787e+02
4.013341804320203487e-01 7.247296988564168032e+02
4.195595854922279933e-01 6.310134093264249486e+02
4.407771883289124948e-01 6.249433612732095753e+02
4.600780487804878027e-01 6.298768634146341583e+02
4.807973648341663520e-01 5.716885243071330933e+02
5.009150981177412643e-01 5.391899803764517856e+02
5.204555984555984116e-01 5.316638382239382281e+02
5.419053527118044000e-01 4.992517532789790948e+02
5.606541598694942952e-01 4.426340479608482497e+02
5.706576338400528581e-01 4.060328043621943266e+02
