2.166666666666666741e-02 7.211479833333333772e+03
4.454545454545454780e-02 1.015773772727272808e+04
6.211111111111110999e-02 1.074357466666666733e+04
8.302469135802469091e-02 7.581818148148148794e+03
1.001960784313725428e-01 5.916069607843137419e+03
1.238590604026845732e-01 4.474133624161073385e+03
1.404228855721393054e-01 3.373138308457710536e+03
1.630075187969924899e-01 2.861468120300752162e+03
1.808858858858858887e-01 2.468456816816816627e+03
2.036394557823129059e-01 1.993871632653061170e+03
2.190557939914163088e-01 1.694479828326180495e+03
2.426502732240437277e-01 1.387010801457194702e+03
2.596589259796807103e-01 1.330393062409288859e+03
2.811171662125340753e-01 1.206625994550408677e+03
3.008784530386739986e-01 1.126438077348066145e+03
3.206315289648623001e-01 1.032191557454890699e+03
3.399619047619047429e-01 9.380452590476190835e+02
3.619689737470166979e-01 8.723946539379473961e+02
3.799070887818307152e-01 8.356183778389539611e+02
4.013341804320203487e-01 7.456849593392631732e+02
4.195595854922279933e-01 6.566948733448474513e+02
4.407771883289124948e-01 6.454654461538460737e+02
4.600780487804878027e-01 6.170365034146341259e+02
4.807973648341663520e-01 5.748194756928668312e+02
5.009150981177412643e-01 5.427473311974368926e+02
5.204555984555984116e-01 5.162346528957529017e+02
5.419053527118044000e-01 4.898872701169798347e+02
5.606541598694942952e-01 4.561004897226753201e+02
5.706576338400528581e-01 4.414898169200264419e+02
