2.166666666666666741e-02 1.319473999999999942e+05
4.454545454545454780e-02 6.119393818181817915e+04
6.211111111111110999e-02 3.375066755555555574e+04
8.302469135802469091e-02 2.445809382716049367e+04
1.001960784313725428e-01 1.602216588235294330e+04
1.238590604026845732e-01 1.238018067114093901e+04
1.404228855721393054e-01 1.040347746268656738e+04
1.630075187969924899e-01 9.566024699248118850e+03
1.808858858858858887e-01 8.138563723723724252e+03
2.036394557823129059e-01 5.242567029478458608e+03
2.190557939914163088e-01 4.614455236051501743e+03
2.426502732240437277e-01 2.806860109289617412e+03
2.596589259796807103e-01 2.361280391872278415e+03
2.811171662125340753e-01 3.843249550408719188e+03
3.008784530386739986e-01 4.517350165745856430e+03
3.206315289648623001e-01 4.209007207977208054e+03
3.399619047619047429e-01 3.571686428571428678e+03
3.619689737470166979e-01 4.227454319809069602e+03
3.799070887818307152e-01 4.325794459738472142e+03
4.013341804320203487e-01 3.322157306226175024e+03
4.195595854922279933e-01 2.939607144502015217e+03
4.407771883289124948e-01 2.074900503978779852e+03
4.600780487804878027e-01 1.611081229268292645e+03
4.807973648341663520e-01 2.370095770104498115e+03
5.009150981177412643e-01 2.687714633560272432e+03
5.204555984555984116e-01 2.613865158301158317e+03
5.419053527118044000e-01 2.666020659340659222e+03
5.606541598694942952e-01 2.589005634584013023e+03
5.706576338400528581e-01 2.573937785855915536e+03
