2.166666666666666741e-02 7.012634550000001582e+03
4.454545454545454780e-02 9.933302727272728589e+03
6.211111111111110999e-02 1.038981577777777784e+04
8.302469135802469091e-02 7.117097654320988113e+03
1.001960784313725428e-01 5.140953039215685749e+03
1.238590604026845732e-01 4.016788859060402956e+03
1.404228855721393054e-01 3.291370149253730688e+03
1.630075187969924899e-01 2.774403421052631984e+03
1.808858858858858887e-01 2.311250900900900888e+03
2.036394557823129059e-01 1.876436689342403724e+03
2.190557939914163088e-01 1.627731201716738497e+03
2.426502732240437277e-01 1.319143970856101987e+03
2.596589259796807103e-01 1.253223773584905757e+03
2.811171662125340753e-01 1.149050177111716494e+03
3.008784530386739986e-01 1.091694685082873093e+03
3.206315289648623001e-01 1.001597263057929808e+03
3.399619047619047429e-01 8.889516723809524592e+02
3.619689737470166979e-01 8.206027350835322522e+02
3.799070887818307152e-01 8.161800323468686429e+02
4.013341804320203487e-01 7.521421175349428268e+02
4.195595854922279933e-01 6.521818848589521167e+02
4.407771883289124948e-01 6.234572175066313093e+02
4.600780487804878027e-01 5.788528170731707405e+02
4.807973648341663520e-01 5.341862480690595021e+02
5.009150981177412643e-01 5.180808181818182447e+02
5.204555984555984116e-01 4.967420575289575027e+02
5.419053527118044000e-01 4.691587869549805419e+02
5.606541598694942952e-01 4.275065066884176304e+02
5.706576338400528581e-01 4.053483509583608111e+02
