2.166666666666666741e-02 8.338691016666665746e+03
4.454545454545454780e-02 9.924928181818180747e+03
6.211111111111110999e-02 9.732335999999999331e+03
8.302469135802469091e-02 6.675481358024690962e+03
1.001960784313725428e-01 5.009565196078431654e+03
1.238590604026845732e-01 3.925914765100671502e+03
1.404228855721393054e-01 3.126707164179104439e+03
1.630075187969924899e-01 2.597209624060150418e+03
1.808858858858858887e-01 2.240974954954954683e+03
2.036394557823129059e-01 1.769524784580498817e+03
2.190557939914163088e-01 1.506601931330472098e+03
2.426502732240437277e-01 1.244995391621129329e+03
2.596589259796807103e-01 1.152578664731495110e+03
2.811171662125340753e-01 1.055440504087193403e+03
3.008784530386739986e-01 1.004666923756906044e+03
3.206315289648623001e-01 9.219580123456789806e+02
3.399619047619047429e-01 8.178936580952381519e+02
3.619689737470166979e-01 7.496146109785203180e+02
3.799070887818307152e-01 7.395473420509290463e+02
4.013341804320203487e-01 6.783608132147396645e+02
4.195595854922279933e-01 5.862932389176742163e+02
4.407771883289124948e-01 5.627651554376657259e+02
4.600780487804878027e-01 5.281954614634146310e+02
4.807973648341663520e-01 4.859911721944570786e+02
5.009150981177412643e-01 4.611786732078494424e+02
5.204555984555984116e-01 4.420390702702702583e+02
5.419053527118044000e-01 4.203743356965615021e+02
5.606541598694942952e-01 3.861642261011418782e+02
5.706576338400528581e-01 3.715067686715135551e+02
