2.166666666666666741e-02 1.344880333333333256e+05
4.454545454545454780e-02 6.006347859090909333e+04
6.211111111111110999e-02 3.396656286666666711e+04
8.302469135802469091e-02 2.206724814814814818e+04
1.001960784313725428e-01 1.361538892156862676e+04
1.238590604026845732e-01 1.115310986577181211e+04
1.404228855721393054e-01 1.041245691542288478e+04
1.630075187969924899e-01 1.063746999999999753e+04
1.808858858858858887e-01 8.481319099099100640e+03
2.036394557823129059e-01 5.300919274376417889e+03
2.190557939914163088e-01 4.748607339055794000e+03
2.426502732240437277e-01 3.284086520947176723e+03
2.596589259796807103e-01 3.178695718432511057e+03
2.811171662125340753e-01 4.366242629427792963e+03
3.008784530386739986e-01 4.308831712707182305e+03
3.206315289648623001e-01 3.336990189933523197e+03
3.399619047619047429e-01 2.713224676190476202e+03
3.619689737470166979e-01 3.221361050119331594e+03
3.799070887818307152e-01 3.331665540261527440e+03
4.013341804320203487e-01 2.981769104193137991e+03
4.195595854922279933e-01 2.984849107656879369e+03
4.407771883289124948e-01 2.093224488063660374e+03
4.600780487804878027e-01 1.563104058536585399e+03
4.807973648341663520e-01 2.053968159927305805e+03
5.009150981177412643e-01 2.153541834201041183e+03
5.204555984555984116e-01 2.351542428571428900e+03
5.419053527118044000e-01 2.205973629918468760e+03
5.606541598694942952e-01 2.362218371941272380e+03
5.706576338400528581e-01 2.883275922009253463e+03
