2.166666666666666741e-02 2.384641666666666570e+05
4.454545454545454780e-02 1.448849500000000116e+05
6.211111111111110999e-02 5.928693111111111648e+04
8.302469135802469091e-02 -3.048421604938271776e+04
1.001960784313725428e-01 -1.088515245098039159e+05
1.238590604026845732e-01 -6.460952483221475995e+04
1.404228855721393054e-01 -3.648982189054726769e+04
1.630075187969924899e-01 1.335251203007516779e+03
1.808858858858858887e-01 2.194310456456456450e+04
2.036394557823129059e-01 7.116183900226758851e+03
2.190557939914163088e-01 -9.547585193133045323e+03
2.426502732240437277e-01 3.041615664845174706e+03
2.596589259796807103e-01 1.468283750362844876e+04
2.811171662125340753e-01 3.718066811989100643e+03
3.008784530386739986e-01 5.209481281767954897e+03
3.206315289648623001e-01 1.230128904083570706e+04
3.399619047619047429e-01 3.897539838095238792e+03
3.619689737470166979e-01 -1.291206527446300788e+04
3.799070887818307152e-01 -2.805010853406744445e+03
4.013341804320203487e-01 -6.923516257941550066e+03
4.195595854922279933e-01 -1.267284507772020697e+04
4.407771883289124948e-01 7.763824880636604576e+03
4.600780487804878027e-01 1.353534557853658589e+04
4.807973648341663520e-01 6.458420161744661527e+03
5.009150981177412643e-01 -4.938621349619543253e+03
5.204555984555984116e-01 -1.197798397683398207e+03
5.419053527118044000e-01 -6.466103119461183269e+03
5.606541598694942952e-01 -6.924363001631321822e+03
5.706576338400528581e-01 6.849358228684731330e+03
