2.166666666666666741e-02 1.526580833333333430e+05
4.454545454545454780e-02 6.305873272727271979e+04
6.211111111111110999e-02 4.004662044444444473e+04
8.302469135802469091e-02 2.372334506172839610e+04
1.001960784313725428e-01 3.106455098039215954e+03
1.238590604026845732e-01 9.331124228187920380e+03
1.404228855721393054e-01 1.170856835820895321e+04
1.630075187969924899e-01 7.970332894736841808e+03
1.808858858858858887e-01 6.351684390390390035e+03
2.036394557823129059e-01 4.137824925170068127e+03
2.190557939914163088e-01 4.555686072961373611e+03
2.426502732240437277e-01 4.854653096539162107e+03
2.596589259796807103e-01 4.389292293178518776e+03
2.811171662125340753e-01 4.205917847411444200e+03
3.008784530386739986e-01 -1.767091856353591083e+03
3.206315289648623001e-01 -1.936932767331433752e+03
3.399619047619047429e-01 3.852276339047619331e+03
3.619689737470166979e-01 1.621121861575178855e+03
3.799070887818307152e-01 -1.234679621472814915e+03
4.013341804320203487e-01 -1.463835196950442707e+02
4.195595854922279933e-01 2.490494191134139328e+03
4.407771883289124948e-01 4.427995787798407946e+03
4.600780487804878027e-01 5.024391121951219247e+03
4.807973648341663520e-01 1.642540290776919392e+03
5.009150981177412643e-01 6.755649179014818628e+02
5.204555984555984116e-01 1.638064810810810968e+03
5.419053527118044000e-01 -5.757551109535626210e+02
5.606541598694942952e-01 -7.407397650897228232e+02
5.706576338400528581e-01 3.502607270323860433e+01
