2.166666666666666741e-02 1.866465599999999904e+04
4.454545454545454780e-02 1.474602545454545361e+04
6.211111111111110999e-02 1.219591244444444237e+04
8.302469135802469091e-02 8.282575185185185546e+03
1.001960784313725428e-01 6.389556764705882415e+03
1.238590604026845732e-01 5.157806174496643507e+03
1.404228855721393054e-01 4.016696467661690804e+03
1.630075187969924899e-01 3.207377443609022066e+03
1.808858858858858887e-01 2.743518828828829101e+03
2.036394557823129059e-01 2.228039523809523871e+03
2.190557939914163088e-01 1.868193755364806975e+03
2.426502732240437277e-01 1.571085719489981784e+03
2.596589259796807103e-01 1.534024194484760301e+03
2.811171662125340753e-01 1.342053923705722127e+03
3.008784530386739986e-01 1.202418861878452844e+03
3.206315289648623001e-01 1.204897179487179528e+03
3.399619047619047429e-01 1.170235514285714316e+03
3.619689737470166979e-01 1.017036687350835223e+03
3.799070887818307152e-01 9.491207955953200326e+02
4.013341804320203487e-01 8.763456556543836768e+02
4.195595854922279933e-01 7.727809061600461291e+02
4.407771883289124948e-01 7.476650705570292530e+02
4.600780487804878027e-01 6.845791141463415670e+02
4.807973648341663520e-01 6.294637064970468145e+02
5.009150981177412643e-01 6.362512046455747168e+02
5.204555984555984116e-01 6.036280613899614309e+02
5.419053527118044000e-01 5.625035097483162190e+02
5.606541598694942952e-01 5.195035784665579968e+02
5.706576338400528581e-01 4.926482802379378541e+02
