-2.375000000000000000e+01 1.843635949139476704e+00 1.910302132609811854e-01
-2.325000000000000000e+01 1.705984797337256609e+00 6.933028960946996389e-02
-2.275000000000000000e+01 1.506991551059264189e+00 3.441216527737491621e-02
-2.225000000000000000e+01 1.166110017485378902e+00 2.040270387293858026e-02
-2.175000000000000000e+01 1.086917416832970940e+00 1.217663299867424373e-02
-2.125000000000000000e+01 1.098949356639397745e+00 9.082167148815706650e-03
-2.075000000000000000e+01 1.114150271622123212e+00 7.992432953995536049e-03
-2.025000000000000000e+01 1.090945561162030231e+00 7.371181794952855366e-03
-1.975000000000000000e+01 1.058295350584113281e+00 6.599278773838721489e-03
-1.925000000000000000e+01 1.024830811277459786e+00 5.603339627644016337e-03
-1.875000000000000000e+01 9.815788985951715562e-01 4.730928604716551703e-03
-1.825000000000000000e+01 9.773964661546155064e-01 4.160881403473094299e-03
-1.775000000000000000e+01 9.666607016356580928e-01 3.884299886543267528e-03
-1.725000000000000000e+01 9.645009906531746280e-01 3.625709300541294939e-03
-1.675000000000000000e+01 9.735631458080460376e-01 3.366695521442661897e-03
-1.625000000000000000e+01 9.477848062272075103e-01 3.105081165044189240e-03
-1.575000000000000000e+01 9.312705847189679531e-01 2.886695369103357573e-03
-1.525000000000000000e+01 8.956324084714734068e-01 2.695316730873116920e-03
-1.475000000000000000e+01 8.705839091538044583e-01 2.500294499961168947e-03
-1.425000000000000000e+01 8.514378513513982671e-01 2.410190521044213406e-03
