2.166666666666666741e-02 7.380832783333334191e+03
4.454545454545454780e-02 8.520571363636363458e+03
6.211111111111110999e-02 8.389228666666667777e+03
8.302469135802469091e-02 5.835540864197531846e+03
1.001960784313725428e-01 4.417077156862745142e+03
1.238590604026845732e-01 3.357478523489932741e+03
1.404228855721393054e-01 2.572801691542288609e+03
1.630075187969924899e-01 2.165286766917293335e+03
1.808858858858858887e-01 1.859030210210210271e+03
2.036394557823129059e-01 1.451149206349206452e+03
2.190557939914163088e-01 1.250836394849785393e+03
2.426502732240437277e-01 1.013108116575591794e+03
2.596589259796807103e-01 9.430967140783743616e+02
2.811171662125340753e-01 8.713202997275203643e+02
3.008784530386739986e-01 8.145614895027624698e+02
3.206315289648623001e-01 7.528344634377966713e+02
3.399619047619047429e-01 6.726217104761904011e+02
3.619689737470166979e-01 6.047925680190929825e+02
3.799070887818307152e-01 5.982876951135582431e+02
4.013341804320203487e-01 5.527859898348158367e+02
4.195595854922279933e-01 4.721915181347149542e+02
4.407771883289124948e-01 4.546202795755967827e+02
4.600780487804878027e-01 4.312748731707316665e+02
4.807973648341663520e-01 3.904374061790094856e+02
5.009150981177412643e-01 3.672980488586303522e+02
5.204555984555984116e-01 3.529424212355211807e+02
5.419053527118044000e-01 3.356371992201346757e+02
5.606541598694942952e-01 3.056471367047308263e+02
5.706576338400528581e-01 2.908580105750165785e+02
