2.166666666666666741e-02 8.091649383333333390e+03
4.454545454545454780e-02 9.205059545454545514e+03
6.211111111111110999e-02 8.862348666666666759e+03
8.302469135802469091e-02 6.236273827160494875e+03
1.001960784313725428e-01 4.946692156862745833e+03
1.238590604026845732e-01 3.751168456375839469e+03
1.404228855721393054e-01 2.882754577114428230e+03
1.630075187969924899e-01 2.405432932330827043e+03
1.808858858858858887e-01 2.027528198198198197e+03
2.036394557823129059e-01 1.583953922902494241e+03
2.190557939914163088e-01 1.356077768240343403e+03
2.426502732240437277e-01 1.139737267759562883e+03
2.596589259796807103e-01 1.084350812772133622e+03
2.811171662125340753e-01 9.718058923705722236e+02
3.008784530386739986e-01 9.042983679558011545e+02
3.206315289648623001e-01 8.439610484330484041e+02
3.399619047619047429e-01 7.570731228571429483e+02
3.619689737470166979e-01 6.930127088305489451e+02
3.799070887818307152e-01 6.805632876806606646e+02
4.013341804320203487e-01 6.182735050825921235e+02
4.195595854922279933e-01 5.344785837651122620e+02
4.407771883289124948e-01 5.195516307692307691e+02
4.600780487804878027e-01 4.911071180487804781e+02
4.807973648341663520e-01 4.543853375738300997e+02
5.009150981177412643e-01 4.298878786543853039e+02
5.204555984555984116e-01 4.043618752895752664e+02
5.419053527118044000e-01 3.858935540588443587e+02
5.606541598694942952e-01 3.617990137030994902e+02
5.706576338400528581e-01 3.487277970918704568e+02
