2.166666666666666741e-02 6.775467716666666092e+03
4.454545454545454780e-02 9.176188636363636761e+03
6.211111111111110999e-02 9.724958888888888396e+03
8.302469135802469091e-02 6.959420370370369710e+03
1.001960784313725428e-01 5.311775882352941153e+03
1.238590604026845732e-01 4.176255100671141008e+03
1.404228855721393054e-01 3.310202786069651665e+03
1.630075187969924899e-01 2.744554210526315728e+03
1.808858858858858887e-01 2.288861321321321157e+03
2.036394557823129059e-01 1.869173809523809496e+03
2.190557939914163088e-01 1.630390922746781143e+03
2.426502732240437277e-01 1.318410710382513571e+03
2.596589259796807103e-01 1.252042539912917391e+03
2.811171662125340753e-01 1.155035435967302419e+03
3.008784530386739986e-01 1.091194541436464078e+03
3.206315289648623001e-01 1.002098090218423636e+03
3.399619047619047429e-01 9.108789047619047778e+02
3.619689737470166979e-01 8.329567326968973475e+02
3.799070887818307152e-01 8.179263578802476786e+02
4.013341804320203487e-01 7.544843049555273637e+02
4.195595854922279933e-01 6.495478906160046790e+02
4.407771883289124948e-01 6.312303315649867272e+02
4.600780487804878027e-01 5.848806819512194579e+02
4.807973648341663520e-01 5.364441322126305067e+02
5.009150981177412643e-01 5.183694469363235839e+02
5.204555984555984116e-01 4.906900660231660254e+02
5.419053527118044000e-01 4.783957029422190317e+02
5.606541598694942952e-01 4.470332704730831779e+02
5.706576338400528581e-01 4.240021110376734441e+02
