2.166666666666666741e-02 1.769449333333333489e+05
4.454545454545454780e-02 8.836115000000000873e+04
6.211111111111110999e-02 4.896141111111111240e+04
8.302469135802469091e-02 2.679919938271604769e+04
1.001960784313725428e-01 1.027457500000000073e+04
1.238590604026845732e-01 1.425641543624161022e+04
1.404228855721393054e-01 1.455822218905472801e+04
1.630075187969924899e-01 1.261048932330826938e+04
1.808858858858858887e-01 7.022601741741741534e+03
2.036394557823129059e-01 2.769044829931972799e+03
2.190557939914163088e-01 3.640510343347639719e+03
2.426502732240437277e-01 4.714781584699453560e+03
2.596589259796807103e-01 5.748654949201741147e+03
2.811171662125340753e-01 6.272603855585831298e+03
3.008784530386739986e-01 1.119373341436464216e+03
3.206315289648623001e-01 -4.741825887939219797e+02
3.399619047619047429e-01 4.541958095238095666e+03
3.619689737470166979e-01 2.325952911694510476e+03
3.799070887818307152e-01 1.945464858912594650e+02
4.013341804320203487e-01 5.218757204574333173e+02
4.195595854922279933e-01 1.181598583765112380e+03
4.407771883289124948e-01 4.043175257294429684e+03
4.600780487804878027e-01 5.135136814634145594e+03
4.807973648341663520e-01 2.157490299863698056e+03
5.009150981177412643e-01 2.099592543051662233e+03
5.204555984555984116e-01 3.477565274131273782e+03
5.419053527118044000e-01 -2.251035377525698777e+02
5.606541598694942952e-01 -6.446324469820553986e+02
5.706576338400528581e-01 1.393031559814937282e+03
