2.166666666666666741e-02 1.118244166666666570e+04
4.454545454545454780e-02 1.161605454545454450e+04
6.211111111111110999e-02 1.232401777777777897e+04
8.302469135802469091e-02 8.843824320987654573e+03
1.001960784313725428e-01 6.403542745098040541e+03
1.238590604026845732e-01 4.929413087248322881e+03
1.404228855721393054e-01 3.914503432835821059e+03
1.630075187969924899e-01 3.403198533834586669e+03
1.808858858858858887e-01 3.032850150150150057e+03
2.036394557823129059e-01 2.366686031746031858e+03
2.190557939914163088e-01 1.968321995708154645e+03
2.426502732240437277e-01 1.561728579234972585e+03
2.596589259796807103e-01 1.509525689404934838e+03
2.811171662125340753e-01 1.502374386920980896e+03
3.008784530386739986e-01 1.377190187845304081e+03
3.206315289648623001e-01 1.233843333333333248e+03
3.399619047619047429e-01 1.136841400000000021e+03
3.619689737470166979e-01 1.050473260143197876e+03
3.799070887818307152e-01 1.027178140399174026e+03
4.013341804320203487e-01 9.381926715374841024e+02
4.195595854922279933e-01 8.048323932066782618e+02
4.407771883289124948e-01 7.837165591511936782e+02
4.600780487804878027e-01 7.415662726829266376e+02
4.807973648341663520e-01 6.759348918673330218e+02
5.009150981177412643e-01 6.651625090108129825e+02
5.204555984555984116e-01 6.334286359073358881e+02
5.419053527118044000e-01 5.902026054590570538e+02
5.606541598694942952e-01 5.575496603588908329e+02
5.706576338400528581e-01 5.423694256444150597e+02
