2.166666666666666741e-02 5.988036666666666861e+04
4.454545454545454780e-02 3.233808636363636106e+04
6.211111111111110999e-02 1.781940888888889094e+04
8.302469135802469091e-02 1.177140740740740694e+04
1.001960784313725428e-01 1.088148431372548839e+04
1.238590604026845732e-01 1.056710147651006810e+04
1.404228855721393054e-01 9.277974378109453028e+03
1.630075187969924899e-01 6.946548646616541191e+03
1.808858858858858887e-01 5.010691441441441384e+03
2.036394557823129059e-01 4.692653106575963648e+03
2.190557939914163088e-01 4.464950579399141134e+03
2.426502732240437277e-01 3.468816156648451397e+03
2.596589259796807103e-01 3.113171262699564522e+03
2.811171662125340753e-01 2.994284918256130823e+03
3.008784530386739986e-01 3.164146574585635335e+03
3.206315289648623001e-01 2.893482336182335985e+03
3.399619047619047429e-01 2.479994685714285424e+03
3.619689737470166979e-01 2.213135178997613366e+03
3.799070887818307152e-01 2.100125203028217584e+03
4.013341804320203487e-01 1.744124606099110451e+03
4.195595854922279933e-01 1.566316620610247583e+03
4.407771883289124948e-01 1.723811734748010622e+03
4.600780487804878027e-01 1.513310082926829182e+03
4.807973648341663520e-01 1.302611117673784747e+03
5.009150981177412643e-01 1.312000532639166977e+03
5.204555984555984116e-01 1.380507984555984649e+03
5.419053527118044000e-01 1.416905732009925714e+03
5.606541598694942952e-01 1.152500467536704718e+03
5.706576338400528581e-01 9.297273846662260439e+02
