2.166666666666666741e-02 9.584443166666665638e+04
4.454545454545454780e-02 4.369609500000000116e+04
6.211111111111110999e-02 2.564570422222222260e+04
8.302469135802469091e-02 1.951110493827160462e+04
1.001960784313725428e-01 1.392768431372548912e+04
1.238590604026845732e-01 1.100819315436241777e+04
1.404228855721393054e-01 1.072557004975124437e+04
1.630075187969924899e-01 9.248573646616539918e+03
1.808858858858858887e-01 6.549926276276276440e+03
2.036394557823129059e-01 5.089632607709751937e+03
2.190557939914163088e-01 5.269035150214592250e+03
2.426502732240437277e-01 3.461072276867031178e+03
2.596589259796807103e-01 3.304769912917271085e+03
2.811171662125340753e-01 3.884524795640327284e+03
3.008784530386739986e-01 3.432149580110497482e+03
3.206315289648623001e-01 2.967118594491927524e+03
3.399619047619047429e-01 2.591849590476190315e+03
3.619689737470166979e-01 2.379979689737469926e+03
3.799070887818307152e-01 2.281788114246386613e+03
4.013341804320203487e-01 2.299206944091486548e+03
4.195595854922279933e-01 2.195220817501439342e+03
4.407771883289124948e-01 1.756158753315649847e+03
4.600780487804878027e-01 1.589077746341463353e+03
4.807973648341663520e-01 1.668737778282598583e+03
5.009150981177412643e-01 1.347814646375650682e+03
5.204555984555984116e-01 1.479124301930501815e+03
5.419053527118044000e-01 1.505698195675292482e+03
5.606541598694942952e-01 1.266242584013050646e+03
5.706576338400528581e-01 1.330788367481824025e+03
