2.166666666666666741e-02 9.725875916666665944e+03
4.454545454545454780e-02 1.010361454545454581e+04
6.211111111111110999e-02 9.743958222222221593e+03
8.302469135802469091e-02 6.669890740740741421e+03
1.001960784313725428e-01 5.026447843137255404e+03
1.238590604026845732e-01 3.993405167785234880e+03
1.404228855721393054e-01 3.059069900497512663e+03
1.630075187969924899e-01 2.505303759398496368e+03
1.808858858858858887e-01 2.123978828828828682e+03
2.036394557823129059e-01 1.661159229024943215e+03
2.190557939914163088e-01 1.435909849785407687e+03
2.426502732240437277e-01 1.215145300546448198e+03
2.596589259796807103e-01 1.142944194484760601e+03
2.811171662125340753e-01 1.018403814713896509e+03
3.008784530386739986e-01 9.701062563535909931e+02
3.206315289648623001e-01 8.947883998100664940e+02
3.399619047619047429e-01 7.782063180952382027e+02
3.619689737470166979e-01 7.004677494033412586e+02
3.799070887818307152e-01 6.900224267033722754e+02
4.013341804320203487e-01 6.241472007623889340e+02
4.195595854922279933e-01 5.313019735175589631e+02
4.407771883289124948e-01 5.129722610079575134e+02
4.600780487804878027e-01 4.958854034146341405e+02
4.807973648341663520e-01 4.617829536574284930e+02
5.009150981177412643e-01 4.271624056868241723e+02
5.204555984555984116e-01 4.084096027027027276e+02
5.419053527118044000e-01 3.928654349521446534e+02
5.606541598694942952e-01 3.642125853181076991e+02
5.706576338400528581e-01 3.524899286186384870e+02
