-2.175000000000000000e+01 1.422845179846818020e+00 7.768992879544804886e-01 7.990497786416153427e-06 7.990497786416153427e-06
-2.125000000000000000e+01 1.385088645779362748e+00 5.791914045689388058e-01 2.548320915667854537e-05 2.548320915667854537e-05
-2.075000000000000000e+01 1.270522985723377740e+00 4.468551780806275242e-01 7.061872367994816819e-05 7.061872367994816819e-05
-2.025000000000000000e+01 1.174786633134149882e+00 3.679535612946786549e-01 2.749163157326422829e-04 2.749163157326422829e-04
-1.975000000000000000e+01 1.085125329129424054e+00 2.896793854226731857e-01 9.078933160565814085e-04 9.078933160565814085e-04
-1.925000000000000000e+01 1.046483972668180273e+00 2.411863958167972388e-01 2.127200086383760052e-03 2.127200086383760052e-03
-1.875000000000000000e+01 1.031550967155391296e+00 2.566928156910050496e-01 3.935212180110139041e-03 3.935212180110139041e-03
-1.825000000000000000e+01 1.020935480062773903e+00 2.516327483895643979e-01 7.224489795918367409e-03 7.224489795918367409e-03
-1.775000000000000000e+01 1.017835768828658116e+00 2.673693197231776786e-01 1.347068351149983793e-02 1.347068351149983793e-02
-1.725000000000000000e+01 1.014537877915728581e+00 2.727255912215914013e-01 2.041464204729510901e-02 2.041464204729510901e-02
