2.166666666666666741e-02 8.088253866666666909e+03
4.454545454545454780e-02 9.550684545454545514e+03
6.211111111111110999e-02 9.512105333333332965e+03
8.302469135802469091e-02 6.618879876543210230e+03
1.001960784313725428e-01 5.019359901960784555e+03
1.238590604026845732e-01 3.841507651006711512e+03
1.404228855721393054e-01 3.027629950248756359e+03
1.630075187969924899e-01 2.542107518796992736e+03
1.808858858858858887e-01 2.169452432432432488e+03
2.036394557823129059e-01 1.671251043083900186e+03
2.190557939914163088e-01 1.420006866952789551e+03
2.426502732240437277e-01 1.198314043715846992e+03
2.596589259796807103e-01 1.104148751814223488e+03
2.811171662125340753e-01 9.958876566757493265e+02
3.008784530386739986e-01 9.451965458563536231e+02
3.206315289648623001e-01 8.786271680911683006e+02
3.399619047619047429e-01 7.842155799999999317e+02
3.619689737470166979e-01 7.230978257756563607e+02
3.799070887818307152e-01 7.170547508602890048e+02
4.013341804320203487e-01 6.479772001270648616e+02
4.195595854922279933e-01 5.595730385722509936e+02
4.407771883289124948e-01 5.452611920424403706e+02
4.600780487804878027e-01 5.142047082926829944e+02
4.807973648341663520e-01 4.719718714220808238e+02
5.009150981177412643e-01 4.467500897076491242e+02
5.204555984555984116e-01 4.274207316602315814e+02
5.419053527118044000e-01 4.009181910669975082e+02
5.606541598694942952e-01 3.671070195758564978e+02
5.706576338400528581e-01 3.557102756113681608e+02
