2.166666666666666741e-02 3.011197666666666628e+05
4.454545454545454780e-02 1.115714590909090912e+05
6.211111111111110999e-02 6.423819777777777927e+04
8.302469135802469091e-02 4.352613950617283990e+04
1.001960784313725428e-01 1.367878627450980275e+04
1.238590604026845732e-01 2.392875234899328643e+04
1.404228855721393054e-01 2.778915771144278551e+04
1.630075187969924899e-01 2.829261353383458845e+04
1.808858858858858887e-01 1.908902972972972930e+04
2.036394557823129059e-01 5.383976439909296460e+03
2.190557939914163088e-01 6.819419742489270902e+03
2.426502732240437277e-01 5.986606903460839021e+03
2.596589259796807103e-01 6.923625892597968232e+03
2.811171662125340753e-01 8.178510354223432842e+03
3.008784530386739986e-01 3.707606541436463885e+03
3.206315289648623001e-01 3.787527094017093532e+03
3.399619047619047429e-01 6.795258228571428845e+03
3.619689737470166979e-01 3.842879069212410741e+03
3.799070887818307152e-01 2.642463097040606044e+03
4.013341804320203487e-01 6.086357020330368869e+03
4.195595854922279933e-01 7.262073454231433061e+03
4.407771883289124948e-01 9.885989188328911041e+03
4.600780487804878027e-01 1.171748815609756093e+04
4.807973648341663520e-01 6.263912303498408619e+03
5.009150981177412643e-01 3.002849102923508781e+03
5.204555984555984116e-01 5.321959934362934291e+03
5.419053527118044000e-01 3.013097408011342850e+03
5.606541598694942952e-01 3.744853673083197009e+03
5.706576338400528581e-01 7.789267428949106943e+03
