2.166666666666666741e-02 2.559589500000000044e+04
4.454545454545454780e-02 1.969762272727272648e+04
6.211111111111110999e-02 2.177391777777778043e+04
8.302469135802469091e-02 1.391534679012345805e+04
1.001960784313725428e-01 7.667996764705882924e+03
1.238590604026845732e-01 5.916836107382549926e+03
1.404228855721393054e-01 4.890154527363184570e+03
1.630075187969924899e-01 4.379306954887218126e+03
1.808858858858858887e-01 3.851160690690690899e+03
2.036394557823129059e-01 3.293636371882086678e+03
2.190557939914163088e-01 2.883391673819742664e+03
2.426502732240437277e-01 2.812825428051002291e+03
2.596589259796807103e-01 2.699271262699564431e+03
2.811171662125340753e-01 2.141403814713896736e+03
3.008784530386739986e-01 2.283672508287293113e+03
3.206315289648623001e-01 2.690174548907882127e+03
3.399619047619047429e-01 2.336613876190475821e+03
3.619689737470166979e-01 1.838269761336515330e+03
3.799070887818307152e-01 1.998203613214039933e+03
4.013341804320203487e-01 1.584302891994917218e+03
4.195595854922279933e-01 1.211308084052964887e+03
4.407771883289124948e-01 1.328977156498674049e+03
4.600780487804878027e-01 1.092280774634146383e+03
4.807973648341663520e-01 9.100623207632894491e+02
5.009150981177412643e-01 1.200846415698838655e+03
5.204555984555984116e-01 1.083833954440154457e+03
5.419053527118044000e-01 8.734716986884084235e+02
5.606541598694942952e-01 1.101100812398042535e+03
5.706576338400528581e-01 1.243777270323859966e+03
