2.166666666666666741e-02 7.194244116666665832e+03
4.454545454545454780e-02 8.111299090909091319e+03
6.211111111111110999e-02 7.915677999999999884e+03
8.302469135802469091e-02 5.722175308641975789e+03
1.001960784313725428e-01 4.427834509803921719e+03
1.238590604026845732e-01 3.347082416107382869e+03
1.404228855721393054e-01 2.558799800995024725e+03
1.630075187969924899e-01 2.131904887218045133e+03
1.808858858858858887e-01 1.830423483483483551e+03
2.036394557823129059e-01 1.442398367346938585e+03
2.190557939914163088e-01 1.236034270386266371e+03
2.426502732240437277e-01 9.962563387978141236e+02
2.596589259796807103e-01 9.332781422351232550e+02
2.811171662125340753e-01 8.438968910081742933e+02
3.008784530386739986e-01 8.023313745856353307e+02
3.206315289648623001e-01 7.579292146248812969e+02
3.399619047619047429e-01 6.812128866666665772e+02
3.619689737470166979e-01 6.183153890214796320e+02
3.799070887818307152e-01 5.902300447350309014e+02
4.013341804320203487e-01 5.331006899618805619e+02
4.195595854922279933e-01 4.632940880829015668e+02
4.407771883289124948e-01 4.520677347480105936e+02
4.600780487804878027e-01 4.306854268292682946e+02
4.807973648341663520e-01 3.951680786006360790e+02
5.009150981177412643e-01 3.747112999599519298e+02
5.204555984555984116e-01 3.512443749034749203e+02
5.419053527118044000e-01 3.379161627082594350e+02
5.606541598694942952e-01 3.127396763458401097e+02
5.706576338400528581e-01 2.943440343688037046e+02
