2.166666666666666741e-02 1.985088999999999942e+04
4.454545454545454780e-02 1.581792499999999927e+04
6.211111111111110999e-02 1.443020777777777766e+04
8.302469135802469091e-02 9.992957407407408027e+03
1.001960784313725428e-01 7.040575588235295072e+03
1.238590604026845732e-01 5.705386308724832816e+03
1.404228855721393054e-01 4.440212388059700970e+03
1.630075187969924899e-01 3.868562932330827152e+03
1.808858858858858887e-01 3.615645915915915339e+03
2.036394557823129059e-01 2.769524195011337724e+03
2.190557939914163088e-01 2.209408240343347643e+03
2.426502732240437277e-01 1.708926903460837821e+03
2.596589259796807103e-01 1.712595007256893950e+03
2.811171662125340753e-01 1.570686907356948041e+03
3.008784530386739986e-01 1.475613911602209782e+03
3.206315289648623001e-01 1.526770170940170829e+03
3.399619047619047429e-01 1.396703828571428630e+03
3.619689737470166979e-01 1.264619594272076483e+03
3.799070887818307152e-01 1.260963489332415747e+03
4.013341804320203487e-01 1.149821969504447225e+03
4.195595854922279933e-01 9.556195751295337004e+02
4.407771883289124948e-01 9.009107660477453692e+02
4.600780487804878027e-01 9.257740956097560456e+02
4.807973648341663520e-01 8.630419273057701730e+02
5.009150981177412643e-01 8.187547284741690419e+02
5.204555984555984116e-01 8.330295992277992809e+02
5.419053527118044000e-01 7.840496253101736102e+02
5.606541598694942952e-01 6.984472150081566042e+02
5.706576338400528581e-01 6.673775505617977615e+02
