2.166666666666666741e-02 7.548057733333333999e+03
4.454545454545454780e-02 8.607067727272726188e+03
6.211111111111110999e-02 8.353631111111111750e+03
8.302469135802469091e-02 5.803089506172839720e+03
1.001960784313725428e-01 4.383251470588235861e+03
1.238590604026845732e-01 3.314998926174496319e+03
1.404228855721393054e-01 2.547134875621890387e+03
1.630075187969924899e-01 2.144293308270676789e+03
1.808858858858858887e-01 1.849826636636636749e+03
2.036394557823129059e-01 1.449230748299319657e+03
2.190557939914163088e-01 1.244850515021459159e+03
2.426502732240437277e-01 1.004091234972677626e+03
2.596589259796807103e-01 9.313966734397679375e+02
2.811171662125340753e-01 8.602127207084467955e+02
3.008784530386739986e-01 8.078933138121545880e+02
3.206315289648623001e-01 7.481432735042734521e+02
3.399619047619047429e-01 6.693148399999998901e+02
3.619689737470166979e-01 6.034901121718377226e+02
3.799070887818307152e-01 5.950696806607020335e+02
4.013341804320203487e-01 5.469230559085133336e+02
4.195595854922279933e-01 4.679068140472077744e+02
4.407771883289124948e-01 4.508229793103448060e+02
4.600780487804878027e-01 4.284750258536585648e+02
4.807973648341663520e-01 3.884495188550658895e+02
5.009150981177412643e-01 3.658019643572286554e+02
5.204555984555984116e-01 3.529326667953667993e+02
5.419053527118044000e-01 3.342949953917050721e+02
5.606541598694942952e-01 3.039081272430668719e+02
5.706576338400528581e-01 2.900171222736285017e+02
