2.166666666666666741e-02 7.100562666666667610e+03
4.454545454545454780e-02 9.603819545454547551e+03
6.211111111111110999e-02 1.023894800000000032e+04
8.302469135802469091e-02 7.201627407407408100e+03
1.001960784313725428e-01 5.659272352941176905e+03
1.238590604026845732e-01 4.354032214765100434e+03
1.404228855721393054e-01 3.253262935323382862e+03
1.630075187969924899e-01 2.748952857142856828e+03
1.808858858858858887e-01 2.415110060060060277e+03
2.036394557823129059e-01 1.944409410430839216e+03
2.190557939914163088e-01 1.661180407725322084e+03
2.426502732240437277e-01 1.381315846994535377e+03
2.596589259796807103e-01 1.300451393323657385e+03
2.811171662125340753e-01 1.165978433242506753e+03
3.008784530386739986e-01 1.125551823204419861e+03
3.206315289648623001e-01 1.013714527065526909e+03
3.399619047619047429e-01 8.946819485714286202e+02
3.619689737470166979e-01 8.346537541766110735e+02
3.799070887818307152e-01 7.974958382656571985e+02
4.013341804320203487e-01 7.337510844980939737e+02
4.195595854922279933e-01 6.472060414507770929e+02
4.407771883289124948e-01 6.322609374005305654e+02
4.600780487804878027e-01 5.937278668292683506e+02
4.807973648341663520e-01 5.519305552021806989e+02
5.009150981177412643e-01 5.328828522226671112e+02
5.204555984555984116e-01 5.037498741312741117e+02
5.419053527118044000e-01 4.706584728819566976e+02
5.606541598694942952e-01 4.388925934747145448e+02
5.706576338400528581e-01 4.288302518175809723e+02
