2.166666666666666741e-02 6.277391000000000349e+04
4.454545454545454780e-02 3.395403636363636906e+04
6.211111111111110999e-02 1.917693777777778087e+04
8.302469135802469091e-02 1.341609629629629671e+04
1.001960784313725428e-01 1.234892352941176432e+04
1.238590604026845732e-01 1.080110604026845431e+04
1.404228855721393054e-01 9.434043084577113405e+03
1.630075187969924899e-01 7.922684699248119614e+03
1.808858858858858887e-01 5.822490420420420378e+03
2.036394557823129059e-01 5.262687392290248681e+03
2.190557939914163088e-01 4.722720836909871650e+03
2.426502732240437277e-01 3.399387704918032796e+03
2.596589259796807103e-01 3.386459346879536042e+03
2.811171662125340753e-01 3.263533855585831134e+03
3.008784530386739986e-01 3.344991248618784539e+03
3.206315289648623001e-01 3.147624226020892365e+03
3.399619047619047429e-01 2.557458609523809628e+03
3.619689737470166979e-01 2.187926610978520330e+03
3.799070887818307152e-01 2.123492567102546673e+03
4.013341804320203487e-01 1.809465667090215902e+03
4.195595854922279933e-01 1.657711030512377647e+03
4.407771883289124948e-01 1.681755289124668479e+03
4.600780487804878027e-01 1.405017122926829188e+03
4.807973648341663520e-01 1.135536202635165864e+03
5.009150981177412643e-01 1.086702350020024141e+03
5.204555984555984116e-01 1.471378138223938322e+03
5.419053527118044000e-01 1.560400315490960566e+03
5.606541598694942952e-01 1.223225622838499021e+03
5.706576338400528581e-01 1.142222005287508182e+03
