2.166666666666666741e-02 2.443495500000000175e+04
4.454545454545454780e-02 2.438709545454545514e+04
6.211111111111110999e-02 2.017898888888888905e+04
8.302469135802469091e-02 1.125601407407407351e+04
1.001960784313725428e-01 8.905496176470587670e+03
1.238590604026845732e-01 8.851596979865771573e+03
1.404228855721393054e-01 7.647287412935323118e+03
1.630075187969924899e-01 5.250417443609022484e+03
1.808858858858858887e-01 3.681417027027027416e+03
2.036394557823129059e-01 3.448200136054421819e+03
2.190557939914163088e-01 3.274554227467811415e+03
2.426502732240437277e-01 2.710577650273223753e+03
2.596589259796807103e-01 2.411594092888243722e+03
2.811171662125340753e-01 2.176598596730244935e+03
3.008784530386739986e-01 2.225789215469613282e+03
3.206315289648623001e-01 2.018503561253561656e+03
3.399619047619047429e-01 1.668571085714285800e+03
3.619689737470166979e-01 1.490532720763723091e+03
3.799070887818307152e-01 1.608682188575361351e+03
4.013341804320203487e-01 1.435556467598475137e+03
4.195595854922279933e-01 1.266186401842256828e+03
4.407771883289124948e-01 1.446490535809018638e+03
4.600780487804878027e-01 1.196552271707317004e+03
4.807973648341663520e-01 9.282988900499772171e+02
5.009150981177412643e-01 9.819057348818582796e+02
5.204555984555984116e-01 1.149318270270270432e+03
5.419053527118044000e-01 1.106258012052463755e+03
5.606541598694942952e-01 8.200543990212071321e+02
5.706576338400528581e-01 6.893241645736945884e+02
