2.166666666666666741e-02 9.485931000000000495e+03
4.454545454545454780e-02 1.077114636363636237e+04
6.211111111111110999e-02 1.127269377777777663e+04
8.302469135802469091e-02 7.770347037037036898e+03
1.001960784313725428e-01 5.816455098039215954e+03
1.238590604026845732e-01 4.624132013422819000e+03
1.404228855721393054e-01 3.542882437810945248e+03
1.630075187969924899e-01 2.985835827067669015e+03
1.808858858858858887e-01 2.623780060060059895e+03
2.036394557823129059e-01 2.017115419501134056e+03
2.190557939914163088e-01 1.719633626609441990e+03
2.426502732240437277e-01 1.422713752276867126e+03
2.596589259796807103e-01 1.339352844702467564e+03
2.811171662125340753e-01 1.260383937329700302e+03
3.008784530386739986e-01 1.200870254143646434e+03
3.206315289648623001e-01 1.100684662867996167e+03
3.399619047619047429e-01 9.861753933333333180e+02
3.619689737470166979e-01 9.078117494033411958e+02
3.799070887818307152e-01 8.647939194769442111e+02
4.013341804320203487e-01 7.719909904701398773e+02
4.195595854922279933e-01 6.684715474956821026e+02
4.407771883289124948e-01 6.543424180371351895e+02
4.600780487804878027e-01 6.253421926829267932e+02
4.807973648341663520e-01 5.855487728305315613e+02
5.009150981177412643e-01 5.611941746095315011e+02
5.204555984555984116e-01 5.382126926640926285e+02
5.419053527118044000e-01 5.148541694434597957e+02
5.606541598694942952e-01 4.758596969004893822e+02
5.706576338400528581e-01 4.574128770654328946e+02
