2.166666666666666741e-02 7.760679916666665122e+03
4.454545454545454780e-02 9.624247272727272502e+03
6.211111111111110999e-02 1.015535866666666698e+04
8.302469135802469091e-02 7.340869012345679039e+03
1.001960784313725428e-01 5.452840784313725635e+03
1.238590604026845732e-01 4.214698053691275163e+03
1.404228855721393054e-01 3.316021094527362948e+03
1.630075187969924899e-01 2.773607293233083055e+03
1.808858858858858887e-01 2.351158018018018083e+03
2.036394557823129059e-01 1.901777052154194962e+03
2.190557939914163088e-01 1.666494442060085930e+03
2.426502732240437277e-01 1.348940346083788654e+03
2.596589259796807103e-01 1.259161712626995495e+03
2.811171662125340753e-01 1.150666961852861050e+03
3.008784530386739986e-01 1.099405889502762420e+03
3.206315289648623001e-01 1.007070265906932605e+03
3.399619047619047429e-01 9.137083380952381049e+02
3.619689737470166979e-01 8.480824033412887957e+02
3.799070887818307152e-01 8.176249222298692985e+02
4.013341804320203487e-01 7.457204059720457963e+02
4.195595854922279933e-01 6.432031565918249498e+02
4.407771883289124948e-01 6.142460769230768847e+02
4.600780487804878027e-01 5.836497287804878624e+02
4.807973648341663520e-01 5.516691108587006056e+02
5.009150981177412643e-01 5.267380628754505096e+02
5.204555984555984116e-01 4.973772884169884492e+02
5.419053527118044000e-01 4.820867032967033197e+02
5.606541598694942952e-01 4.488781455138662295e+02
5.706576338400528581e-01 4.279902604097818539e+02
