2.166666666666666741e-02 1.068746333333333459e+05
4.454545454545454780e-02 8.615458181818181765e+04
6.211111111111110999e-02 4.881347555555555300e+04
8.302469135802469091e-02 2.174666049382715937e+04
1.001960784313725428e-01 1.288790019607842987e+04
1.238590604026845732e-01 1.004564724832214779e+04
1.404228855721393054e-01 8.261561791044776328e+03
1.630075187969924899e-01 8.331251879699248093e+03
1.808858858858858887e-01 1.032030330330330253e+04
2.036394557823129059e-01 7.351227732426304101e+03
2.190557939914163088e-01 3.679468991416309109e+03
2.426502732240437277e-01 3.817109581056466141e+03
2.596589259796807103e-01 3.670157808417996876e+03
2.811171662125340753e-01 2.536889673024522835e+03
3.008784530386739986e-01 4.056687348066298000e+03
3.206315289648623001e-01 5.057175963912630323e+03
3.399619047619047429e-01 4.260818866666666509e+03
3.619689737470166979e-01 3.294166778042959322e+03
3.799070887818307152e-01 3.251541417756365718e+03
4.013341804320203487e-01 3.282188748411689176e+03
4.195595854922279933e-01 3.332489700633275334e+03
4.407771883289124948e-01 2.723497257294429801e+03
4.600780487804878027e-01 1.676034461463414573e+03
4.807973648341663520e-01 1.432491447523852685e+03
5.009150981177412643e-01 1.782539259110933244e+03
5.204555984555984116e-01 2.078977675675675528e+03
5.419053527118044000e-01 2.163751580999645284e+03
5.606541598694942952e-01 2.700006776508972052e+03
5.706576338400528581e-01 3.292964553866490405e+03
