-2.175000000000000000e+01 1.665083063135645691e+00 6.766971811120440217e-01 1.079796998164345117e-05 1.079796998164345117e-05
-2.125000000000000000e+01 1.573934862045939909e+00 4.570372428631797046e-01 3.844077313465068543e-05 3.844077313465068543e-05
-2.075000000000000000e+01 1.479719701336117188e+00 4.218331020741672432e-01 9.156678544433646675e-05 9.156678544433646675e-05
-2.025000000000000000e+01 1.467000902323404521e+00 4.747527932993509947e-01 2.012741604578339343e-04 2.012741604578339343e-04
-1.975000000000000000e+01 1.363691720666856178e+00 4.093699207691464670e-01 6.878306878306878662e-04 6.878306878306878662e-04
-1.925000000000000000e+01 1.311081140791595878e+00 3.927101187038857799e-01 2.043623798725839429e-03 2.043623798725839429e-03
-1.875000000000000000e+01 1.279688072558188949e+00 3.456576078051159517e-01 4.599719252780477483e-03 4.599719252780477483e-03
-1.825000000000000000e+01 1.266170678080702716e+00 3.553273628227036629e-01 7.995464852607709130e-03 7.995464852607709130e-03
-1.775000000000000000e+01 1.265975523165898675e+00 4.003662206301816795e-01 1.260166288737717306e-02 1.260166288737717306e-02
-1.725000000000000000e+01 1.256896892388110087e+00 4.241026173455046955e-01 1.891761148904005929e-02 1.891761148904005929e-02
