2.166666666666666741e-02 -1.308859166666666624e+03
4.454545454545454780e-02 4.198869772727272903e+03
6.211111111111110999e-02 5.646100444444445202e+03
8.302469135802469091e-02 5.230161481481481133e+03
1.001960784313725428e-01 4.372602156862745687e+03
1.238590604026845732e-01 3.134248993288591009e+03
1.404228855721393054e-01 2.507879800995025107e+03
1.630075187969924899e-01 2.263697330827067617e+03
1.808858858858858887e-01 2.128828858858858894e+03
2.036394557823129059e-01 1.735252267573696145e+03
2.190557939914163088e-01 1.527879527896996024e+03
2.426502732240437277e-01 1.360103020036429825e+03
2.596589259796807103e-01 1.161646470246734452e+03
2.811171662125340753e-01 5.044484005449590995e+02
3.008784530386739986e-01 6.658244375690608194e+02
3.206315289648623001e-01 1.167605546058879554e+03
3.399619047619047429e-01 8.158773676190475044e+02
3.619689737470166979e-01 4.072003436754176846e+02
3.799070887818307152e-01 6.455884762560219770e+02
4.013341804320203487e-01 7.473238144853875156e+02
4.195595854922279933e-01 6.855346344271733869e+02
4.407771883289124948e-01 5.959027432360743433e+02
4.600780487804878027e-01 4.150942790243902323e+02
4.807973648341663520e-01 3.376455506587914215e+02
5.009150981177412643e-01 2.979927741289547498e+02
5.204555984555984116e-01 3.218594895752895582e+02
5.419053527118044000e-01 3.769732764976957924e+02
5.606541598694942952e-01 3.963784704730832118e+02
5.706576338400528581e-01 4.164238730998017672e+02
