2.166666666666666741e-02 1.836138733333333221e+04
4.454545454545454780e-02 1.379045818181818322e+04
6.211111111111110999e-02 1.028140177777777899e+04
8.302469135802469091e-02 6.706151975308642250e+03
1.001960784313725428e-01 4.969220784313724835e+03
1.238590604026845732e-01 3.928018590604026940e+03
1.404228855721393054e-01 3.219234129353233584e+03
1.630075187969924899e-01 2.631144849624060043e+03
1.808858858858858887e-01 2.318452942942943082e+03
2.036394557823129059e-01 1.995429319727891425e+03
2.190557939914163088e-01 1.645285343347639355e+03
2.426502732240437277e-01 1.170234608378870689e+03
2.596589259796807103e-01 1.197410856313497789e+03
2.811171662125340753e-01 1.161022997275204261e+03
3.008784530386739986e-01 1.107285303867403172e+03
3.206315289648623001e-01 1.025128664767331657e+03
3.399619047619047429e-01 7.866979123809522889e+02
3.619689737470166979e-01 6.824321145584725627e+02
3.799070887818307152e-01 6.340322560220234891e+02
4.013341804320203487e-01 5.913520489199491976e+02
4.195595854922279933e-01 5.640290230282095081e+02
4.407771883289124948e-01 5.645754456233422616e+02
4.600780487804878027e-01 5.551950024390243925e+02
4.807973648341663520e-01 4.734911476601545246e+02
5.009150981177412643e-01 4.373961565879054660e+02
5.204555984555984116e-01 3.911956042471042565e+02
5.419053527118044000e-01 3.633234781992201192e+02
5.606541598694942952e-01 4.066207690048939867e+02
5.706576338400528581e-01 4.392724130865830148e+02
