2.166666666666666741e-02 5.961324316666667983e+03
4.454545454545454780e-02 6.181802727272728589e+03
6.211111111111110999e-02 5.583053111111111320e+03
8.302469135802469091e-02 3.979776790123456522e+03
1.001960784313725428e-01 3.030726274509804171e+03
1.238590604026845732e-01 2.245439463087248441e+03
1.404228855721393054e-01 1.799398009950248706e+03
1.630075187969924899e-01 1.533085639097744433e+03
1.808858858858858887e-01 1.288125345345345295e+03
2.036394557823129059e-01 1.020636154195011272e+03
2.190557939914163088e-01 8.829530021459225964e+02
2.426502732240437277e-01 7.032953715846994101e+02
2.596589259796807103e-01 6.564474571843250033e+02
2.811171662125340753e-01 6.256483378746594326e+02
3.008784530386739986e-01 5.830777303867403134e+02
3.206315289648623001e-01 5.177743931623931530e+02
3.399619047619047429e-01 4.384821571428571474e+02
3.619689737470166979e-01 3.893156825775656102e+02
3.799070887818307152e-01 3.794707219545766748e+02
4.013341804320203487e-01 3.377407331639136032e+02
4.195595854922279933e-01 2.977943897524468184e+02
4.407771883289124948e-01 2.825663358090185397e+02
4.600780487804878027e-01 2.708898478048781158e+02
4.807973648341663520e-01 2.491764693321217692e+02
5.009150981177412643e-01 2.329209050861033177e+02
5.204555984555984116e-01 2.247488613899613767e+02
5.419053527118044000e-01 2.072806221198156607e+02
5.606541598694942952e-01 1.919846365415986895e+02
5.706576338400528581e-01 1.883719068076668464e+02
