2.166666666666666741e-02 5.556595666666666511e+05
4.454545454545454780e-02 1.889683909090909001e+05
6.211111111111110999e-02 4.947176888888888789e+04
8.302469135802469091e-02 2.307327901234567980e+04
1.001960784313725428e-01 1.210100000000000000e+04
1.238590604026845732e-01 1.705560590604026947e+04
1.404228855721393054e-01 1.020700957711442788e+04
1.630075187969924899e-01 1.504804603383458743e+04
1.808858858858858887e-01 1.415322954954954730e+04
2.036394557823129059e-01 7.722321088435372985e+03
2.190557939914163088e-01 4.593914034334763528e+03
2.426502732240437277e-01 4.849998907103826014e+02
2.596589259796807103e-01 1.737984208998548866e+03
2.811171662125340753e-01 4.159477602179836140e+03
3.008784530386739986e-01 4.863809264088396958e+03
3.206315289648623001e-01 6.979417506172840149e+03
3.399619047619047429e-01 8.824912561904760878e+03
3.619689737470166979e-01 5.032960830548925514e+03
3.799070887818307152e-01 1.918038674466620478e+03
4.013341804320203487e-01 6.185212007623887303e+02
4.195595854922279933e-01 -1.914242487046631140e+02
4.407771883289124948e-01 -1.213528603713527673e+03
4.600780487804878027e-01 -1.187718740487805007e+03
4.807973648341663520e-01 -4.243167832803271153e+02
5.009150981177412643e-01 -8.613555018021623937e+02
5.204555984555984116e-01 -1.017557701544401652e+03
5.419053527118044000e-01 1.524449302020560026e+03
5.606541598694942952e-01 2.933580393474714128e+03
5.706576338400528581e-01 2.831174584269663228e+03
