2.166666666666666741e-02 -2.108991666666666788e+03
4.454545454545454780e-02 1.305020681818181765e+04
6.211111111111110999e-02 1.654346666666666715e+04
8.302469135802469091e-02 1.120336390123456840e+04
1.001960784313725428e-01 1.095654682352941199e+04
1.238590604026845732e-01 3.894185476510067474e+03
1.404228855721393054e-01 -7.083283532338308532e+02
1.630075187969924899e-01 3.838253590225563130e+03
1.808858858858858887e-01 4.898292462462462936e+03
2.036394557823129059e-01 2.326338231292516866e+03
2.190557939914163088e-01 1.195414163090129023e+03
2.426502732240437277e-01 2.175442477231330031e+03
2.596589259796807103e-01 2.159873962264151032e+03
2.811171662125340753e-01 -1.838853147138964459e+03
3.008784530386739986e-01 -3.672323204419890885e+02
3.206315289648623001e-01 1.643505204178537724e+03
3.399619047619047429e-01 -3.575676838095237713e+02
3.619689737470166979e-01 -4.435665871121714332e+01
3.799070887818307152e-01 7.970011878871300723e+02
4.013341804320203487e-01 1.427761371029224847e+03
4.195595854922279933e-01 9.016894047207828180e+02
4.407771883289124948e-01 8.653953236074270308e+02
4.600780487804878027e-01 4.905976699512194728e+02
4.807973648341663520e-01 -7.218636917764652026e+02
5.009150981177412643e-01 -2.551386323588305629e+02
5.204555984555984116e-01 5.921997277992278441e+02
5.419053527118044000e-01 4.274054377880184461e+02
5.606541598694942952e-01 5.324396965742250813e+02
5.706576338400528581e-01 1.178474970257766017e+03
