2.166666666666666741e-02 1.622040849999999955e+04
4.454545454545454780e-02 1.036226954545454464e+04
6.211111111111110999e-02 7.825965555555555511e+03
8.302469135802469091e-02 5.394804691358025593e+03
1.001960784313725428e-01 4.010535490196078172e+03
1.238590604026845732e-01 3.012428724832214812e+03
1.404228855721393054e-01 2.398582935323383026e+03
1.630075187969924899e-01 2.108624473684210443e+03
1.808858858858858887e-01 1.829288348348348336e+03
2.036394557823129059e-01 1.440977460317460100e+03
2.190557939914163088e-01 1.207461105150214507e+03
2.426502732240437277e-01 9.449044717668489284e+02
2.596589259796807103e-01 9.280061973875181138e+02
2.811171662125340753e-01 8.888559400544959317e+02
3.008784530386739986e-01 7.930176198895027255e+02
3.206315289648623001e-01 7.476362611585944933e+02
3.399619047619047429e-01 6.671493019047618418e+02
3.619689737470166979e-01 5.786345202863961958e+02
3.799070887818307152e-01 5.405932188575360442e+02
4.013341804320203487e-01 4.769228208386277288e+02
4.195595854922279933e-01 4.301002446747265253e+02
4.407771883289124948e-01 4.075249437665782466e+02
4.600780487804878027e-01 3.896025829268293137e+02
4.807973648341663520e-01 3.766762162653338919e+02
5.009150981177412643e-01 3.551499239086904254e+02
5.204555984555984116e-01 3.273016216216216208e+02
5.419053527118044000e-01 3.048523800070896641e+02
5.606541598694942952e-01 2.838129908646003514e+02
5.706576338400528581e-01 2.730453066754791962e+02
