2.166666666666666741e-02 5.683132966666667016e+03
4.454545454545454780e-02 5.556978181818181838e+03
6.211111111111110999e-02 4.937996000000000095e+03
8.302469135802469091e-02 3.441819876543209375e+03
1.001960784313725428e-01 2.758492941176470140e+03
1.238590604026845732e-01 2.124292281879194434e+03
1.404228855721393054e-01 1.637804825870646482e+03
1.630075187969924899e-01 1.375292857142857201e+03
1.808858858858858887e-01 1.168798168168168331e+03
2.036394557823129059e-01 9.305962539682539045e+02
2.190557939914163088e-01 7.996173111587983158e+02
2.426502732240437277e-01 6.094772586520947470e+02
2.596589259796807103e-01 5.622515123367198839e+02
2.811171662125340753e-01 5.449550217983651237e+02
3.008784530386739986e-01 5.057042011049723556e+02
3.206315289648623001e-01 4.614529563152896117e+02
3.399619047619047429e-01 4.031997219047618728e+02
3.619689737470166979e-01 3.466694677804296134e+02
3.799070887818307152e-01 3.295810185822435869e+02
4.013341804320203487e-01 2.964941264294790813e+02
4.195595854922279933e-01 2.617544104778353358e+02
4.407771883289124948e-01 2.511475161803713547e+02
4.600780487804878027e-01 2.407040536585366226e+02
4.807973648341663520e-01 2.157746487960018271e+02
5.009150981177412643e-01 1.957096748097717409e+02
5.204555984555984116e-01 1.899266984555984550e+02
5.419053527118044000e-01 1.794478351648351691e+02
5.606541598694942952e-01 1.639337494290375332e+02
5.706576338400528581e-01 1.588724771976206114e+02
