2.166666666666666741e-02 8.704056166666667195e+03
4.454545454545454780e-02 8.077908636363636106e+03
6.211111111111110999e-02 7.830634888888888781e+03
8.302469135802469091e-02 5.541694938271605679e+03
1.001960784313725428e-01 4.099302843137254968e+03
1.238590604026845732e-01 3.029633825503355638e+03
1.404228855721393054e-01 2.314365572139303367e+03
1.630075187969924899e-01 2.063850827067668888e+03
1.808858858858858887e-01 1.773234714714714528e+03
2.036394557823129059e-01 1.440706485260771160e+03
2.190557939914163088e-01 1.239310150214592340e+03
2.426502732240437277e-01 9.913997486338798808e+02
2.596589259796807103e-01 9.669200609579100956e+02
2.811171662125340753e-01 8.690814114441417360e+02
3.008784530386739986e-01 7.955459602209945160e+02
3.206315289648623001e-01 7.672600493827160335e+02
3.399619047619047429e-01 6.675745066666665934e+02
3.619689737470166979e-01 5.884729832935561262e+02
3.799070887818307152e-01 5.890419841706814168e+02
4.013341804320203487e-01 5.221182185514611547e+02
4.195595854922279933e-01 4.581519568221070813e+02
4.407771883289124948e-01 4.328370493368699954e+02
4.600780487804878027e-01 3.956854487804877749e+02
4.807973648341663520e-01 3.745001381190368193e+02
5.009150981177412643e-01 3.543737056467761590e+02
5.204555984555984116e-01 3.295753308880308623e+02
5.419053527118044000e-01 3.244187437079049801e+02
5.606541598694942952e-01 3.074380345840130531e+02
5.706576338400528581e-01 2.933672650363515686e+02
