2.166666666666666741e-02 6.033798416666667435e+03
4.454545454545454780e-02 5.917194090909090846e+03
6.211111111111110999e-02 5.392222666666666555e+03
8.302469135802469091e-02 3.878818024691358005e+03
1.001960784313725428e-01 3.036211470588235443e+03
1.238590604026845732e-01 2.288904093959731654e+03
1.404228855721393054e-01 1.812549552238805973e+03
1.630075187969924899e-01 1.563187406015037595e+03
1.808858858858858887e-01 1.292185915915915984e+03
2.036394557823129059e-01 9.912842222222220698e+02
2.190557939914163088e-01 8.655949978540771781e+02
2.426502732240437277e-01 6.926512550091075582e+02
2.596589259796807103e-01 6.514461872278665169e+02
2.811171662125340753e-01 6.365659046321526375e+02
3.008784530386739986e-01 5.888299657458562706e+02
3.206315289648623001e-01 5.222931263057929527e+02
3.399619047619047429e-01 4.408348009523809878e+02
3.619689737470166979e-01 3.943614439140811214e+02
3.799070887818307152e-01 3.845843207157604979e+02
4.013341804320203487e-01 3.403198564167725522e+02
4.195595854922279933e-01 2.993671479562464128e+02
4.407771883289124948e-01 2.774199740053050505e+02
4.600780487804878027e-01 2.664919814634146746e+02
4.807973648341663520e-01 2.499151363016810876e+02
5.009150981177412643e-01 2.303672210652783292e+02
5.204555984555984116e-01 2.195950888030888279e+02
5.419053527118044000e-01 2.090332353775256991e+02
5.606541598694942952e-01 1.934952747145187573e+02
5.706576338400528581e-01 1.856036834104428408e+02
