2.166666666666666741e-02 1.179448866666666618e+04
4.454545454545454780e-02 8.891077272727272430e+03
6.211111111111110999e-02 7.317246222222222968e+03
8.302469135802469091e-02 4.967130864197530173e+03
1.001960784313725428e-01 3.737793627450980694e+03
1.238590604026845732e-01 2.909568255033556852e+03
1.404228855721393054e-01 2.328206716417910229e+03
1.630075187969924899e-01 2.040307781954887105e+03
1.808858858858858887e-01 1.797219579579579658e+03
2.036394557823129059e-01 1.382584829931972763e+03
2.190557939914163088e-01 1.142794806866952968e+03
2.426502732240437277e-01 9.034072604735883942e+02
2.596589259796807103e-01 8.955164267053700087e+02
2.811171662125340753e-01 8.604567316076295356e+02
3.008784530386739986e-01 7.736401005524861603e+02
3.206315289648623001e-01 7.193351443494776731e+02
3.399619047619047429e-01 6.109028933333333953e+02
3.619689737470166979e-01 5.232855011933173728e+02
3.799070887818307152e-01 4.946056620784583515e+02
4.013341804320203487e-01 4.684692013977128795e+02
4.195595854922279933e-01 4.289214622913069093e+02
4.407771883289124948e-01 3.928648228116711039e+02
4.600780487804878027e-01 3.645569624390243462e+02
4.807973648341663520e-01 3.356588250795092563e+02
5.009150981177412643e-01 3.172742302763315934e+02
5.204555984555984116e-01 2.984000266409266260e+02
5.419053527118044000e-01 2.769496944345976317e+02
5.606541598694942952e-01 2.671331190864599989e+02
5.706576338400528581e-01 2.718891460674157088e+02
