2.166666666666666741e-02 1.400514283333333333e+04
4.454545454545454780e-02 9.210084545454545150e+03
6.211111111111110999e-02 7.884400888888888403e+03
8.302469135802469091e-02 5.589796790123456958e+03
1.001960784313725428e-01 4.049836176470587816e+03
1.238590604026845732e-01 3.069409865771812292e+03
1.404228855721393054e-01 2.319388407960198947e+03
1.630075187969924899e-01 2.010173233082706702e+03
1.808858858858858887e-01 1.806529519519519454e+03
2.036394557823129059e-01 1.470151179138321822e+03
2.190557939914163088e-01 1.219425405579399012e+03
2.426502732240437277e-01 9.439595063752277611e+02
2.596589259796807103e-01 9.261792597968069458e+02
2.811171662125340753e-01 8.732392411444142226e+02
3.008784530386739986e-01 7.934408895027623885e+02
3.206315289648623001e-01 7.527572117758784316e+02
3.399619047619047429e-01 6.508600295238095441e+02
3.619689737470166979e-01 5.591795441527447110e+02
3.799070887818307152e-01 5.451497536132139885e+02
4.013341804320203487e-01 4.835996817026683630e+02
4.195595854922279933e-01 4.430851370178468756e+02
4.407771883289124948e-01 4.260942891246683644e+02
4.600780487804878027e-01 3.875580234146341354e+02
4.807973648341663520e-01 3.516472716946842638e+02
5.009150981177412643e-01 3.388225502603123687e+02
5.204555984555984116e-01 3.315303698841698861e+02
5.419053527118044000e-01 3.160976299184686127e+02
5.606541598694942952e-01 2.939067484502446632e+02
5.706576338400528581e-01 2.819920581625908653e+02
