2.166666666666666741e-02 5.731293400000001384e+03
4.454545454545454780e-02 5.533645454545455323e+03
6.211111111111110999e-02 4.800889777777777454e+03
8.302469135802469091e-02 3.331214074074073778e+03
1.001960784313725428e-01 2.642084411764705692e+03
1.238590604026845732e-01 2.005141677852348948e+03
1.404228855721393054e-01 1.549752238805969910e+03
1.630075187969924899e-01 1.333172187969924835e+03
1.808858858858858887e-01 1.130331057057057251e+03
2.036394557823129059e-01 8.629186507936508406e+02
2.190557939914163088e-01 7.405790236051501552e+02
2.426502732240437277e-01 5.887383460837887696e+02
2.596589259796807103e-01 5.514741698113207349e+02
2.811171662125340753e-01 5.263502724795639551e+02
3.008784530386739986e-01 4.922443944751379945e+02
3.206315289648623001e-01 4.418355973409306330e+02
3.399619047619047429e-01 3.694640819047618834e+02
3.619689737470166979e-01 3.308268019093079033e+02
3.799070887818307152e-01 3.275751465932553401e+02
4.013341804320203487e-01 2.896135692503177097e+02
4.195595854922279933e-01 2.479665135290730973e+02
4.407771883289124948e-01 2.358045405835543704e+02
4.600780487804878027e-01 2.268376336585365891e+02
4.807973648341663520e-01 2.080154375283961770e+02
5.009150981177412643e-01 1.890089687625150248e+02
5.204555984555984116e-01 1.812727548262548396e+02
5.419053527118044000e-01 1.722534817440624124e+02
5.606541598694942952e-01 1.578268923327895550e+02
5.706576338400528581e-01 1.531116569729015282e+02
