-2.175000000000000000e+01 2.058065553797762348e+00 3.136275279310719588e-01
-2.125000000000000000e+01 1.893482998923505356e+00 1.274773107929021154e-01
-2.075000000000000000e+01 1.848564926061893932e+00 6.038995871432825679e-02
-2.025000000000000000e+01 1.656976907972351754e+00 3.289418374016327834e-02
-1.975000000000000000e+01 1.454733332509198451e+00 1.945704408487127640e-02
-1.925000000000000000e+01 1.369479341216228718e+00 1.278665003102286667e-02
-1.875000000000000000e+01 1.349473581105394393e+00 9.606759520541928443e-03
-1.825000000000000000e+01 1.330479600502626036e+00 7.925387380466403925e-03
-1.775000000000000000e+01 1.328156283795202564e+00 6.857823518256906878e-03
-1.725000000000000000e+01 1.289636063110919828e+00 6.045207238131636296e-03
-1.675000000000000000e+01 1.258361871196113091e+00 5.504411137700003162e-03
-1.625000000000000000e+01 1.232070676229256589e+00 5.074019768548673412e-03
-1.575000000000000000e+01 1.195613389647972369e+00 4.643789281492090651e-03
-1.525000000000000000e+01 1.165821804493671454e+00 4.317655109969047861e-03
-1.475000000000000000e+01 1.133607771659092878e+00 4.002753951792744833e-03
-1.425000000000000000e+01 1.068830146897754574e+00 3.625670341419394600e-03
