2.166666666666666741e-02 8.087833000000000175e+04
4.454545454545454780e-02 3.818218318181818177e+04
6.211111111111110999e-02 1.952095177777778008e+04
8.302469135802469091e-02 1.271945123456790134e+04
1.001960784313725428e-01 8.485641764705882451e+03
1.238590604026845732e-01 6.271793758389261711e+03
1.404228855721393054e-01 5.260185572139303986e+03
1.630075187969924899e-01 4.312580375939849546e+03
1.808858858858858887e-01 3.001872792792792552e+03
2.036394557823129059e-01 2.897759047619047578e+03
2.190557939914163088e-01 3.149011287553647890e+03
2.426502732240437277e-01 1.748909304189435034e+03
2.596589259796807103e-01 1.473059227866473066e+03
2.811171662125340753e-01 1.827289277929155332e+03
3.008784530386739986e-01 1.652521381215469773e+03
3.206315289648623001e-01 1.341730263057929733e+03
3.399619047619047429e-01 1.105433526666666694e+03
3.619689737470166979e-01 9.492006014319808855e+02
3.799070887818307152e-01 9.381177701307638017e+02
4.013341804320203487e-01 8.204491385006352857e+02
4.195595854922279933e-01 7.852122901554403143e+02
4.407771883289124948e-01 9.173767766578248484e+02
4.600780487804878027e-01 9.251649234146342451e+02
4.807973648341663520e-01 6.623867337573830127e+02
5.009150981177412643e-01 6.115770012014418171e+02
5.204555984555984116e-01 7.182093567567567334e+02
5.419053527118044000e-01 6.618846884083657187e+02
5.606541598694942952e-01 6.421304355628059284e+02
5.706576338400528581e-01 6.590523654990086015e+02
