2.166666666666666741e-02 5.117106549999999515e+03
4.454545454545454780e-02 6.177057272727271993e+03
6.211111111111110999e-02 5.636505555555555475e+03
8.302469135802469091e-02 3.963875925925925912e+03
1.001960784313725428e-01 3.129691078431372262e+03
1.238590604026845732e-01 2.362015973154362655e+03
1.404228855721393054e-01 1.865227064676616919e+03
1.630075187969924899e-01 1.556276691729323375e+03
1.808858858858858887e-01 1.297489729729729788e+03
2.036394557823129059e-01 1.054154897959183472e+03
2.190557939914163088e-01 9.228123047210300456e+02
2.426502732240437277e-01 7.105837304189435599e+02
2.596589259796807103e-01 6.714980217706821577e+02
2.811171662125340753e-01 6.404511471389645294e+02
3.008784530386739986e-01 5.995492651933701609e+02
3.206315289648623001e-01 5.462075868945869388e+02
3.399619047619047429e-01 4.560378057142857529e+02
3.619689737470166979e-01 3.999589427207637300e+02
3.799070887818307152e-01 3.902793310392291914e+02
4.013341804320203487e-01 3.548487280813214966e+02
4.195595854922279933e-01 3.192050811744387033e+02
4.407771883289124948e-01 3.010430610079575331e+02
4.600780487804878027e-01 2.867868912195122562e+02
4.807973648341663520e-01 2.626299504770558428e+02
5.009150981177412643e-01 2.388918534241089162e+02
5.204555984555984116e-01 2.323786324324324539e+02
5.419053527118044000e-01 2.228078823112371367e+02
5.606541598694942952e-01 2.031547758564437345e+02
5.706576338400528581e-01 1.951102101784534284e+02
