2.166666666666666741e-02 5.732426333333332877e+03
4.454545454545454780e-02 6.479031818181818380e+03
6.211111111111110999e-02 5.824177333333333081e+03
8.302469135802469091e-02 4.153160246913579613e+03
1.001960784313725428e-01 3.327672254901960969e+03
1.238590604026845732e-01 2.495158590604026813e+03
1.404228855721393054e-01 2.001969452736318317e+03
1.630075187969924899e-01 1.752308571428571213e+03
1.808858858858858887e-01 1.501618078078078042e+03
2.036394557823129059e-01 1.101794975056689282e+03
2.190557939914163088e-01 9.003678347639483945e+02
2.426502732240437277e-01 7.238334990892532232e+02
2.596589259796807103e-01 6.869720812772133058e+02
2.811171662125340753e-01 6.834703760217983017e+02
3.008784530386739986e-01 6.529303248618784892e+02
3.206315289648623001e-01 5.866934795821463240e+02
3.399619047619047429e-01 4.957142066666666551e+02
3.619689737470166979e-01 4.376034868735084160e+02
3.799070887818307152e-01 4.188899559532002854e+02
4.013341804320203487e-01 3.741338672172807946e+02
4.195595854922279933e-01 3.404999453080023386e+02
4.407771883289124948e-01 3.273827904509283258e+02
4.600780487804878027e-01 3.121867112195121763e+02
4.807973648341663520e-01 2.893943471149477773e+02
5.009150981177412643e-01 2.673122178614337372e+02
5.204555984555984116e-01 2.533895752895752764e+02
5.419053527118044000e-01 2.347213342786246244e+02
5.606541598694942952e-01 2.127845781402936325e+02
5.706576338400528581e-01 2.039757884996695338e+02
