2.166666666666666741e-02 7.937473333333332448e+03
4.454545454545454780e-02 1.030554090909091065e+04
6.211111111111110999e-02 1.360357777777777846e+04
8.302469135802469091e-02 9.423808148148147666e+03
1.001960784313725428e-01 6.305865098039215809e+03
1.238590604026845732e-01 5.270136241610739489e+03
1.404228855721393054e-01 3.940643880597014686e+03
1.630075187969924899e-01 2.987208195488721685e+03
1.808858858858858887e-01 2.935229789789789720e+03
2.036394557823129059e-01 2.585463560090702686e+03
2.190557939914163088e-01 2.126478390557939747e+03
2.426502732240437277e-01 1.542887613843351573e+03
2.596589259796807103e-01 1.398972162554426632e+03
2.811171662125340753e-01 1.468326539509536588e+03
3.008784530386739986e-01 1.608382740331491505e+03
3.206315289648623001e-01 1.401994055080721637e+03
3.399619047619047429e-01 1.132840800952380960e+03
3.619689737470166979e-01 1.189155720763723139e+03
3.799070887818307152e-01 1.083703310392291769e+03
4.013341804320203487e-01 9.440142121982211165e+02
4.195595854922279933e-01 8.824243546344271181e+02
4.407771883289124948e-01 8.089118525198938414e+02
4.600780487804878027e-01 7.257383848780489188e+02
4.807973648341663520e-01 5.481551308496137835e+02
5.009150981177412643e-01 5.402578850620745925e+02
5.204555984555984116e-01 5.889271864864865620e+02
5.419053527118044000e-01 5.687995866713931719e+02
5.606541598694942952e-01 6.150714789559543760e+02
5.706576338400528581e-01 6.680412128222075125e+02
