2.166666666666666741e-02 8.426080333333333328e+03
4.454545454545454780e-02 7.976562272727272102e+03
6.211111111111110999e-02 7.602084666666666635e+03
8.302469135802469091e-02 5.926345308641974952e+03
1.001960784313725428e-01 4.398359705882353410e+03
1.238590604026845732e-01 3.105847516778523186e+03
1.404228855721393054e-01 2.347998955223880330e+03
1.630075187969924899e-01 2.127850000000000364e+03
1.808858858858858887e-01 2.006561531531531500e+03
2.036394557823129059e-01 1.664945306122448983e+03
2.190557939914163088e-01 1.460479313304721245e+03
2.426502732240437277e-01 1.059760881602914424e+03
2.596589259796807103e-01 1.014435158200290289e+03
2.811171662125340753e-01 1.011942125340599432e+03
3.008784530386739986e-01 9.978167292817679481e+02
3.206315289648623001e-01 8.611351994301994637e+02
3.399619047619047429e-01 6.949569599999999809e+02
3.619689737470166979e-01 6.842564606205251039e+02
3.799070887818307152e-01 6.288012429456297241e+02
4.013341804320203487e-01 5.181222496823380652e+02
4.195595854922279933e-01 4.585208146229130648e+02
4.407771883289124948e-01 4.565368885941643953e+02
4.600780487804878027e-01 4.569860468292683322e+02
4.807973648341663520e-01 4.287689527487506211e+02
5.009150981177412643e-01 3.710411449739687555e+02
5.204555984555984116e-01 3.537179189189189401e+02
5.419053527118044000e-01 3.687486093583835896e+02
5.606541598694942952e-01 3.514271814029363554e+02
5.706576338400528581e-01 3.403820138797091772e+02
