2.166666666666666741e-02 -1.250016666666666715e+05
4.454545454545454780e-02 1.653629999999999563e+04
6.211111111111110999e-02 1.360816222222221768e+04
8.302469135802469091e-02 -3.089051728395061582e+04
1.001960784313725428e-01 -9.523652941176471359e+03
1.238590604026845732e-01 1.555693154362415953e+04
1.404228855721393054e-01 -2.302721542288557612e+04
1.630075187969924899e-01 -2.460828496240601453e+04
1.808858858858858887e-01 -6.390655555555555111e+03
2.036394557823129059e-01 -4.158870929705216440e+03
2.190557939914163088e-01 4.588077167381973595e+03
2.426502732240437277e-01 8.207653479052822149e+03
2.596589259796807103e-01 -6.129180667634252131e+03
2.811171662125340753e-01 -4.698033923705719644e+03
3.008784530386739986e-01 9.638269060773480305e+03
3.206315289648623001e-01 3.098523637226970095e+03
3.399619047619047429e-01 -4.917298295238095307e+03
3.619689737470166979e-01 -1.627250119331741871e+03
3.799070887818307152e-01 1.032449814177564122e+03
4.013341804320203487e-01 -2.817159999999999854e+03
4.195595854922279933e-01 -7.658202832469777377e+02
4.407771883289124948e-01 -1.467512016976127143e+03
4.600780487804878027e-01 -5.353416619512195211e+03
4.807973648341663520e-01 -2.211336669695592718e+03
5.009150981177412643e-01 -2.119910026031237521e+03
5.204555984555984116e-01 -1.436072762548262972e+03
5.419053527118044000e-01 -1.662667054236086415e+03
5.606541598694942952e-01 1.804413833605220361e+03
5.706576338400528581e-01 7.143877699933907024e+03
