2.166666666666666741e-02 5.878379850000000260e+03
4.454545454545454780e-02 6.152483636363636833e+03
6.211111111111110999e-02 5.441713999999999942e+03
8.302469135802469091e-02 3.765390246913580086e+03
1.001960784313725428e-01 2.919125000000000000e+03
1.238590604026845732e-01 2.243893288590604243e+03
1.404228855721393054e-01 1.773706417910447726e+03
1.630075187969924899e-01 1.467968684210526362e+03
1.808858858858858887e-01 1.257026186186186123e+03
2.036394557823129059e-01 9.827519410430840026e+02
2.190557939914163088e-01 8.230405472103004740e+02
2.426502732240437277e-01 6.635639799635700911e+02
2.596589259796807103e-01 6.330070725689405435e+02
2.811171662125340753e-01 5.970895122615803530e+02
3.008784530386739986e-01 5.501646419889502795e+02
3.206315289648623001e-01 5.024883608736942620e+02
3.399619047619047429e-01 4.268652419047619446e+02
3.619689737470166979e-01 3.741813842482100085e+02
3.799070887818307152e-01 3.672862918100482261e+02
4.013341804320203487e-01 3.281372293519695518e+02
4.195595854922279933e-01 2.853153304548071674e+02
4.407771883289124948e-01 2.715784429708222660e+02
4.600780487804878027e-01 2.600568960975609798e+02
4.807973648341663520e-01 2.357959800090867759e+02
5.009150981177412643e-01 2.228212494993993005e+02
5.204555984555984116e-01 2.150026355212355327e+02
5.419053527118044000e-01 1.981219702233250644e+02
5.606541598694942952e-01 1.868389709624796069e+02
5.706576338400528581e-01 1.857290720423000607e+02
