2.166666666666666741e-02 6.144974666666666053e+03
4.454545454545454780e-02 6.825629999999999200e+03
6.211111111111110999e-02 6.337014888888888891e+03
8.302469135802469091e-02 4.401857654320988331e+03
1.001960784313725428e-01 3.382615000000000236e+03
1.238590604026845732e-01 2.622112348993288379e+03
1.404228855721393054e-01 2.127444179104477371e+03
1.630075187969924899e-01 1.814171879699247938e+03
1.808858858858858887e-01 1.560901381381381498e+03
2.036394557823129059e-01 1.201235147392290173e+03
2.190557939914163088e-01 9.857440665236051700e+02
2.426502732240437277e-01 7.898828178506375934e+02
2.596589259796807103e-01 7.590915907111756269e+02
2.811171662125340753e-01 7.440108010899182318e+02
3.008784530386739986e-01 7.031952022099447959e+02
3.206315289648623001e-01 6.330938926875593324e+02
3.399619047619047429e-01 5.385363666666667086e+02
3.619689737470166979e-01 4.743237136038186463e+02
3.799070887818307152e-01 4.495688740536820660e+02
4.013341804320203487e-01 3.994806149936467818e+02
4.195595854922279933e-01 3.679878606793321865e+02
4.407771883289124948e-01 3.610536907161804265e+02
4.600780487804878027e-01 3.409046370731707611e+02
4.807973648341663520e-01 2.990365211267605901e+02
5.009150981177412643e-01 2.744482474969963732e+02
5.204555984555984116e-01 2.716193131274131360e+02
5.419053527118044000e-01 2.513756593406593822e+02
5.606541598694942952e-01 2.283797546492658910e+02
5.706576338400528581e-01 2.239831011235955316e+02
