-2.375000000000000000e+01 4.460468008642934024e+00 6.237631727704628926e-01
-2.325000000000000000e+01 2.504942974709293058e+00 1.758602415977491562e-01
-2.275000000000000000e+01 2.170453682332673218e+00 8.066314737998353523e-02
-2.225000000000000000e+01 2.046493134407671111e+00 5.244788074156330610e-02
-2.175000000000000000e+01 1.841969229810448860e+00 3.745996256541814229e-02
-2.125000000000000000e+01 1.701177517075865619e+00 2.444684771416099842e-02
-2.075000000000000000e+01 1.462833839599700037e+00 1.516392865595662595e-02
-2.025000000000000000e+01 1.387055865486468642e+00 1.053786408312343617e-02
-1.975000000000000000e+01 1.386201400507937942e+00 8.830298189968202940e-03
-1.925000000000000000e+01 1.384218413927698510e+00 8.079585032638607334e-03
-1.875000000000000000e+01 1.342150289384130168e+00 7.439849915171358949e-03
-1.825000000000000000e+01 1.284721399798269603e+00 6.677310158143057346e-03
-1.775000000000000000e+01 1.245984916181170465e+00 5.949737500623501069e-03
