-2.375000000000000000e+01 1.918979697760573089e+00 8.719835558868559433e-01 3.239390994493035436e-06 3.239390994493035436e-06
-2.325000000000000000e+01 2.123631010233925753e+00 9.016290714611175927e-01 2.030018356548968800e-05 2.030018356548968800e-05
-2.275000000000000000e+01 2.062368427213298272e+00 6.968596846696977209e-01 7.191448007774538253e-05 7.191448007774538253e-05
-2.225000000000000000e+01 2.065990833865158915e+00 6.529002853659034988e-01 2.243818162185509234e-04 2.243818162185509234e-04
-2.175000000000000000e+01 1.979583940072524140e+00 7.670936835590446146e-01 4.805096641831335712e-04 4.805096641831335712e-04
-2.125000000000000000e+01 1.771626958680433406e+00 7.062040609796151891e-01 9.776482021379979785e-04 9.776482021379979785e-04
-2.075000000000000000e+01 1.570564576749357455e+00 6.742523384480514359e-01 2.220062628225893692e-03 2.220062628225893692e-03
-2.025000000000000000e+01 1.443570240662053861e+00 5.592025642524158791e-01 5.333981211532231627e-03 5.333981211532231627e-03
-1.975000000000000000e+01 1.394349289420927951e+00 5.580752545747450499e-01 9.793110895151712139e-03 9.793110895151712139e-03
-1.925000000000000000e+01 1.381093310091952020e+00 6.047261123027406482e-01 1.327135298563869928e-02 1.327135298563869928e-02
-1.875000000000000000e+01 1.361586810824173321e+00 6.230125420532535152e-01 1.620710506424792238e-02 1.620710506424792238e-02
-1.825000000000000000e+01 1.322938309821262592e+00 6.056853753296252973e-01 2.004103228593024505e-02 2.004103228593024505e-02
-1.775000000000000000e+01 1.282077608693238169e+00 5.571955577938744186e-01 2.485303962854983409e-02 2.485303962854983409e-02
