2.166666666666666741e-02 1.938416933333333291e+05
4.454545454545454780e-02 7.437597272727271775e+04
6.211111111111110999e-02 2.269668000000000029e+04
8.302469135802469091e-02 1.351116296296296241e+04
1.001960784313725428e-01 8.365005980392155834e+03
1.238590604026845732e-01 6.098650268456374761e+03
1.404228855721393054e-01 6.427673880597016250e+03
1.630075187969924899e-01 6.136716766917294080e+03
1.808858858858858887e-01 4.397318348348348081e+03
2.036394557823129059e-01 3.246434013605442033e+03
2.190557939914163088e-01 3.662614914163089907e+03
2.426502732240437277e-01 2.707384462659380461e+03
2.596589259796807103e-01 1.982147750362844818e+03
2.811171662125340753e-01 1.966448692098092806e+03
3.008784530386739986e-01 2.357611911602209602e+03
3.206315289648623001e-01 2.175913247863247761e+03
3.399619047619047429e-01 1.602789371428571485e+03
3.619689737470166979e-01 1.485898639618138304e+03
3.799070887818307152e-01 1.401428554714384063e+03
4.013341804320203487e-01 1.457937833545107878e+03
4.195595854922279933e-01 1.594489660333908887e+03
4.407771883289124948e-01 1.576652244031829923e+03
4.600780487804878027e-01 1.411175887804877902e+03
4.807973648341663520e-01 1.044199648341662851e+03
5.009150981177412643e-01 8.505256315578693602e+02
5.204555984555984116e-01 6.600627366795366697e+02
5.419053527118044000e-01 6.311339716412619509e+02
5.606541598694942952e-01 8.023210061990212125e+02
5.706576338400528581e-01 8.152397567746198774e+02
