2.166666666666666741e-02 8.709114999999999782e+03
4.454545454545454780e-02 7.523020454545453504e+03
6.211111111111110999e-02 6.987957999999999629e+03
8.302469135802469091e-02 4.950226296296296823e+03
1.001960784313725428e-01 3.768935294117647118e+03
1.238590604026845732e-01 2.913290402684564015e+03
1.404228855721393054e-01 2.199996119402985187e+03
1.630075187969924899e-01 1.910207255639097866e+03
1.808858858858858887e-01 1.683694024024023975e+03
2.036394557823129059e-01 1.279227959183673420e+03
2.190557939914163088e-01 1.100446545064377688e+03
2.426502732240437277e-01 9.022976393442623930e+02
2.596589259796807103e-01 8.352460246734398197e+02
2.811171662125340753e-01 8.157839291553133307e+02
3.008784530386739986e-01 7.527906088397788835e+02
3.206315289648623001e-01 6.738521699905032847e+02
3.399619047619047429e-01 5.860353161904762374e+02
3.619689737470166979e-01 5.107235250596658602e+02
3.799070887818307152e-01 4.887042243633860039e+02
4.013341804320203487e-01 4.433364269377382243e+02
4.195595854922279933e-01 3.923777996545767905e+02
4.407771883289124948e-01 3.805878498673740182e+02
4.600780487804878027e-01 3.643673624390243617e+02
4.807973648341663520e-01 3.298377828259881426e+02
5.009150981177412643e-01 3.074844397276732479e+02
5.204555984555984116e-01 2.959260305019304838e+02
5.419053527118044000e-01 2.852721705069124596e+02
5.606541598694942952e-01 2.633270427406199019e+02
5.706576338400528581e-01 2.531765961665565214e+02
