-2.375000000000000000e+01 2.659875449708703155e+00 1.180843550907911266e-01
-2.325000000000000000e+01 2.241962000564644342e+00 6.704052041389071959e-02
-2.275000000000000000e+01 1.959297270709856598e+00 4.767137866623896020e-02
-2.225000000000000000e+01 1.869115078640691374e+00 3.479228425527397528e-02
-2.175000000000000000e+01 1.636786714698860834e+00 2.192261303800082523e-02
-2.125000000000000000e+01 1.472047786860801288e+00 1.467926742352939490e-02
-2.075000000000000000e+01 1.427747642806294737e+00 1.115356521484214478e-02
-2.025000000000000000e+01 1.398556719374669521e+00 9.668309217740233760e-03
-1.975000000000000000e+01 1.399806351789545600e+00 8.930450062212316395e-03
-1.925000000000000000e+01 1.369418578928740748e+00 8.360652021095843489e-03
-1.875000000000000000e+01 1.316104265373044591e+00 7.586511229325833272e-03
-1.825000000000000000e+01 1.261187259012208406e+00 6.691502521919789719e-03
-1.775000000000000000e+01 1.239635429749885720e+00 5.916712294673199223e-03
