2.166666666666666741e-02 6.049598799999999756e+03
4.454545454545454780e-02 5.876659545454544968e+03
6.211111111111110999e-02 5.171609111111110906e+03
8.302469135802469091e-02 3.485252222222221917e+03
1.001960784313725428e-01 2.685314705882352882e+03
1.238590604026845732e-01 2.050560738255033357e+03
1.404228855721393054e-01 1.607341741293532323e+03
1.630075187969924899e-01 1.382029992481202953e+03
1.808858858858858887e-01 1.172433477477477481e+03
2.036394557823129059e-01 9.101994467120181298e+02
2.190557939914163088e-01 7.836954270386266899e+02
2.426502732240437277e-01 6.146392586520946679e+02
2.596589259796807103e-01 5.718255805515240127e+02
2.811171662125340753e-01 5.545811989100817527e+02
3.008784530386739986e-01 5.166098596685083066e+02
3.206315289648623001e-01 4.762744767331433877e+02
3.399619047619047429e-01 4.123282980952381536e+02
3.619689737470166979e-01 3.464391288782816787e+02
3.799070887818307152e-01 3.310576689607707976e+02
4.013341804320203487e-01 2.975262312579415038e+02
4.195595854922279933e-01 2.606138370754173934e+02
4.407771883289124948e-01 2.546705045092838020e+02
4.600780487804878027e-01 2.471221043902438907e+02
4.807973648341663520e-01 2.195003621081326628e+02
5.009150981177412643e-01 1.984762831397677019e+02
5.204555984555984116e-01 1.952554803088802942e+02
5.419053527118044000e-01 1.824542570010634392e+02
5.606541598694942952e-01 1.658626192495921998e+02
5.706576338400528581e-01 1.628959920687375984e+02
