2.166666666666666741e-02 9.001755450000000565e+03
4.454545454545454780e-02 7.499019090909089755e+03
6.211111111111110999e-02 6.411454666666667435e+03
8.302469135802469091e-02 4.543860493827160099e+03
1.001960784313725428e-01 3.492617254901960223e+03
1.238590604026845732e-01 2.658857583892617185e+03
1.404228855721393054e-01 2.089309900497512444e+03
1.630075187969924899e-01 1.803305488721804522e+03
1.808858858858858887e-01 1.569812522522522613e+03
2.036394557823129059e-01 1.194584566893423926e+03
2.190557939914163088e-01 9.990570815450644204e+02
2.426502732240437277e-01 7.992001347905281818e+02
2.596589259796807103e-01 7.665976168359942449e+02
2.811171662125340753e-01 7.679590940054495150e+02
3.008784530386739986e-01 7.123961160220994770e+02
3.206315289648623001e-01 6.373800759734093617e+02
3.399619047619047429e-01 5.433594561904761804e+02
3.619689737470166979e-01 4.819289809069212538e+02
3.799070887818307152e-01 4.650765299380591955e+02
4.013341804320203487e-01 4.131058640406606628e+02
4.195595854922279933e-01 3.760773747841105319e+02
4.407771883289124948e-01 3.628865421750663245e+02
4.600780487804878027e-01 3.393343029268292526e+02
4.807973648341663520e-01 3.117064702407996606e+02
5.009150981177412643e-01 2.843739014817781481e+02
5.204555984555984116e-01 2.701239088803088748e+02
5.419053527118044000e-01 2.572341368309110408e+02
5.606541598694942952e-01 2.316945079934747298e+02
5.706576338400528581e-01 2.209236239259748515e+02
