2.166666666666666741e-02 9.657789833333334172e+03
4.454545454545454780e-02 7.661298636363635524e+03
6.211111111111110999e-02 6.206529111111112798e+03
8.302469135802469091e-02 4.258529012345678893e+03
1.001960784313725428e-01 3.304135196078431363e+03
1.238590604026845732e-01 2.498210067114093818e+03
1.404228855721393054e-01 1.904129900497512381e+03
1.630075187969924899e-01 1.668290601503759490e+03
1.808858858858858887e-01 1.495782792792792634e+03
2.036394557823129059e-01 1.143002453514739273e+03
2.190557939914163088e-01 9.431063261802574971e+02
2.426502732240437277e-01 7.284269836065573145e+02
2.596589259796807103e-01 6.939719056603773879e+02
2.811171662125340753e-01 7.078771321525886151e+02
3.008784530386739986e-01 6.480970651933702129e+02
3.206315289648623001e-01 5.779876885090219503e+02
3.399619047619047429e-01 4.995122333333333131e+02
3.619689737470166979e-01 4.369915011933174469e+02
3.799070887818307152e-01 4.145647205781142475e+02
4.013341804320203487e-01 3.725734783989835250e+02
4.195595854922279933e-01 3.325170339666091763e+02
4.407771883289124948e-01 3.215850238726790735e+02
4.600780487804878027e-01 3.096121643902438905e+02
4.807973648341663520e-01 2.674258950477055805e+02
5.009150981177412643e-01 2.417629691629956312e+02
5.204555984555984116e-01 2.367452872586872559e+02
5.419053527118044000e-01 2.195156185749733879e+02
5.606541598694942952e-01 1.991099673735726014e+02
5.706576338400528581e-01 1.944437078651685624e+02
