2.166666666666666741e-02 8.079303999999999360e+04
4.454545454545454780e-02 3.134850818181818249e+04
6.211111111111110999e-02 1.252017733333333308e+04
8.302469135802469091e-02 9.994410246913579613e+03
1.001960784313725428e-01 5.779404705882353483e+03
1.238590604026845732e-01 4.590056711409395575e+03
1.404228855721393054e-01 5.145912388059701698e+03
1.630075187969924899e-01 4.280555751879699528e+03
1.808858858858858887e-01 3.382677717717718224e+03
2.036394557823129059e-01 2.546004761904762290e+03
2.190557939914163088e-01 1.981654163090128577e+03
2.426502732240437277e-01 1.242983657559198718e+03
2.596589259796807103e-01 1.102793320754716888e+03
2.811171662125340753e-01 1.570692138964577452e+03
3.008784530386739986e-01 1.689882298342541390e+03
3.206315289648623001e-01 1.456907426400759732e+03
3.399619047619047429e-01 1.123153319047619107e+03
3.619689737470166979e-01 8.221526563245822672e+02
3.799070887818307152e-01 6.220808520302821307e+02
4.013341804320203487e-01 4.445463703939009292e+02
4.195595854922279933e-01 3.357147340241796201e+02
4.407771883289124948e-01 5.000340291777188213e+02
4.600780487804878027e-01 6.563372165853658089e+02
4.807973648341663520e-01 6.536856142662426237e+02
5.009150981177412643e-01 6.760574705646776010e+02
5.204555984555984116e-01 4.979861667953667848e+02
5.419053527118044000e-01 5.489115661113080478e+02
5.606541598694942952e-01 7.323145804241436281e+02
5.706576338400528581e-01 7.920180152015861950e+02
