2.166666666666666741e-02 8.471648999999999432e+03
4.454545454545454780e-02 7.593310454545455286e+03
6.211111111111110999e-02 7.342784222222221615e+03
8.302469135802469091e-02 5.379341728395061182e+03
1.001960784313725428e-01 4.154333039215685858e+03
1.238590604026845732e-01 3.129633087248322681e+03
1.404228855721393054e-01 2.409591144278606862e+03
1.630075187969924899e-01 2.132576203007518870e+03
1.808858858858858887e-01 1.806213963963964034e+03
2.036394557823129059e-01 1.434044331065759707e+03
2.190557939914163088e-01 1.227614656652360281e+03
2.426502732240437277e-01 9.545877012750455606e+02
2.596589259796807103e-01 9.160205195936140399e+02
2.811171662125340753e-01 8.865665599455040820e+02
3.008784530386739986e-01 7.868345204419890706e+02
3.206315289648623001e-01 7.128762117758784598e+02
3.399619047619047429e-01 6.422399723809523948e+02
3.619689737470166979e-01 5.570803914081144512e+02
3.799070887818307152e-01 5.410047095664142489e+02
4.013341804320203487e-01 4.912678951715374751e+02
4.195595854922279933e-01 4.409164237190558424e+02
4.407771883289124948e-01 4.193383543766577759e+02
4.600780487804878027e-01 3.855684965853658355e+02
4.807973648341663520e-01 3.648563562017264985e+02
5.009150981177412643e-01 3.451788245895073715e+02
5.204555984555984116e-01 3.289752586872587585e+02
5.419053527118044000e-01 3.110543137185395608e+02
5.606541598694942952e-01 2.874416714518760045e+02
5.706576338400528581e-01 2.854622412425644598e+02
