2.166666666666666741e-02 1.923979666666666526e+04
4.454545454545454780e-02 1.377197727272727207e+04
6.211111111111110999e-02 1.453479999999999927e+04
8.302469135802469091e-02 1.042884679012345623e+04
1.001960784313725428e-01 6.822768627450980603e+03
1.238590604026845732e-01 5.655850536912751522e+03
1.404228855721393054e-01 4.223315124378109431e+03
1.630075187969924899e-01 3.234280676691728786e+03
1.808858858858858887e-01 3.148603363363363314e+03
2.036394557823129059e-01 2.703860793650793767e+03
2.190557939914163088e-01 2.312826974248926945e+03
2.426502732240437277e-01 1.640645974499089334e+03
2.596589259796807103e-01 1.444940000000000282e+03
2.811171662125340753e-01 1.559402438692098031e+03
3.008784530386739986e-01 1.655216143646408909e+03
3.206315289648623001e-01 1.395794254510921064e+03
3.399619047619047429e-01 1.093143055238095030e+03
3.619689737470166979e-01 1.107761923627684837e+03
3.799070887818307152e-01 1.053405863730213241e+03
4.013341804320203487e-01 9.658111105463785862e+02
4.195595854922279933e-01 8.096606609096143075e+02
4.407771883289124948e-01 8.013693092838196890e+02
4.600780487804878027e-01 8.000478273170732564e+02
4.807973648341663520e-01 5.988637791912767625e+02
5.009150981177412643e-01 5.670071049259111078e+02
5.204555984555984116e-01 5.829247111969112893e+02
5.419053527118044000e-01 5.152729135058490328e+02
5.606541598694942952e-01 5.702238776508972933e+02
5.706576338400528581e-01 6.784821130204890096e+02
