-2.175000000000000000e+01 1.611147436415253598e+00 6.444450968910676592e-01 1.490119857466796326e-05 1.490119857466796326e-05
-2.125000000000000000e+01 1.532462395013685308e+00 4.923491099589321629e-01 4.945470251592700735e-05 4.945470251592700735e-05
-2.075000000000000000e+01 1.468510873419616169e+00 4.142449028983689607e-01 1.107871720116618128e-04 1.107871720116618128e-04
-2.025000000000000000e+01 1.377073964562895769e+00 3.931449308343104021e-01 3.451031206133246994e-04 3.451031206133246994e-04
-1.975000000000000000e+01 1.319306658819972222e+00 3.703644975448225907e-01 1.108951517114782365e-03 1.108951517114782365e-03
-1.925000000000000000e+01 1.280830802456042639e+00 3.286612565546450648e-01 2.827988338192419845e-03 2.827988338192419845e-03
-1.875000000000000000e+01 1.256936820265217136e+00 3.157775760232839901e-01 5.368102796674225317e-03 5.368102796674225317e-03
-1.825000000000000000e+01 1.242359849710843900e+00 3.241366969172116974e-01 8.426087895475650735e-03 8.426087895475650735e-03
-1.775000000000000000e+01 1.232322218022527949e+00 3.490678995257020523e-01 1.253860274268437519e-02 1.253860274268437519e-02
-1.725000000000000000e+01 1.225150485378971865e+00 3.808330633406287746e-01 1.849217147176330719e-02 1.849217147176330719e-02
-1.675000000000000000e+01 1.218177146666657773e+00 3.944978414971118674e-01 2.507223841917719312e-02 2.507223841917719312e-02
-1.625000000000000000e+01 1.212368050822933085e+00 4.080271222603561454e-01 3.132253536335168759e-02 3.132253536335168759e-02
-1.575000000000000000e+01 1.201871427765781375e+00 4.107141540571777050e-01 3.804060036713097920e-02 3.804060036713097920e-02
-1.525000000000000000e+01 1.193992328128731906e+00 4.195801564395755801e-01 4.545988554151819683e-02 4.545988554151819683e-02
-1.475000000000000000e+01 1.182996383598281742e+00 4.214680360436176554e-01 5.452672497570456439e-02 5.452672497570456439e-02
-1.425000000000000000e+01 1.170287907065948874e+00 4.037027997523043310e-01 6.635266169960048199e-02 6.635266169960048199e-02
