2.166666666666666741e-02 7.086549933333332774e+03
4.454545454545454780e-02 6.771104090909089791e+03
6.211111111111110999e-02 5.930874444444443725e+03
8.302469135802469091e-02 4.221438518518518322e+03
1.001960784313725428e-01 3.325983235294117549e+03
1.238590604026845732e-01 2.540303154362416080e+03
1.404228855721393054e-01 1.986619701492537388e+03
1.630075187969924899e-01 1.716750263157894778e+03
1.808858858858858887e-01 1.454154264264264157e+03
2.036394557823129059e-01 1.080490494331065747e+03
2.190557939914163088e-01 9.132680493562230595e+02
2.426502732240437277e-01 7.435925009107468213e+02
2.596589259796807103e-01 7.104031378809869466e+02
2.811171662125340753e-01 6.851197629427792890e+02
3.008784530386739986e-01 6.401935779005525546e+02
3.206315289648623001e-01 5.785670902184234592e+02
3.399619047619047429e-01 4.851517047619047958e+02
3.619689737470166979e-01 4.262789498806682786e+02
3.799070887818307152e-01 4.164274067446662002e+02
4.013341804320203487e-01 3.723267725540026163e+02
4.195595854922279933e-01 3.306518791018998513e+02
4.407771883289124948e-01 3.158011320954906864e+02
4.600780487804878027e-01 2.980696268292682589e+02
4.807973648341663520e-01 2.774422975920036265e+02
5.009150981177412643e-01 2.555975294353223717e+02
5.204555984555984116e-01 2.456196301158300912e+02
5.419053527118044000e-01 2.375591474654377748e+02
5.606541598694942952e-01 2.204547938009787913e+02
5.706576338400528581e-01 2.165269735624586929e+02
