2.166666666666666741e-02 5.410858533333333980e+03
4.454545454545454780e-02 5.255835909090909809e+03
6.211111111111110999e-02 4.328513111111111357e+03
8.302469135802469091e-02 2.954108765432098608e+03
1.001960784313725428e-01 2.367329215686274893e+03
1.238590604026845732e-01 1.781221006711409245e+03
1.404228855721393054e-01 1.382308457711442770e+03
1.630075187969924899e-01 1.203940593984962334e+03
1.808858858858858887e-01 1.007983189189189147e+03
2.036394557823129059e-01 7.560868843537414250e+02
2.190557939914163088e-01 6.496447188841201523e+02
2.426502732240437277e-01 5.109242969034608564e+02
2.596589259796807103e-01 4.711765805515239549e+02
2.811171662125340753e-01 4.524556416893732944e+02
3.008784530386739986e-01 4.193074265193370138e+02
3.206315289648623001e-01 3.817435308641975666e+02
3.399619047619047429e-01 3.336374923809523807e+02
3.619689737470166979e-01 2.870399689737470226e+02
3.799070887818307152e-01 2.749285719201651546e+02
4.013341804320203487e-01 2.490893348157560467e+02
4.195595854922279933e-01 2.176132101324121777e+02
4.407771883289124948e-01 2.046340838196286143e+02
4.600780487804878027e-01 1.986131585365853596e+02
4.807973648341663520e-01 1.806083248523398765e+02
5.009150981177412643e-01 1.614147392871445845e+02
5.204555984555984116e-01 1.569985544401544360e+02
5.419053527118044000e-01 1.492025480326125546e+02
5.606541598694942952e-01 1.364102753670473192e+02
5.706576338400528581e-01 1.331355228023793700e+02
