2.166666666666666741e-02 5.138079400000000533e+03
4.454545454545454780e-02 5.140397727272727025e+03
6.211111111111110999e-02 4.202324444444443543e+03
8.302469135802469091e-02 2.845636419753086102e+03
1.001960784313725428e-01 2.285848627450980530e+03
1.238590604026845732e-01 1.719776979865771864e+03
1.404228855721393054e-01 1.315433502487562237e+03
1.630075187969924899e-01 1.162087563909774417e+03
1.808858858858858887e-01 9.824085585585585250e+02
2.036394557823129059e-01 7.159827913832198192e+02
2.190557939914163088e-01 6.153329957081544990e+02
2.426502732240437277e-01 4.858848615664845170e+02
2.596589259796807103e-01 4.486164804063860743e+02
2.811171662125340753e-01 4.350230395095367157e+02
3.008784530386739986e-01 4.020213878453038774e+02
3.206315289648623001e-01 3.661164264007597353e+02
3.399619047619047429e-01 3.181581247619047303e+02
3.619689737470166979e-01 2.734259045346061612e+02
3.799070887818307152e-01 2.641405932553337834e+02
4.013341804320203487e-01 2.371305501905972335e+02
4.195595854922279933e-01 2.049714818652849715e+02
4.407771883289124948e-01 1.941532090185676509e+02
4.600780487804878027e-01 1.881018907317073001e+02
4.807973648341663520e-01 1.704066610631531091e+02
5.009150981177412643e-01 1.537570917100520660e+02
5.204555984555984116e-01 1.483017648648648503e+02
5.419053527118044000e-01 1.399559975186104168e+02
5.606541598694942952e-01 1.289233872756933295e+02
5.706576338400528581e-01 1.261862326503635074e+02
