2.166666666666666741e-02 4.913334850000000188e+03
4.454545454545454780e-02 5.279313181818181874e+03
6.211111111111110999e-02 4.806216666666666242e+03
8.302469135802469091e-02 3.217950493827160244e+03
1.001960784313725428e-01 2.525990784313725271e+03
1.238590604026845732e-01 1.971442080536912727e+03
1.404228855721393054e-01 1.511653781094527631e+03
1.630075187969924899e-01 1.286978887218045202e+03
1.808858858858858887e-01 1.083647489489489772e+03
2.036394557823129059e-01 8.350587777777778911e+02
2.190557939914163088e-01 7.288459120171672794e+02
2.426502732240437277e-01 5.691445282331511635e+02
2.596589259796807103e-01 5.280758301886792196e+02
2.811171662125340753e-01 5.125034059945504623e+02
3.008784530386739986e-01 4.762890530386740693e+02
3.206315289648623001e-01 4.344267122507122281e+02
3.399619047619047429e-01 3.707155885714286114e+02
3.619689737470166979e-01 3.237946730310262637e+02
3.799070887818307152e-01 3.090764838265657772e+02
4.013341804320203487e-01 2.730660838627700286e+02
4.195595854922279933e-01 2.439314202648243963e+02
4.407771883289124948e-01 2.320816334217506380e+02
4.600780487804878027e-01 2.200347053658536538e+02
4.807973648341663520e-01 2.006520849613811777e+02
5.009150981177412643e-01 1.830863696435723114e+02
5.204555984555984116e-01 1.762323548262548343e+02
5.419053527118044000e-01 1.667941176887628387e+02
5.606541598694942952e-01 1.531517647634584023e+02
5.706576338400528581e-01 1.490568823529411588e+02
