2.166666666666666741e-02 8.519082500000000437e+03
4.454545454545454780e-02 7.430834090909091174e+03
6.211111111111110999e-02 6.858109111111111815e+03
8.302469135802469091e-02 4.979542839506172641e+03
1.001960784313725428e-01 3.900237941176470940e+03
1.238590604026845732e-01 3.036260536912751377e+03
1.404228855721393054e-01 2.426605323383084396e+03
1.630075187969924899e-01 2.031506541353383454e+03
1.808858858858858887e-01 1.721033963963964197e+03
2.036394557823129059e-01 1.362452993197279056e+03
2.190557939914163088e-01 1.159659012875536519e+03
2.426502732240437277e-01 9.176927030965391623e+02
2.596589259796807103e-01 8.662787140783743780e+02
2.811171662125340753e-01 8.372969046321525184e+02
3.008784530386739986e-01 7.607606607734807085e+02
3.206315289648623001e-01 7.051159857549858998e+02
3.399619047619047429e-01 6.219791657142857275e+02
3.619689737470166979e-01 5.328938926014319577e+02
3.799070887818307152e-01 5.233382429456297587e+02
4.013341804320203487e-01 4.831919790343075078e+02
4.195595854922279933e-01 4.113859205526770779e+02
4.407771883289124948e-01 3.967279973474801409e+02
4.600780487804878027e-01 3.842271468292683494e+02
4.807973648341663520e-01 3.533516001817355345e+02
5.009150981177412643e-01 3.268571537845414809e+02
5.204555984555984116e-01 3.146476428571428414e+02
5.419053527118044000e-01 3.080713356965614480e+02
5.606541598694942952e-01 2.829787869494290362e+02
5.706576338400528581e-01 2.738033694646397862e+02
