2.166666666666666741e-02 2.928533333333333212e+04
4.454545454545454780e-02 7.092968636363636506e+03
6.211111111111110999e-02 8.984024444444443134e+02
8.302469135802469091e-02 7.232742592592592700e+03
1.001960784313725428e-01 5.586014313725489956e+03
1.238590604026845732e-01 4.319264899328858519e+03
1.404228855721393054e-01 6.138936815920398658e+03
1.630075187969924899e-01 3.015547590977443633e+03
1.808858858858858887e-01 -4.932571795795795424e+02
2.036394557823129059e-01 1.208943499319727977e+02
2.190557939914163088e-01 4.374875897682402865e+03
2.426502732240437277e-01 3.627302295081967259e+03
2.596589259796807103e-01 3.047424760522496399e+03
2.811171662125340753e-01 2.343273937329699947e+03
3.008784530386739986e-01 2.825201878453038375e+02
3.206315289648623001e-01 -1.055411905033238327e+03
3.399619047619047429e-01 -2.302520559047618917e+03
3.619689737470166979e-01 -7.233588949880669361e+02
3.799070887818307152e-01 4.268871988988297517e+01
4.013341804320203487e-01 6.278666461245234132e+02
4.195595854922279933e-01 2.014453185377086811e+03
4.407771883289124948e-01 9.685963178779841201e+02
4.600780487804878027e-01 1.122529608390243766e+03
4.807973648341663520e-01 2.147105420263516407e+03
5.009150981177412643e-01 -1.651270324389265909e+01
5.204555984555984116e-01 -2.139152104247103807e+02
5.419053527118044000e-01 1.233831289968096371e+03
5.606541598694942952e-01 8.192676052202283472e+02
5.706576338400528581e-01 1.681212729676140327e+02
