-2.175000000000000000e+01 1.864875516281548018e+00 7.471264169605232874e-01 5.096641831335709075e-05 5.096641831335709075e-05
-2.125000000000000000e+01 1.817389131841961936e+00 6.517870666203781083e-01 1.479321887485152772e-04 1.479321887485152772e-04
-2.075000000000000000e+01 1.792750989440809128e+00 6.474846934757775285e-01 4.010366051182377581e-04 4.010366051182377581e-04
-2.025000000000000000e+01 1.639991557215285889e+00 6.794706969068986524e-01 1.066839434186373035e-03 1.066839434186373035e-03
-1.975000000000000000e+01 1.484271563261695848e+00 5.816799297381769485e-01 2.680488068243170197e-03 2.680488068243170197e-03
-1.925000000000000000e+01 1.392179092298252652e+00 5.182175414349908804e-01 5.776697980779613682e-03 5.776697980779613682e-03
-1.875000000000000000e+01 1.356354664819332978e+00 4.998292064356301689e-01 9.902602310765576399e-03 9.902602310765576399e-03
-1.825000000000000000e+01 1.347332151536893230e+00 5.473787524156528139e-01 1.432048374905517743e-02 1.432048374905517743e-02
-1.775000000000000000e+01 1.328973356661145244e+00 5.687198567622395728e-01 1.895756397797214096e-02 1.895756397797214096e-02
-1.725000000000000000e+01 1.298443165338899030e+00 5.678610855486886377e-01 2.427837166612676831e-02 2.427837166612676831e-02
