2.166666666666666741e-02 5.771320999999999913e+03
4.454545454545454780e-02 6.379510909090909081e+03
6.211111111111110999e-02 5.930198666666667123e+03
8.302469135802469091e-02 4.246075802469135851e+03
1.001960784313725428e-01 3.412353725490196211e+03
1.238590604026845732e-01 2.571628322147651033e+03
1.404228855721393054e-01 2.027923233830845902e+03
1.630075187969924899e-01 1.789880413533834599e+03
1.808858858858858887e-01 1.537823963963964161e+03
2.036394557823129059e-01 1.150438580498866258e+03
2.190557939914163088e-01 9.323098733905579820e+02
2.426502732240437277e-01 7.205253897996357182e+02
2.596589259796807103e-01 7.084288708272860049e+02
2.811171662125340753e-01 7.169956307901908303e+02
3.008784530386739986e-01 6.742994353591159324e+02
3.206315289648623001e-01 6.003076989553655949e+02
3.399619047619047429e-01 5.076900638095238492e+02
3.619689737470166979e-01 4.600644105011933220e+02
3.799070887818307152e-01 4.464868458362009278e+02
4.013341804320203487e-01 3.896938646759846847e+02
4.195595854922279933e-01 3.487742544617155431e+02
4.407771883289124948e-01 3.374831098143235977e+02
4.600780487804878027e-01 3.163546112195122078e+02
4.807973648341663520e-01 2.940756633348477749e+02
5.009150981177412643e-01 2.732449879855826680e+02
5.204555984555984116e-01 2.592734146718146349e+02
5.419053527118044000e-01 2.413492226160935843e+02
5.606541598694942952e-01 2.181576551386623066e+02
5.706576338400528581e-01 2.106230489094514269e+02
