2.166666666666666741e-02 5.285109066666666877e+03
4.454545454545454780e-02 5.444590454545455032e+03
6.211111111111110999e-02 4.941571111111111350e+03
8.302469135802469091e-02 3.388319012345679312e+03
1.001960784313725428e-01 2.669413137254902267e+03
1.238590604026845732e-01 2.039175973154362282e+03
1.404228855721393054e-01 1.566192686567164174e+03
1.630075187969924899e-01 1.327027511278195561e+03
1.808858858858858887e-01 1.124648612612612624e+03
2.036394557823129059e-01 8.779892653061224337e+02
2.190557939914163088e-01 7.615877961373390690e+02
2.426502732240437277e-01 5.945770546448086407e+02
2.596589259796807103e-01 5.526344673439767803e+02
2.811171662125340753e-01 5.339721485013624260e+02
3.008784530386739986e-01 4.955974198895028167e+02
3.206315289648623001e-01 4.506330009496676325e+02
3.399619047619047429e-01 3.825228009523809192e+02
3.619689737470166979e-01 3.352236587112171833e+02
3.799070887818307152e-01 3.238458485891259215e+02
4.013341804320203487e-01 2.856884822109275319e+02
4.195595854922279933e-01 2.549077449625791871e+02
4.407771883289124948e-01 2.434758668435013078e+02
4.600780487804878027e-01 2.293644878048780242e+02
4.807973648341663520e-01 2.096247428441617444e+02
5.009150981177412643e-01 1.910182390869042877e+02
5.204555984555984116e-01 1.841656922779922922e+02
5.419053527118044000e-01 1.728169003899326697e+02
5.606541598694942952e-01 1.598165298531810663e+02
5.706576338400528581e-01 1.584884097818902831e+02
