2.166666666666666741e-02 1.797315866666666625e+04
4.454545454545454780e-02 1.059254000000000087e+04
6.211111111111110999e-02 7.545522222222221899e+03
8.302469135802469091e-02 5.166247777777776719e+03
1.001960784313725428e-01 3.769138431372548439e+03
1.238590604026845732e-01 2.946811073825503172e+03
1.404228855721393054e-01 2.427413383084577163e+03
1.630075187969924899e-01 2.174309924812029749e+03
1.808858858858858887e-01 1.894819669669669565e+03
2.036394557823129059e-01 1.474498866213151814e+03
2.190557939914163088e-01 1.236246824034334850e+03
2.426502732240437277e-01 9.613839562841529869e+02
2.596589259796807103e-01 9.396772162554427723e+02
2.811171662125340753e-01 8.888112465940055245e+02
3.008784530386739986e-01 8.010880408839778966e+02
3.206315289648623001e-01 7.729331244064578641e+02
3.399619047619047429e-01 6.718087019047618469e+02
3.619689737470166979e-01 5.826818973747016344e+02
3.799070887818307152e-01 5.571006772195457870e+02
4.013341804320203487e-01 4.850327236340533545e+02
4.195595854922279933e-01 4.328961122625216262e+02
4.407771883289124948e-01 4.082343846153846130e+02
4.600780487804878027e-01 3.985513858536585303e+02
4.807973648341663520e-01 3.804230013630168514e+02
5.009150981177412643e-01 3.536674877853424164e+02
5.204555984555984116e-01 3.319015220077220079e+02
5.419053527118044000e-01 3.040615884438142871e+02
5.606541598694942952e-01 2.902293164763458435e+02
5.706576338400528581e-01 2.914865373430270665e+02
