-2.375000000000000000e+01 2.562303048475122580e+00 1.102307747753701467e-01
-2.325000000000000000e+01 2.222689628427806152e+00 6.140410800657140206e-02
-2.275000000000000000e+01 1.915936371529543436e+00 4.264320214848748430e-02
-2.225000000000000000e+01 1.757526379873478373e+00 2.759356182336962504e-02
-2.175000000000000000e+01 1.545840151943415508e+00 1.779200466515331105e-02
-2.125000000000000000e+01 1.517735041519265193e+00 1.377111377576754198e-02
-2.075000000000000000e+01 1.456049792892656791e+00 1.202308081451217321e-02
-2.025000000000000000e+01 1.419726743177635031e+00 1.094430558302292474e-02
-1.975000000000000000e+01 1.400205242036595576e+00 1.018906638312794960e-02
-1.925000000000000000e+01 1.386665908652234158e+00 9.526705972799290670e-03
-1.875000000000000000e+01 1.332266867420024203e+00 8.733209954226916691e-03
-1.825000000000000000e+01 1.305659118820521103e+00 7.757014625897155728e-03
-1.775000000000000000e+01 1.246740551693519938e+00 6.771780031742485190e-03
-1.725000000000000000e+01 1.237766505141045581e+00 6.002520256216867071e-03
-1.675000000000000000e+01 1.210509082764435806e+00 5.473780934329746523e-03
-1.625000000000000000e+01 1.185191484698476128e+00 5.063302307331039517e-03
-1.575000000000000000e+01 1.158382322983785961e+00 4.710993619647063819e-03
-1.525000000000000000e+01 1.135336787703819184e+00 4.344270891268172015e-03
-1.475000000000000000e+01 1.062140803113846843e+00 3.945552759069393019e-03
-1.425000000000000000e+01 1.010414274309266114e+00 3.601966873123691251e-03
