2.166666666666666741e-02 5.693830416666666679e+03
4.454545454545454780e-02 5.521866818181818417e+03
6.211111111111110999e-02 4.558102222222221826e+03
8.302469135802469091e-02 3.084700000000000273e+03
1.001960784313725428e-01 2.447974901960784337e+03
1.238590604026845732e-01 1.877847919463087010e+03
1.404228855721393054e-01 1.458047661691542316e+03
1.630075187969924899e-01 1.234384992481202744e+03
1.808858858858858887e-01 1.044510414414414299e+03
2.036394557823129059e-01 8.042584739229025672e+02
2.190557939914163088e-01 6.908120300429185363e+02
2.426502732240437277e-01 5.391665336976320759e+02
2.596589259796807103e-01 4.990282293178519808e+02
2.811171662125340753e-01 4.814427384196184789e+02
3.008784530386739986e-01 4.460834386740331183e+02
3.206315289648623001e-01 4.043622687559354176e+02
3.399619047619047429e-01 3.518476952380951843e+02
3.619689737470166979e-01 3.072135775656324768e+02
3.799070887818307152e-01 2.941706724019270496e+02
4.013341804320203487e-01 2.583729695044472692e+02
4.195595854922279933e-01 2.258768031088082751e+02
4.407771883289124948e-01 2.150918021220159346e+02
4.600780487804878027e-01 2.061570507317073293e+02
4.807973648341663520e-01 1.897030999545661132e+02
5.009150981177412643e-01 1.718615722867440923e+02
5.204555984555984116e-01 1.643809015444015245e+02
5.419053527118044000e-01 1.549767036511875347e+02
5.606541598694942952e-01 1.433603259380097938e+02
5.706576338400528581e-01 1.406509153998678130e+02
