2.166666666666666741e-02 4.559423999999999796e+04
4.454545454545454780e-02 2.223743272727272779e+04
6.211111111111110999e-02 1.391403600000000006e+04
8.302469135802469091e-02 1.066431382716049666e+04
1.001960784313725428e-01 6.810789705882353701e+03
1.238590604026845732e-01 4.572869060402685136e+03
1.404228855721393054e-01 4.265617611940298957e+03
1.630075187969924899e-01 3.669640150375939811e+03
1.808858858858858887e-01 3.197042582582583236e+03
2.036394557823129059e-01 3.503850204081632455e+03
2.190557939914163088e-01 3.323421051502146383e+03
2.426502732240437277e-01 2.065292877959927409e+03
2.596589259796807103e-01 1.610571683599419657e+03
2.811171662125340753e-01 1.905344536784741422e+03
3.008784530386739986e-01 1.881084685082872738e+03
3.206315289648623001e-01 1.466322165242165283e+03
3.399619047619047429e-01 1.378151399999999967e+03
3.619689737470166979e-01 1.213559241050119454e+03
3.799070887818307152e-01 1.129283459050240936e+03
4.013341804320203487e-01 9.609074409148665836e+02
4.195595854922279933e-01 8.054447564766838923e+02
4.407771883289124948e-01 9.069723246684350215e+02
4.600780487804878027e-01 9.844589321951218608e+02
4.807973648341663520e-01 8.096132153566561556e+02
5.009150981177412643e-01 7.331639267120544901e+02
5.204555984555984116e-01 7.705236903474904011e+02
5.419053527118044000e-01 6.294570864941509853e+02
5.606541598694942952e-01 6.500054336052202189e+02
5.706576338400528581e-01 7.648464600132188025e+02
