2.166666666666666741e-02 6.169502916666667261e+03
4.454545454545454780e-02 6.125772727272727025e+03
6.211111111111110999e-02 5.341986444444444714e+03
8.302469135802469091e-02 3.522381604938272176e+03
1.001960784313725428e-01 2.785545098039215645e+03
1.238590604026845732e-01 2.222107181208054044e+03
1.404228855721393054e-01 1.686582238805970292e+03
1.630075187969924899e-01 1.433401390977443725e+03
1.808858858858858887e-01 1.241306426426426469e+03
2.036394557823129059e-01 9.560190476190475692e+02
2.190557939914163088e-01 8.133114806866952904e+02
2.426502732240437277e-01 6.335919599271402376e+02
2.596589259796807103e-01 5.919183047895501204e+02
2.811171662125340753e-01 5.898997874659401077e+02
3.008784530386739986e-01 5.520243535911602066e+02
3.206315289648623001e-01 4.967498385565052104e+02
3.399619047619047429e-01 4.300186152380952080e+02
3.619689737470166979e-01 3.692068305489260638e+02
3.799070887818307152e-01 3.484413386097729131e+02
4.013341804320203487e-01 3.104172496823379674e+02
4.195595854922279933e-01 2.741924893494531261e+02
4.407771883289124948e-01 2.653309904509283683e+02
4.600780487804878027e-01 2.541013526829268301e+02
4.807973648341663520e-01 2.278873657428441390e+02
5.009150981177412643e-01 2.130522494993992666e+02
5.204555984555984116e-01 2.077452861003860960e+02
5.419053527118044000e-01 1.960279489542715510e+02
5.606541598694942952e-01 1.796797187601957546e+02
5.706576338400528581e-01 1.724024943820224678e+02
