2.166666666666666741e-02 1.420010700000000179e+04
4.454545454545454780e-02 1.009915681818181838e+04
6.211111111111110999e-02 7.591084222222222706e+03
8.302469135802469091e-02 4.984956543209876145e+03
1.001960784313725428e-01 3.675527647058823732e+03
1.238590604026845732e-01 2.932219999999999345e+03
1.404228855721393054e-01 2.477033980099502514e+03
1.630075187969924899e-01 2.219867706766917308e+03
1.808858858858858887e-01 1.833816876876876904e+03
2.036394557823129059e-01 1.393547460317460491e+03
2.190557939914163088e-01 1.178605386266094456e+03
2.426502732240437277e-01 9.309141930783241605e+02
2.596589259796807103e-01 9.436342264150943038e+02
2.811171662125340753e-01 8.998836498637602972e+02
3.008784530386739986e-01 8.191814154696133983e+02
3.206315289648623001e-01 7.535436077872744818e+02
3.399619047619047429e-01 6.483047580952380713e+02
3.619689737470166979e-01 5.589111288782817155e+02
3.799070887818307152e-01 5.208363523743977339e+02
4.013341804320203487e-01 4.868694567979669614e+02
4.195595854922279933e-01 4.357400051813471578e+02
4.407771883289124948e-01 4.024777395225464147e+02
4.600780487804878027e-01 3.749986419512194971e+02
4.807973648341663520e-01 3.597086201726488071e+02
5.009150981177412643e-01 3.477011746095315061e+02
5.204555984555984116e-01 3.233139660231660741e+02
5.419053527118044000e-01 2.909748766394895938e+02
5.606541598694942952e-01 2.808767337683523806e+02
5.706576338400528581e-01 2.955044500991407972e+02
