2.166666666666666741e-02 9.595753333333332193e+03
4.454545454545454780e-02 7.560032727272727243e+03
6.211111111111110999e-02 6.545918222222222539e+03
8.302469135802469091e-02 4.686800370370369819e+03
1.001960784313725428e-01 3.367317450980392096e+03
1.238590604026845732e-01 2.477786510067114705e+03
1.404228855721393054e-01 2.091522139303482618e+03
1.630075187969924899e-01 1.770317631578947385e+03
1.808858858858858887e-01 1.500974954954955138e+03
2.036394557823129059e-01 1.179331020408163113e+03
2.190557939914163088e-01 9.733728626609442927e+02
2.426502732240437277e-01 7.867898469945355373e+02
2.596589259796807103e-01 7.552836690856313453e+02
2.811171662125340753e-01 6.881131362397820794e+02
3.008784530386739986e-01 6.340249701657457990e+02
3.206315289648623001e-01 5.826942535612536176e+02
3.399619047619047429e-01 5.034506742857142854e+02
3.619689737470166979e-01 4.377471622911694453e+02
3.799070887818307152e-01 4.047098823124570117e+02
4.013341804320203487e-01 3.761458837357052403e+02
4.195595854922279933e-01 3.423785204375359967e+02
4.407771883289124948e-01 3.135421114058355556e+02
4.600780487804878027e-01 2.970686746341463618e+02
4.807973648341663520e-01 2.814229418446161048e+02
5.009150981177412643e-01 2.569714169002803601e+02
5.204555984555984116e-01 2.455531849420849824e+02
5.419053527118044000e-01 2.382783725629209357e+02
5.606541598694942952e-01 2.166474505709624623e+02
5.706576338400528581e-01 2.058266516853932444e+02
