2.166666666666666741e-02 9.675671666666667443e+04
4.454545454545454780e-02 3.087688409090909408e+04
6.211111111111110999e-02 8.434351599999999962e+03
8.302469135802469091e-02 9.556593728395060680e+03
1.001960784313725428e-01 7.559123137254900939e+03
1.238590604026845732e-01 8.172035973154363091e+03
1.404228855721393054e-01 5.585173184079601924e+03
1.630075187969924899e-01 1.943481240601503714e+03
1.808858858858858887e-01 1.541532192192192042e+03
2.036394557823129059e-01 1.806370294784580665e+03
2.190557939914163088e-01 3.195656330472103036e+03
2.426502732240437277e-01 2.030027333333333445e+03
2.596589259796807103e-01 1.104044638606676472e+03
2.811171662125340753e-01 1.303993228882833819e+03
3.008784530386739986e-01 2.078496254143646183e+03
3.206315289648623001e-01 2.027452943969610715e+03
3.399619047619047429e-01 1.327504466666666531e+03
3.619689737470166979e-01 1.208718195704057280e+03
3.799070887818307152e-01 1.347545362697866494e+03
4.013341804320203487e-01 1.330246213468869200e+03
4.195595854922279933e-01 1.350894779504893449e+03
4.407771883289124948e-01 1.138425436604774404e+03
4.600780487804878027e-01 5.454432736585365546e+02
4.807973648341663520e-01 4.320868746024534630e+02
5.009150981177412643e-01 8.843275090108133440e+01
5.204555984555984116e-01 -1.792217555984555588e+02
5.419053527118044000e-01 4.304904182913860495e+02
5.606541598694942952e-01 7.528097344208810000e+02
5.706576338400528581e-01 6.484883912756113205e+02
