-2.375000000000000000e+01 2.222494697378595507e+00 6.573027055213316316e-01 1.272000863837598477e-04 1.272000863837598477e-04
-2.325000000000000000e+01 2.136155885008152566e+00 7.765204489710443303e-01 3.088219414750026977e-04 3.088219414750026977e-04
-2.275000000000000000e+01 2.018423699084995082e+00 6.793340861030062738e-01 5.498326314652845657e-04 5.498326314652845657e-04
-2.225000000000000000e+01 1.862177028492638442e+00 7.976636314029914576e-01 9.303530936183997905e-04 9.303530936183997905e-04
-2.175000000000000000e+01 1.638957428558704521e+00 7.179568470013448778e-01 2.114890400604686489e-03 2.114890400604686489e-03
-2.125000000000000000e+01 1.526250054860787353e+00 6.506273840371823436e-01 4.432998596263902462e-03 4.432998596263902462e-03
-2.075000000000000000e+01 1.463633190986686428e+00 6.470008554326055483e-01 7.410214879602634690e-03 7.410214879602634690e-03
-2.025000000000000000e+01 1.422458332283593307e+00 6.476374079704632081e-01 9.746679624230644018e-03 9.746679624230644018e-03
-1.975000000000000000e+01 1.406428229490449988e+00 6.702759266589608522e-01 1.134240362811791449e-02 1.134240362811791449e-02
-1.925000000000000000e+01 1.369368297161873693e+00 6.498047141614495814e-01 1.289666342727567236e-02 1.289666342727567236e-02
-1.875000000000000000e+01 1.325235476082918140e+00 6.074543929011756438e-01 1.559075693769571350e-02 1.559075693769571350e-02
-1.825000000000000000e+01 1.288002835305225080e+00 5.674044476648505420e-01 1.994946550048590922e-02 1.994946550048590922e-02
-1.775000000000000000e+01 1.261829535716346484e+00 5.303275848064017417e-01 2.536767087787495864e-02 2.536767087787495864e-02
-1.725000000000000000e+01 1.248640033390257420e+00 5.357208859734484685e-01 3.036777885757477660e-02 3.036777885757477660e-02
-1.675000000000000000e+01 1.234632541454138810e+00 5.333318788178683656e-01 3.530201922038656709e-02 3.530201922038656709e-02
-1.625000000000000000e+01 1.215025619764986908e+00 5.036717197799159829e-01 4.045826584602094794e-02 4.045826584602094794e-02
-1.575000000000000000e+01 1.199342867772540400e+00 4.879895159871985300e-01 4.696965770435158199e-02 4.696965770435158199e-02
-1.525000000000000000e+01 1.178555068054581767e+00 4.502499827140011290e-01 5.683425116078177214e-02 5.683425116078177214e-02
-1.475000000000000000e+01 1.158882031630679821e+00 4.152898550275269107e-01 6.794061116510095866e-02 6.794061116510095866e-02
-1.425000000000000000e+01 1.140776350700646091e+00 3.758567143068044514e-01 7.898585465932404792e-02 7.898585465932404792e-02
