-2.375000000000000000e+01 2.336115171566917503e+00 7.753959052592430679e-01 7.364215527480833499e-05 7.364215527480833499e-05
-2.325000000000000000e+01 2.167555551761286114e+00 7.456993030081148222e-01 2.433862433862433734e-04 2.433862433862433734e-04
-2.275000000000000000e+01 2.053869470942969233e+00 7.076926069610144365e-01 4.699276536011230145e-04 4.699276536011230145e-04
-2.225000000000000000e+01 1.923818834320604187e+00 7.641715793203371909e-01 7.770219198790627056e-04 7.770219198790627056e-04
-2.175000000000000000e+01 1.694924308007502489e+00 7.695168183331968503e-01 1.634164777021919913e-03 1.634164777021919913e-03
-2.125000000000000000e+01 1.538120131832752868e+00 6.355077231781356417e-01 3.673685347154734965e-03 3.673685347154734965e-03
-2.075000000000000000e+01 1.469001575995257713e+00 6.379995541516790825e-01 6.967066191555987276e-03 6.967066191555987276e-03
-2.025000000000000000e+01 1.425801091318866787e+00 6.394540872253690056e-01 9.698088759313249971e-03 9.698088759313249971e-03
-1.975000000000000000e+01 1.407154175061016588e+00 6.696276882461714708e-01 1.155469171795702431e-02 1.155469171795702431e-02
-1.925000000000000000e+01 1.374606717154796431e+00 6.503729014473053072e-01 1.313270705107439859e-02 1.313270705107439859e-02
-1.875000000000000000e+01 1.330218867472980682e+00 6.073776096985471495e-01 1.572983479105928215e-02 1.572983479105928215e-02
-1.825000000000000000e+01 1.292346142363824946e+00 5.782029480392532061e-01 2.002375553395961683e-02 2.002375553395961683e-02
-1.775000000000000000e+01 1.262058513121757208e+00 5.261667292687690622e-01 2.539185833063383954e-02 2.539185833063383954e-02
-1.725000000000000000e+01 1.248492075556038250e+00 5.336935230859510826e-01 3.043580606845913000e-02 3.043580606845913000e-02
-1.675000000000000000e+01 1.235275487751974710e+00 5.334350572205487362e-01 3.545362271892884415e-02 3.545362271892884415e-02
-1.625000000000000000e+01 1.215902506433405028e+00 5.073008598734891628e-01 4.058848936399956503e-02 4.058848936399956503e-02
-1.575000000000000000e+01 1.199775273235713868e+00 4.869699460592412654e-01 4.699686858870532474e-02 4.699686858870532474e-02
-1.525000000000000000e+01 1.179176470540322930e+00 4.517029476223476392e-01 5.681438289601555003e-02 5.681438289601555003e-02
-1.475000000000000000e+01 1.159321705775397948e+00 4.160500554151098096e-01 6.796933376525213233e-02 6.796933376525213233e-02
-1.425000000000000000e+01 1.141502801679991741e+00 3.792562510330547143e-01 7.904761904761904712e-02 7.904761904761904712e-02
