2.166666666666666741e-02 9.754825500000000829e+03
4.454545454545454780e-02 8.939769090909090664e+03
6.211111111111110999e-02 7.487644888888889000e+03
8.302469135802469091e-02 5.150075185185184637e+03
1.001960784313725428e-01 3.732466862745097842e+03
1.238590604026845732e-01 3.038539395973154114e+03
1.404228855721393054e-01 2.524556567164178887e+03
1.630075187969924899e-01 2.139508082706766345e+03
1.808858858858858887e-01 1.829784864864865085e+03
2.036394557823129059e-01 1.426609773242630354e+03
2.190557939914163088e-01 1.242851609442059953e+03
2.426502732240437277e-01 9.689902732240437899e+02
2.596589259796807103e-01 9.470249492017416060e+02
2.811171662125340753e-01 9.156388855585829560e+02
3.008784530386739986e-01 8.487847292817679090e+02
3.206315289648623001e-01 7.888051348528015296e+02
3.399619047619047429e-01 6.657715523809522438e+02
3.619689737470166979e-01 5.598544176610978411e+02
3.799070887818307152e-01 5.207610653819683648e+02
4.013341804320203487e-01 4.578115355781448557e+02
4.195595854922279933e-01 4.121831853770869998e+02
4.407771883289124948e-01 4.160839374005305444e+02
4.600780487804878027e-01 3.896691409756097642e+02
4.807973648341663520e-01 3.747203457519309495e+02
5.009150981177412643e-01 3.749274477372847514e+02
5.204555984555984116e-01 3.431893606177606557e+02
5.419053527118044000e-01 3.069764179369018393e+02
5.606541598694942952e-01 2.905262711256117427e+02
5.706576338400528581e-01 2.950426867151355168e+02
