2.166666666666666741e-02 6.112589183333333494e+03
4.454545454545454780e-02 6.266298636363636433e+03
6.211111111111110999e-02 5.469503111111111139e+03
8.302469135802469091e-02 3.682020493827159953e+03
1.001960784313725428e-01 2.863552843137254968e+03
1.238590604026845732e-01 2.212681409395973333e+03
1.404228855721393054e-01 1.713664577114427857e+03
1.630075187969924899e-01 1.435795789473684408e+03
1.808858858858858887e-01 1.234161861861862008e+03
2.036394557823129059e-01 9.550422086167800444e+02
2.190557939914163088e-01 8.056079635193134436e+02
2.426502732240437277e-01 6.489329635701275265e+02
2.596589259796807103e-01 6.217278635703918326e+02
2.811171662125340753e-01 5.955042942779291479e+02
3.008784530386739986e-01 5.481682099447513110e+02
3.206315289648623001e-01 4.971677502374169535e+02
3.399619047619047429e-01 4.279832638095238053e+02
3.619689737470166979e-01 3.770615226730310496e+02
3.799070887818307152e-01 3.596590495526497193e+02
4.013341804320203487e-01 3.155426086404066268e+02
4.195595854922279933e-01 2.764928998272884542e+02
4.407771883289124948e-01 2.674868381962864987e+02
4.600780487804878027e-01 2.547173356097561339e+02
4.807973648341663520e-01 2.320319145842798889e+02
5.009150981177412643e-01 2.196109235082098508e+02
5.204555984555984116e-01 2.103688019305019452e+02
5.419053527118044000e-01 1.949158585607940495e+02
5.606541598694942952e-01 1.838205999999999847e+02
5.706576338400528581e-01 1.828912564441507129e+02
