2.166666666666666741e-02 3.498094500000000116e+05
4.454545454545454780e-02 1.301355954545454588e+05
6.211111111111110999e-02 2.927874000000000160e+04
8.302469135802469091e-02 1.753046790123456594e+04
1.001960784313725428e-01 1.538321450980392365e+04
1.238590604026845732e-01 1.193795637583892676e+04
1.404228855721393054e-01 6.457004756218905641e+03
1.630075187969924899e-01 5.724849571428571835e+03
1.808858858858858887e-01 7.283888978978980049e+03
2.036394557823129059e-01 5.193038798185942142e+03
2.190557939914163088e-01 2.968781459227468076e+03
2.426502732240437277e-01 2.300251092896175123e+03
2.596589259796807103e-01 2.644949419448475965e+03
2.811171662125340753e-01 2.031153269754768417e+03
3.008784530386739986e-01 1.283838875138121693e+03
3.206315289648623001e-01 1.456782651471984991e+03
3.399619047619047429e-01 2.100781276190476092e+03
3.619689737470166979e-01 1.759733288782816089e+03
3.799070887818307152e-01 1.437746699242945624e+03
4.013341804320203487e-01 1.551255806861499423e+03
4.195595854922279933e-01 1.586430944156591977e+03
4.407771883289124948e-01 1.495133002122015796e+03
4.600780487804878027e-01 1.575591833658536643e+03
4.807973648341663520e-01 1.200675444797819182e+03
5.009150981177412643e-01 1.267187242290748827e+03
5.204555984555984116e-01 1.858834023166023144e+03
5.419053527118044000e-01 1.844307720666430441e+03
5.606541598694942952e-01 1.558189259380097837e+03
5.706576338400528581e-01 1.407324943820224917e+03
