2.166666666666666741e-02 6.029415583333334325e+03
4.454545454545454780e-02 6.193842727272726734e+03
6.211111111111110999e-02 5.483219555555555417e+03
8.302469135802469091e-02 3.895936913580246255e+03
1.001960784313725428e-01 3.027004117647058592e+03
1.238590604026845732e-01 2.252632550335570613e+03
1.404228855721393054e-01 1.777860447761194109e+03
1.630075187969924899e-01 1.507761052631579105e+03
1.808858858858858887e-01 1.276126396396396558e+03
2.036394557823129059e-01 9.907880181405894291e+02
2.190557939914163088e-01 8.475770708154507247e+02
2.426502732240437277e-01 6.862334626593807343e+02
2.596589259796807103e-01 6.552717982583454841e+02
2.811171662125340753e-01 6.165584686648501247e+02
3.008784530386739986e-01 5.628850817679558531e+02
3.206315289648623001e-01 5.074948537511870654e+02
3.399619047619047429e-01 4.339773047619047475e+02
3.619689737470166979e-01 3.805305560859188176e+02
3.799070887818307152e-01 3.676799944941500371e+02
4.013341804320203487e-01 3.335679002541295972e+02
4.195595854922279933e-01 2.939069240069084685e+02
4.407771883289124948e-01 2.755895262599469220e+02
4.600780487804878027e-01 2.649521287804878398e+02
4.807973648341663520e-01 2.441815261244888688e+02
5.009150981177412643e-01 2.275058538245895079e+02
5.204555984555984116e-01 2.159204378378378522e+02
5.419053527118044000e-01 2.007823668911733250e+02
5.606541598694942952e-01 1.915292303425775060e+02
5.706576338400528581e-01 1.901980297422339277e+02
