2.166666666666666741e-02 -8.240666666666666060e+03
4.454545454545454780e-02 -2.027025909090909045e+04
6.211111111111110999e-02 -1.037446593777777707e+04
8.302469135802469091e-02 -1.889913175308642167e+03
1.001960784313725428e-01 1.752814313725490138e+04
1.238590604026845732e-01 8.453912053691274195e+03
1.404228855721393054e-01 -1.325644380099502450e+04
1.630075187969924899e-01 -7.485479323308270978e+03
1.808858858858858887e-01 -1.399194894894894560e+03
2.036394557823129059e-01 3.821665442176871238e+03
2.190557939914163088e-01 -2.177811673819741827e+03
2.426502732240437277e-01 -3.558913551912568437e+03
2.596589259796807103e-01 -1.953753091436864906e+03
2.811171662125340753e-01 -2.717062670299694460e+01
3.008784530386739986e-01 8.416266077348067256e+02
3.206315289648623001e-01 2.226338471035137900e+03
3.399619047619047429e-01 4.321369238095234095e+02
3.619689737470166979e-01 -2.889776229116945615e+03
3.799070887818307152e-01 -3.492057660013764689e+03
4.013341804320203487e-01 3.890722871664550553e+02
4.195595854922279933e-01 2.614358411053540749e+03
4.407771883289124948e-01 -3.008793309283819781e+03
4.600780487804878027e-01 -2.529505369756097934e+03
4.807973648341663520e-01 1.073955629259427724e+03
5.009150981177412643e-01 2.714409210252302728e+03
5.204555984555984116e-01 -9.953977150579152067e+02
5.419053527118044000e-01 -2.044672853598014854e+03
5.606541598694942952e-01 8.948913964110929555e+02
5.706576338400528581e-01 1.415066206212822181e+03
