2.166666666666666741e-02 7.161280200000000150e+03
4.454545454545454780e-02 6.892773636363635887e+03
6.211111111111110999e-02 6.154243111111110920e+03
8.302469135802469091e-02 4.111788518518518686e+03
1.001960784313725428e-01 3.020230392156862763e+03
1.238590604026845732e-01 2.409500604026845394e+03
1.404228855721393054e-01 1.974711094527363230e+03
1.630075187969924899e-01 1.646367969924812087e+03
1.808858858858858887e-01 1.369968138138138102e+03
2.036394557823129059e-01 1.081107696145124692e+03
2.190557939914163088e-01 9.157688519313304596e+02
2.426502732240437277e-01 7.090111092896175933e+02
2.596589259796807103e-01 6.845798955007256836e+02
2.811171662125340753e-01 6.659238746594005534e+02
3.008784530386739986e-01 6.118775690607734532e+02
3.206315289648623001e-01 5.490189667616334646e+02
3.399619047619047429e-01 4.707185380952380456e+02
3.619689737470166979e-01 4.138199307875895556e+02
3.799070887818307152e-01 3.908931885753613642e+02
4.013341804320203487e-01 3.516803608640406082e+02
4.195595854922279933e-01 3.177087789291882700e+02
4.407771883289124948e-01 3.057001384615384154e+02
4.600780487804878027e-01 2.906436556097560810e+02
4.807973648341663520e-01 2.610581558382552885e+02
5.009150981177412643e-01 2.375025534641569607e+02
5.204555984555984116e-01 2.370812362934362909e+02
5.419053527118044000e-01 2.267371095356256490e+02
5.606541598694942952e-01 2.002267086460032601e+02
5.706576338400528581e-01 1.923034038334434683e+02
