2.166666666666666741e-02 2.046203166666666584e+04
4.454545454545454780e-02 1.252803090909090861e+04
6.211111111111110999e-02 9.289386222222221477e+03
8.302469135802469091e-02 6.391610493827160099e+03
1.001960784313725428e-01 4.564288725490196157e+03
1.238590604026845732e-01 3.720555704697986130e+03
1.404228855721393054e-01 2.999728308457711591e+03
1.630075187969924899e-01 2.373492067669173139e+03
1.808858858858858887e-01 2.102091591591591623e+03
2.036394557823129059e-01 1.733802448979591873e+03
2.190557939914163088e-01 1.451887489270386141e+03
2.426502732240437277e-01 1.113399573770491770e+03
2.596589259796807103e-01 1.053007018867924444e+03
2.811171662125340753e-01 1.058292861035422447e+03
3.008784530386739986e-01 1.078063248618784428e+03
3.206315289648623001e-01 9.593357321937321558e+02
3.399619047619047429e-01 7.550575371428570861e+02
3.619689737470166979e-01 6.438169069212410704e+02
3.799070887818307152e-01 5.995151672401927954e+02
4.013341804320203487e-01 5.492746912325286530e+02
4.195595854922279933e-01 5.159344490500864140e+02
4.407771883289124948e-01 4.949891177718832864e+02
4.600780487804878027e-01 4.656988297560975525e+02
4.807973648341663520e-01 4.420736347114948330e+02
5.009150981177412643e-01 4.404281197436923776e+02
5.204555984555984116e-01 4.171587988416987969e+02
5.419053527118044000e-01 3.788557327188940462e+02
5.606541598694942952e-01 3.600149076672104798e+02
5.706576338400528581e-01 3.534737025776603332e+02
