2.166666666666666741e-02 6.256685333333333801e+03
4.454545454545454780e-02 6.739249090909090228e+03
6.211111111111110999e-02 7.121060666666666293e+03
8.302469135802469091e-02 5.164727777777778101e+03
1.001960784313725428e-01 4.004220980392157344e+03
1.238590604026845732e-01 3.119239932885906001e+03
1.404228855721393054e-01 2.455779253731343488e+03
1.630075187969924899e-01 2.085959323308270541e+03
1.808858858858858887e-01 1.767285495495495297e+03
2.036394557823129059e-01 1.403260589569160857e+03
2.190557939914163088e-01 1.194819141630901186e+03
2.426502732240437277e-01 9.100633224043715472e+02
2.596589259796807103e-01 8.447339680696662754e+02
2.811171662125340753e-01 8.574717643051770892e+02
3.008784530386739986e-01 7.926026596685082950e+02
3.206315289648623001e-01 7.041717673314340118e+02
3.399619047619047429e-01 6.179010638095237482e+02
3.619689737470166979e-01 5.479043293556085246e+02
3.799070887818307152e-01 5.351595037852717951e+02
4.013341804320203487e-01 4.781296124523507274e+02
4.195595854922279933e-01 4.196201560161197790e+02
4.407771883289124948e-01 3.977377511936339829e+02
4.600780487804878027e-01 3.795819560975609761e+02
4.807973648341663520e-01 3.513145393003180175e+02
5.009150981177412643e-01 3.235181173408089990e+02
5.204555984555984116e-01 3.195265057915058264e+02
5.419053527118044000e-01 3.053322250974831604e+02
5.606541598694942952e-01 2.734156698205546832e+02
5.706576338400528581e-01 2.630667468605419685e+02
