2.166666666666666741e-02 1.007180099999999948e+04
4.454545454545454780e-02 7.189771363636363276e+03
6.211111111111110999e-02 5.903624666666666599e+03
8.302469135802469091e-02 4.266120987654320743e+03
1.001960784313725428e-01 3.315203431372548948e+03
1.238590604026845732e-01 2.564041543624161022e+03
1.404228855721393054e-01 1.923783532338308305e+03
1.630075187969924899e-01 1.621203646616541619e+03
1.808858858858858887e-01 1.424074474474474528e+03
2.036394557823129059e-01 1.131578698412698486e+03
2.190557939914163088e-01 9.540285450643775675e+02
2.426502732240437277e-01 7.652987249544626138e+02
2.596589259796807103e-01 7.198483396226414470e+02
2.811171662125340753e-01 6.716534741144414511e+02
3.008784530386739986e-01 6.356715668508286399e+02
3.206315289648623001e-01 5.646583171889838013e+02
3.399619047619047429e-01 4.764503638095238216e+02
3.619689737470166979e-01 4.388290071599044495e+02
3.799070887818307152e-01 4.236124521679283816e+02
4.013341804320203487e-01 3.740694517153748393e+02
4.195595854922279933e-01 3.354116361542889990e+02
4.407771883289124948e-01 2.972439358090185806e+02
4.600780487804878027e-01 2.791108287804877932e+02
4.807973648341663520e-01 2.692261281235801675e+02
5.009150981177412643e-01 2.576450496595915070e+02
5.204555984555984116e-01 2.480349741312741116e+02
5.419053527118044000e-01 2.221643395958879807e+02
5.606541598694942952e-01 2.100606717781403177e+02
5.706576338400528581e-01 2.124964567085261251e+02
