2.166666666666666741e-02 5.729810083333332841e+03
4.454545454545454780e-02 5.674369090909091028e+03
6.211111111111110999e-02 5.055040666666666766e+03
8.302469135802469091e-02 3.484505555555555475e+03
1.001960784313725428e-01 2.778715000000000146e+03
1.238590604026845732e-01 2.166143489932886041e+03
1.404228855721393054e-01 1.657582437810945294e+03
1.630075187969924899e-01 1.379580015037594194e+03
1.808858858858858887e-01 1.191215297297297411e+03
2.036394557823129059e-01 9.476674829931972681e+02
2.190557939914163088e-01 8.040142167381974332e+02
2.426502732240437277e-01 6.161995500910746841e+02
2.596589259796807103e-01 5.767741712626994968e+02
2.811171662125340753e-01 5.637360313351498462e+02
3.008784530386739986e-01 5.195277071823203414e+02
3.206315289648623001e-01 4.700305071225071174e+02
3.399619047619047429e-01 4.097888999999999555e+02
3.619689737470166979e-01 3.510152529832935215e+02
3.799070887818307152e-01 3.337370034411562187e+02
4.013341804320203487e-01 2.996502941550190258e+02
4.195595854922279933e-01 2.670860800230282166e+02
4.407771883289124948e-01 2.572340387267904589e+02
4.600780487804878027e-01 2.451961160975609459e+02
4.807973648341663520e-01 2.194724829622898596e+02
5.009150981177412643e-01 2.000751581898278175e+02
5.204555984555984116e-01 1.957017984555984356e+02
5.419053527118044000e-01 1.839507181850407846e+02
5.606541598694942952e-01 1.667723353996737217e+02
5.706576338400528581e-01 1.605298902842035602e+02
