2.166666666666666741e-02 1.246158733333333475e+04
4.454545454545454780e-02 9.796775454545453613e+03
6.211111111111110999e-02 7.860361777777778116e+03
8.302469135802469091e-02 5.455295432098766469e+03
1.001960784313725428e-01 4.093689117647058538e+03
1.238590604026845732e-01 3.380667382550335788e+03
1.404228855721393054e-01 2.823871691542288318e+03
1.630075187969924899e-01 2.345733345864661260e+03
1.808858858858858887e-01 2.076337237237237332e+03
2.036394557823129059e-01 1.617872403628117809e+03
2.190557939914163088e-01 1.318853197424892642e+03
2.426502732240437277e-01 1.010025180327868839e+03
2.596589259796807103e-01 9.818432423802613584e+02
2.811171662125340753e-01 1.009067847411444177e+03
3.008784530386739986e-01 9.662316618784529965e+02
3.206315289648623001e-01 8.783983276353276324e+02
3.399619047619047429e-01 7.076192685714285062e+02
3.619689737470166979e-01 5.967210477326967748e+02
3.799070887818307152e-01 5.774298121128699677e+02
4.013341804320203487e-01 5.114257642947903832e+02
4.195595854922279933e-01 4.588221139896373870e+02
4.407771883289124948e-01 4.328649883289124887e+02
4.600780487804878027e-01 4.263736497560975636e+02
4.807973648341663520e-01 4.128533316674239018e+02
5.009150981177412643e-01 4.082137957549059024e+02
5.204555984555984116e-01 3.798059675675675066e+02
5.419053527118044000e-01 3.299017142857142630e+02
5.606541598694942952e-01 3.179995102773246458e+02
5.706576338400528581e-01 3.190306007931262116e+02
