2.166666666666666741e-02 7.617336500000000524e+04
4.454545454545454780e-02 3.625524454545454500e+04
6.211111111111110999e-02 1.789370177777778008e+04
8.302469135802469091e-02 1.173266419753086484e+04
1.001960784313725428e-01 7.540064803921569364e+03
1.238590604026845732e-01 5.438342617449663521e+03
1.404228855721393054e-01 4.978991044776119452e+03
1.630075187969924899e-01 4.265786203007519362e+03
1.808858858858858887e-01 3.054152462462462609e+03
2.036394557823129059e-01 2.804776780045351643e+03
2.190557939914163088e-01 3.179130407725322129e+03
2.426502732240437277e-01 2.034228214936247696e+03
2.596589259796807103e-01 1.524565703918722875e+03
2.811171662125340753e-01 1.809366130790190709e+03
3.008784530386739986e-01 1.698757624309392213e+03
3.206315289648623001e-01 1.369571996201329512e+03
3.399619047619047429e-01 1.305026630476190576e+03
3.619689737470166979e-01 1.083082687350835386e+03
3.799070887818307152e-01 1.038612531314521675e+03
4.013341804320203487e-01 1.021319745235069945e+03
4.195595854922279933e-01 8.623838750719631889e+02
4.407771883289124948e-01 8.440754620689654075e+02
4.600780487804878027e-01 8.663744321951220400e+02
4.807973648341663520e-01 7.613735374829623197e+02
5.009150981177412643e-01 7.859903684421304888e+02
5.204555984555984116e-01 7.664887795366794307e+02
5.419053527118044000e-01 6.325176224742999693e+02
5.606541598694942952e-01 6.295677582381729280e+02
5.706576338400528581e-01 6.242829735624586647e+02
