2.166666666666666741e-02 2.525281666666666570e+04
4.454545454545454780e-02 1.387299000000000160e+04
6.211111111111110999e-02 1.027238933333333443e+04
8.302469135802469091e-02 7.407292592592591973e+03
1.001960784313725428e-01 5.469457843137254713e+03
1.238590604026845732e-01 4.186110335570469033e+03
1.404228855721393054e-01 3.530730895522388437e+03
1.630075187969924899e-01 3.062591428571428878e+03
1.808858858858858887e-01 2.661003633633633399e+03
2.036394557823129059e-01 2.200855283446711837e+03
2.190557939914163088e-01 1.775648390557940274e+03
2.426502732240437277e-01 1.435104134790528406e+03
2.596589259796807103e-01 1.387688301886792487e+03
2.811171662125340753e-01 1.341834945504087273e+03
3.008784530386739986e-01 1.360459635359115964e+03
3.206315289648623001e-01 1.146574473884140616e+03
3.399619047619047429e-01 9.148648780952380548e+02
3.619689737470166979e-01 9.228654964200477480e+02
3.799070887818307152e-01 8.115403509979352066e+02
4.013341804320203487e-01 6.753345470139771578e+02
4.195595854922279933e-01 6.768250426021876365e+02
4.407771883289124948e-01 7.324383957559681448e+02
4.600780487804878027e-01 6.540514843902438997e+02
4.807973648341663520e-01 4.937749036801454281e+02
5.009150981177412643e-01 4.838797260712856314e+02
5.204555984555984116e-01 4.798454277992277071e+02
5.419053527118044000e-01 4.311570712513292278e+02
5.606541598694942952e-01 4.677905481239804431e+02
5.706576338400528581e-01 5.268873932584268687e+02
