2.166666666666666741e-02 1.069349300000000039e+04
4.454545454545454780e-02 8.231309090909089718e+03
6.211111111111110999e-02 7.059892888888890411e+03
8.302469135802469091e-02 5.178072098765431292e+03
1.001960784313725428e-01 4.089987549019607741e+03
1.238590604026845732e-01 3.069116577181207958e+03
1.404228855721393054e-01 2.395634626865671635e+03
1.630075187969924899e-01 2.020649436090225663e+03
1.808858858858858887e-01 1.752230600600600610e+03
2.036394557823129059e-01 1.422016893424036198e+03
2.190557939914163088e-01 1.186357351931330413e+03
2.426502732240437277e-01 9.406704772313296417e+02
2.596589259796807103e-01 8.976122002902757231e+02
2.811171662125340753e-01 8.648033256130790960e+02
3.008784530386739986e-01 7.928367016574586614e+02
3.206315289648623001e-01 7.195994036087369068e+02
3.399619047619047429e-01 6.364238761904761077e+02
3.619689737470166979e-01 5.566379331742243721e+02
3.799070887818307152e-01 5.293969717825189036e+02
4.013341804320203487e-01 4.761783913595933768e+02
4.195595854922279933e-01 4.270150926885434615e+02
4.407771883289124948e-01 4.066884074270556653e+02
4.600780487804878027e-01 3.826268234146342024e+02
4.807973648341663520e-01 3.541632003634711623e+02
5.009150981177412643e-01 3.260823660392471197e+02
5.204555984555984116e-01 3.177729254826254532e+02
5.419053527118044000e-01 3.029317607231478178e+02
5.606541598694942952e-01 2.752799213703099781e+02
5.706576338400528581e-01 2.696972419035029702e+02
