2.166666666666666741e-02 9.825360166666667283e+03
4.454545454545454780e-02 8.093434545454545514e+03
6.211111111111110999e-02 6.962861333333333278e+03
8.302469135802469091e-02 4.723559753086419732e+03
1.001960784313725428e-01 3.559044411764706183e+03
1.238590604026845732e-01 2.750756711409395848e+03
1.404228855721393054e-01 2.163896268656716529e+03
1.630075187969924899e-01 1.905420789473684408e+03
1.808858858858858887e-01 1.674223723723723651e+03
2.036394557823129059e-01 1.285409705215419308e+03
2.190557939914163088e-01 1.077175815450643768e+03
2.426502732240437277e-01 9.179048925318760439e+02
2.596589259796807103e-01 8.525220986937590624e+02
2.811171662125340753e-01 7.653736280653951098e+02
3.008784530386739986e-01 7.095666441988951192e+02
3.206315289648623001e-01 6.594543513770180425e+02
3.399619047619047429e-01 5.727912552380952320e+02
3.619689737470166979e-01 5.017944105011933402e+02
3.799070887818307152e-01 4.897600584996559405e+02
4.013341804320203487e-01 4.498665622617535291e+02
4.195595854922279933e-01 3.924080414507772048e+02
4.407771883289124948e-01 3.634313379310345340e+02
4.600780487804878027e-01 3.453748473170732609e+02
4.807973648341663520e-01 3.166156424352566887e+02
5.009150981177412643e-01 3.017911782138566537e+02
5.204555984555984116e-01 2.943350864864864889e+02
5.419053527118044000e-01 2.774882105636299343e+02
5.606541598694942952e-01 2.616018424143556445e+02
5.706576338400528581e-01 2.583035525446133533e+02
