2.166666666666666741e-02 7.935718499999999040e+03
4.454545454545454780e-02 7.020834545454545150e+03
6.211111111111110999e-02 6.629648000000001048e+03
8.302469135802469091e-02 4.747401851851851461e+03
1.001960784313725428e-01 3.592020392156862272e+03
1.238590604026845732e-01 2.785029060402684536e+03
1.404228855721393054e-01 2.174206666666666479e+03
1.630075187969924899e-01 1.889776654135338276e+03
1.808858858858858887e-01 1.649298408408408477e+03
2.036394557823129059e-01 1.258571065759637349e+03
2.190557939914163088e-01 1.092841351931330337e+03
2.426502732240437277e-01 9.169990637522768111e+02
2.596589259796807103e-01 8.521364455732945089e+02
2.811171662125340753e-01 7.987833692098092797e+02
3.008784530386739986e-01 7.270486121546961158e+02
3.206315289648623001e-01 6.591480759734092771e+02
3.399619047619047429e-01 5.633098076190476604e+02
3.619689737470166979e-01 4.995001861575179305e+02
3.799070887818307152e-01 4.787456510667585121e+02
4.013341804320203487e-01 4.229007490470139601e+02
4.195595854922279933e-01 3.896686793321819664e+02
4.407771883289124948e-01 3.814916848806366261e+02
4.600780487804878027e-01 3.580900424390244439e+02
4.807973648341663520e-01 3.227802276238073205e+02
5.009150981177412643e-01 3.042379947937524776e+02
5.204555984555984116e-01 2.980665050193049979e+02
5.419053527118044000e-01 2.742431276143211676e+02
5.606541598694942952e-01 2.516865318107667520e+02
5.706576338400528581e-01 2.495504216787838629e+02
