2.166666666666666741e-02 1.561421716666666616e+05
4.454545454545454780e-02 5.903926818181818089e+04
6.211111111111110999e-02 1.980026000000000204e+04
8.302469135802469091e-02 1.328353024691358041e+04
1.001960784313725428e-01 8.156130294117646372e+03
1.238590604026845732e-01 5.927573825503355692e+03
1.404228855721393054e-01 5.197270845771144195e+03
1.630075187969924899e-01 4.738536165413534036e+03
1.808858858858858887e-01 4.590008468468468891e+03
2.036394557823129059e-01 3.009519319727891343e+03
2.190557939914163088e-01 1.941722210300429197e+03
2.426502732240437277e-01 1.561521715846994766e+03
2.596589259796807103e-01 1.677812005805515355e+03
2.811171662125340753e-01 2.135401880108991918e+03
3.008784530386739986e-01 2.229029569060773611e+03
3.206315289648623001e-01 1.670530351377018178e+03
3.399619047619047429e-01 1.354379995238095262e+03
3.619689737470166979e-01 1.380121825775656362e+03
3.799070887818307152e-01 1.123808120440467974e+03
4.013341804320203487e-01 1.193755323379923993e+03
4.195595854922279933e-01 1.241246903857225334e+03
4.407771883289124948e-01 1.290218574005305072e+03
4.600780487804878027e-01 1.323924134634146185e+03
4.807973648341663520e-01 1.057630466151749260e+03
5.009150981177412643e-01 1.006679507408890686e+03
5.204555984555984116e-01 8.519709745173745432e+02
5.419053527118044000e-01 8.269479113789436724e+02
5.606541598694942952e-01 8.215030577487765413e+02
5.706576338400528581e-01 6.847811421017845532e+02
