-2.375000000000000000e+01 2.425167838918200758e+00 8.788540086990596079e-01 3.304178814382895899e-05 3.304178814382895899e-05
-2.325000000000000000e+01 2.178162406855443045e+00 6.465374787086380914e-01 1.591620775294244681e-04 1.591620775294244681e-04
-2.275000000000000000e+01 2.114850375791383907e+00 7.644372081349777304e-01 3.548212935968037799e-04 3.548212935968037799e-04
-2.225000000000000000e+01 1.985865076949730357e+00 7.100133491301867661e-01 6.141885325558794906e-04 6.141885325558794906e-04
-2.175000000000000000e+01 1.784924477155925171e+00 7.650867437807687965e-01 1.150631681243926121e-03 1.150631681243926121e-03
-2.125000000000000000e+01 1.584056035237658477e+00 6.820348291993165724e-01 2.656948493683187768e-03 2.656948493683187768e-03
-2.075000000000000000e+01 1.477062766972623953e+00 6.151735264223061606e-01 5.873879710614404379e-03 5.873879710614404379e-03
-2.025000000000000000e+01 1.427965337521977851e+00 6.241557497171646984e-01 9.426627793974733105e-03 9.426627793974733105e-03
-1.975000000000000000e+01 1.404738889955500669e+00 6.479524304166750515e-01 1.180865997192527724e-02 1.180865997192527724e-02
-1.925000000000000000e+01 1.382144833710194476e+00 6.593821349867958759e-01 1.355879494655004916e-02 1.355879494655004916e-02
-1.875000000000000000e+01 1.339063531160209930e+00 6.190356936011477407e-01 1.603304178814382933e-02 1.603304178814382933e-02
-1.825000000000000000e+01 1.297353441815908726e+00 5.796617124234948459e-01 2.019112406867508772e-02 2.019112406867508772e-02
-1.775000000000000000e+01 1.263581214088699722e+00 5.280462640263170471e-01 2.543764172335600746e-02 2.543764172335600746e-02
-1.725000000000000000e+01 1.250962514797534952e+00 5.358811583238182186e-01 3.045502645502645364e-02 3.045502645502645364e-02
-1.675000000000000000e+01 1.236073005878113973e+00 5.360021573588615862e-01 3.557887917071590744e-02 3.557887917071590744e-02
-1.625000000000000000e+01 1.216274862852125160e+00 5.052375539575728602e-01 4.068135190584170474e-02 4.068135190584170474e-02
-1.575000000000000000e+01 1.200494288041960900e+00 4.879180750855973692e-01 4.701112190908109112e-02 4.701112190908109112e-02
-1.525000000000000000e+01 1.180669479779936859e+00 4.562755133640697403e-01 5.671871288197818939e-02 5.671871288197818939e-02
-1.475000000000000000e+01 1.159637911432627400e+00 4.153266552646183718e-01 6.801814058956916209e-02 6.801814058956916209e-02
-1.425000000000000000e+01 1.142795068607921127e+00 3.824715546556139989e-01 7.905431378900766581e-02 7.905431378900766581e-02
