2.166666666666666741e-02 6.576382666666667319e+03
4.454545454545454780e-02 6.710021363636363276e+03
6.211111111111110999e-02 6.561368666666666286e+03
8.302469135802469091e-02 4.740032222222222117e+03
1.001960784313725428e-01 3.574345686274509717e+03
1.238590604026845732e-01 2.748920604026845922e+03
1.404228855721393054e-01 2.136984875621890751e+03
1.630075187969924899e-01 1.846967518796992408e+03
1.808858858858858887e-01 1.670056816816816990e+03
2.036394557823129059e-01 1.278537324263038499e+03
2.190557939914163088e-01 1.076555141630901289e+03
2.426502732240437277e-01 9.133948779599270438e+02
2.596589259796807103e-01 8.512274150943396762e+02
2.811171662125340753e-01 7.886745749318801018e+02
3.008784530386739986e-01 7.193690662983424318e+02
3.206315289648623001e-01 6.528492744539412342e+02
3.399619047619047429e-01 5.640221980952380818e+02
3.619689737470166979e-01 5.018027828162291257e+02
3.799070887818307152e-01 4.684134163799035946e+02
4.013341804320203487e-01 4.133794021601016766e+02
4.195595854922279933e-01 3.858911807714449651e+02
4.407771883289124948e-01 3.724445681697612258e+02
4.600780487804878027e-01 3.494454960975609765e+02
4.807973648341663520e-01 3.126323652885052411e+02
5.009150981177412643e-01 2.919606251501801921e+02
5.204555984555984116e-01 2.864047015444015756e+02
5.419053527118044000e-01 2.676068656504785963e+02
5.606541598694942952e-01 2.452438427406198969e+02
5.706576338400528581e-01 2.388617594183741062e+02
