-2.375000000000000000e+01 2.216198530838947800e+00 6.479787040910781615e-01 1.436130007558578960e-04 1.436130007558578960e-04
-2.325000000000000000e+01 2.123291793123002424e+00 7.798635364306766293e-01 3.537414965986394617e-04 3.537414965986394617e-04
-2.275000000000000000e+01 1.967407329481412948e+00 7.279141979466950962e-01 6.604038440773134146e-04 6.604038440773134146e-04
-2.225000000000000000e+01 1.762124073410764380e+00 7.790989545928244109e-01 1.394665802829068210e-03 1.394665802829068210e-03
-2.175000000000000000e+01 1.601260692380574779e+00 6.853128897912065254e-01 3.098369506532772013e-03 3.098369506532772013e-03
-2.125000000000000000e+01 1.545381518453714742e+00 6.965940637284157022e-01 4.960371450167368537e-03 4.960371450167368537e-03
-2.075000000000000000e+01 1.492210024183012962e+00 7.049169506243632144e-01 6.424360220278587524e-03 6.424360220278587524e-03
-2.025000000000000000e+01 1.436047148389231864e+00 6.570524100596767392e-01 7.691178058524997252e-03 7.691178058524997252e-03
-1.975000000000000000e+01 1.413281058257248812e+00 6.812001698899825541e-01 8.818918043407840066e-03 8.818918043407840066e-03
-1.925000000000000000e+01 1.380322184945192543e+00 6.584366891148452083e-01 1.003282582874419696e-02 1.003282582874419696e-02
-1.875000000000000000e+01 1.348227778330252535e+00 6.316989570186121172e-01 1.188532555879494648e-02 1.188532555879494648e-02
-1.825000000000000000e+01 1.311678240269619211e+00 5.967561999302773978e-01 1.495000539898499146e-02 1.495000539898499146e-02
-1.775000000000000000e+01 1.279313546934982782e+00 5.501828745981584001e-01 1.950653277183889492e-02 1.950653277183889492e-02
-1.725000000000000000e+01 1.263303946745603978e+00 5.406759649772810983e-01 2.466580282906813415e-02 2.466580282906813415e-02
-1.675000000000000000e+01 1.246733933704522235e+00 5.351126061965284508e-01 2.956203433754454185e-02 2.956203433754454185e-02
-1.625000000000000000e+01 1.232131272338580885e+00 5.284806075714741924e-01 3.447316704459561787e-02 3.447316704459561787e-02
-1.575000000000000000e+01 1.214706896648418910e+00 5.059176915709794331e-01 3.975380628441852610e-02 3.975380628441852610e-02
-1.525000000000000000e+01 1.196333897063266205e+00 4.810805396602704787e-01 4.665543677788575733e-02 4.665543677788575733e-02
-1.475000000000000000e+01 1.176904622547920498e+00 4.448987984045120192e-01 5.651895043731778451e-02 5.651895043731778451e-02
-1.425000000000000000e+01 1.158557277521988338e+00 4.165298104283919334e-01 6.774970305582550534e-02 6.774970305582550534e-02
