2.166666666666666741e-02 5.698429633333333186e+03
4.454545454545454780e-02 6.532165454545454850e+03
6.211111111111110999e-02 6.148327333333334536e+03
8.302469135802469091e-02 4.392690740740740694e+03
1.001960784313725428e-01 3.475902941176470449e+03
1.238590604026845732e-01 2.618403422818792023e+03
1.404228855721393054e-01 2.110619751243780684e+03
1.630075187969924899e-01 1.835473684210526244e+03
1.808858858858858887e-01 1.577404414414414077e+03
2.036394557823129059e-01 1.185770825396825330e+03
2.190557939914163088e-01 9.532528519313304969e+02
2.426502732240437277e-01 7.530772367941711991e+02
2.596589259796807103e-01 7.311144412191581523e+02
2.811171662125340753e-01 7.319139972752043377e+02
3.008784530386739986e-01 6.928515977900552798e+02
3.206315289648623001e-01 6.223400541310542167e+02
3.399619047619047429e-01 5.339598514285714828e+02
3.619689737470166979e-01 4.796024176610978316e+02
3.799070887818307152e-01 4.519574019270474992e+02
4.013341804320203487e-01 3.929119688691232568e+02
4.195595854922279933e-01 3.605384329303396385e+02
4.407771883289124948e-01 3.504547236074270700e+02
4.600780487804878027e-01 3.293460175609756106e+02
4.807973648341663520e-01 3.010368950477055705e+02
5.009150981177412643e-01 2.756387917501000970e+02
5.204555984555984116e-01 2.671281907335907135e+02
5.419053527118044000e-01 2.517147504431052880e+02
5.606541598694942952e-01 2.276346388254486044e+02
5.706576338400528581e-01 2.205797065432914792e+02
