2.166666666666666741e-02 1.230267666666666628e+04
4.454545454545454780e-02 1.376372727272727207e+04
6.211111111111110999e-02 1.461109111111111270e+04
8.302469135802469091e-02 9.654209876543209248e+03
1.001960784313725428e-01 5.176655098039216682e+03
1.238590604026845732e-01 4.692394228187919907e+03
1.404228855721393054e-01 4.559322437810945303e+03
1.630075187969924899e-01 3.447917593984962878e+03
1.808858858858858887e-01 3.076111681681681603e+03
2.036394557823129059e-01 2.661604897959183745e+03
2.190557939914163088e-01 2.401350836909871305e+03
2.426502732240437277e-01 1.706269744990892377e+03
2.596589259796807103e-01 1.478187111756168406e+03
2.811171662125340753e-01 1.580958160762942725e+03
3.008784530386739986e-01 1.892666265193370464e+03
3.206315289648623001e-01 1.602222431149097702e+03
3.399619047619047429e-01 1.193019666666666808e+03
3.619689737470166979e-01 1.213290047732696848e+03
3.799070887818307152e-01 1.018513331039229229e+03
4.013341804320203487e-01 7.296009987293518861e+02
4.195595854922279933e-01 6.437181473805411542e+02
4.407771883289124948e-01 8.700388742705570166e+02
4.600780487804878027e-01 8.282305858536584537e+02
4.807973648341663520e-01 5.933642776010904072e+02
5.009150981177412643e-01 5.936851381657988895e+02
5.204555984555984116e-01 5.559920444015443763e+02
5.419053527118044000e-01 4.756808411910669747e+02
5.606541598694942952e-01 4.995990544861337526e+02
5.706576338400528581e-01 5.447372148050230862e+02
