2.166666666666666741e-02 3.317993750000000000e+05
4.454545454545454780e-02 1.095972227272727177e+05
6.211111111111110999e-02 2.099278888888888832e+04
8.302469135802469091e-02 1.326911481481481496e+04
1.001960784313725428e-01 1.078116862745097933e+04
1.238590604026845732e-01 7.620542416107381541e+03
1.404228855721393054e-01 6.124332487562189272e+03
1.630075187969924899e-01 7.078540338345864257e+03
1.808858858858858887e-01 5.662175435435435247e+03
2.036394557823129059e-01 3.843843832199546341e+03
2.190557939914163088e-01 3.476852725321888101e+03
2.426502732240437277e-01 2.279161967213114167e+03
2.596589259796807103e-01 1.990275355587808463e+03
2.811171662125340753e-01 2.372885803814713654e+03
3.008784530386739986e-01 2.058943889502761976e+03
3.206315289648623001e-01 1.447905688509021957e+03
3.399619047619047429e-01 1.143386863333333167e+03
3.619689737470166979e-01 1.507549464200477360e+03
3.799070887818307152e-01 1.672021376462491389e+03
4.013341804320203487e-01 1.315672655654383789e+03
4.195595854922279933e-01 9.224259597006332569e+02
4.407771883289124948e-01 1.180553502387267827e+03
4.600780487804878027e-01 1.195385404390243821e+03
4.807973648341663520e-01 1.005639090867787331e+03
5.009150981177412643e-01 1.008849638366039358e+03
5.204555984555984116e-01 7.748504942084942968e+02
5.419053527118044000e-01 8.455734750088621468e+02
5.606541598694942952e-01 9.323235171288744141e+02
5.706576338400528581e-01 9.147690945142102237e+02
