-2.175000000000000000e+01 2.967403528279394465e+00 1.510030804708520025e+00
-2.125000000000000000e+01 2.003755327801548081e+00 4.293409679621758013e-01
-2.075000000000000000e+01 1.971892880097060985e+00 1.843613352852361276e-01
-2.025000000000000000e+01 1.446811007999998955e+00 1.154224867654146114e-01
-1.975000000000000000e+01 1.441960544993010851e+00 4.537151376732861952e-02
-1.925000000000000000e+01 1.295768065814841608e+00 2.333664741076615923e-02
-1.875000000000000000e+01 1.299918856233603925e+00 1.456985760004789882e-02
-1.825000000000000000e+01 1.277191130623168025e+00 1.079994670410416684e-02
-1.775000000000000000e+01 1.266541477229163881e+00 8.490477540818105323e-03
-1.725000000000000000e+01 1.273615409478652261e+00 6.874814090578064939e-03
-1.675000000000000000e+01 1.239185198763666174e+00 5.818477305222642150e-03
-1.625000000000000000e+01 1.247658633709077369e+00 5.177136340324840942e-03
-1.575000000000000000e+01 1.216874200207625378e+00 4.682973732266501772e-03
-1.525000000000000000e+01 1.191193183445391046e+00 4.292581561692173850e-03
-1.475000000000000000e+01 1.153638985103596859e+00 3.972417353377306372e-03
-1.425000000000000000e+01 1.108090288342593821e+00 3.652775399476977138e-03
