2.166666666666666741e-02 9.991485999999998967e+03
4.454545454545454780e-02 8.153743181818182165e+03
6.211111111111110999e-02 6.868583333333333030e+03
8.302469135802469091e-02 4.867725061728394394e+03
1.001960784313725428e-01 3.826310392156863145e+03
1.238590604026845732e-01 2.848334832214765356e+03
1.404228855721393054e-01 2.206633383084576963e+03
1.630075187969924899e-01 1.918551729323308336e+03
1.808858858858858887e-01 1.672242912912912971e+03
2.036394557823129059e-01 1.331964943310657645e+03
2.190557939914163088e-01 1.135228982832617930e+03
2.426502732240437277e-01 8.881643460837887005e+02
2.596589259796807103e-01 8.359142554426705374e+02
2.811171662125340753e-01 8.225425163487738018e+02
3.008784530386739986e-01 7.482084917127072003e+02
3.206315289648623001e-01 6.816802516619183052e+02
3.399619047619047429e-01 5.948692238095237599e+02
3.619689737470166979e-01 5.157672267303101989e+02
3.799070887818307152e-01 5.053748485891259747e+02
4.013341804320203487e-01 4.581733684879288830e+02
4.195595854922279933e-01 4.115908226827863814e+02
4.407771883289124948e-01 3.977047740053050688e+02
4.600780487804878027e-01 3.729962614634146121e+02
4.807973648341663520e-01 3.369476133575647623e+02
5.009150981177412643e-01 3.145496748097717159e+02
5.204555984555984116e-01 3.072301131274130626e+02
5.419053527118044000e-01 2.914993289613612433e+02
5.606541598694942952e-01 2.714509181076671780e+02
5.706576338400528581e-01 2.678721374752147995e+02
