2.166666666666666741e-02 2.252902333333333445e+04
4.454545454545454780e-02 1.216326681818181714e+04
6.211111111111110999e-02 8.096437111111110426e+03
8.302469135802469091e-02 5.439910864197530827e+03
1.001960784313725428e-01 3.992091568627450670e+03
1.238590604026845732e-01 3.323033288590604116e+03
1.404228855721393054e-01 2.683241343283581955e+03
1.630075187969924899e-01 2.337341954887217980e+03
1.808858858858858887e-01 2.058704774774775160e+03
2.036394557823129059e-01 1.576949183673469634e+03
2.190557939914163088e-01 1.320409914163090207e+03
2.426502732240437277e-01 1.040329409836065679e+03
2.596589259796807103e-01 1.015597918722786630e+03
2.811171662125340753e-01 9.948906130790189764e+02
3.008784530386739986e-01 9.277649370165746632e+02
3.206315289648623001e-01 8.947404055080720582e+02
3.399619047619047429e-01 7.678462523809523645e+02
3.619689737470166979e-01 6.422427637231503468e+02
3.799070887818307152e-01 6.244743509979354030e+02
4.013341804320203487e-01 5.589307229987292658e+02
4.195595854922279933e-01 4.925411732872768766e+02
4.407771883289124948e-01 4.804643145888593949e+02
4.600780487804878027e-01 4.461743595121951671e+02
4.807973648341663520e-01 4.147947878237164900e+02
5.009150981177412643e-01 4.010141517821385833e+02
5.204555984555984116e-01 3.801030378378378600e+02
5.419053527118044000e-01 3.519030141793690518e+02
5.606541598694942952e-01 3.277876019575856503e+02
5.706576338400528581e-01 3.268145723727693053e+02
