2.166666666666666741e-02 5.388554633333334095e+03
4.454545454545454780e-02 5.107280454545454631e+03
6.211111111111110999e-02 4.163301111111110913e+03
8.302469135802469091e-02 2.906949135802469300e+03
1.001960784313725428e-01 2.351202058823529114e+03
1.238590604026845732e-01 1.746124899328858874e+03
1.404228855721393054e-01 1.350905014925372825e+03
1.630075187969924899e-01 1.176866593984962492e+03
1.808858858858858887e-01 9.848250750750751195e+02
2.036394557823129059e-01 7.296606099773242704e+02
2.190557939914163088e-01 6.275986824034333722e+02
2.426502732240437277e-01 4.966668069216757431e+02
2.596589259796807103e-01 4.582733454281566878e+02
2.811171662125340753e-01 4.399440994550409414e+02
3.008784530386739986e-01 4.053856817679557594e+02
3.206315289648623001e-01 3.717426115859448714e+02
3.399619047619047429e-01 3.249818504761905160e+02
3.619689737470166979e-01 2.760082458233890179e+02
3.799070887818307152e-01 2.658482993805919250e+02
4.013341804320203487e-01 2.405371213468869200e+02
4.195595854922279933e-01 2.086416131260794486e+02
4.407771883289124948e-01 1.970551469496021184e+02
4.600780487804878027e-01 1.900367087804877997e+02
4.807973648341663520e-01 1.730036715129486709e+02
5.009150981177412643e-01 1.570210316379655637e+02
5.204555984555984116e-01 1.519830745173744901e+02
5.419053527118044000e-01 1.431171098901098730e+02
5.606541598694942952e-01 1.310902280587275754e+02
5.706576338400528581e-01 1.279951335095835958e+02
