2.166666666666666741e-02 1.575793233333333228e+04
4.454545454545454780e-02 1.042913227272727272e+04
6.211111111111110999e-02 7.842440666666665493e+03
8.302469135802469091e-02 5.411438518518518322e+03
1.001960784313725428e-01 4.031081470588234879e+03
1.238590604026845732e-01 3.039283691275167712e+03
1.404228855721393054e-01 2.372125074626865626e+03
1.630075187969924899e-01 2.085154548872180385e+03
1.808858858858858887e-01 1.857005435435435629e+03
2.036394557823129059e-01 1.449550816326530594e+03
2.190557939914163088e-01 1.212901888412017115e+03
2.426502732240437277e-01 9.556674061930782500e+02
2.596589259796807103e-01 9.317170914368648482e+02
2.811171662125340753e-01 8.933251702997274606e+02
3.008784530386739986e-01 7.987402331491712175e+02
3.206315289648623001e-01 7.541853551756885281e+02
3.399619047619047429e-01 6.681374819047618985e+02
3.619689737470166979e-01 5.743287422434367500e+02
3.799070887818307152e-01 5.480906696490020522e+02
4.013341804320203487e-01 4.892132668360864045e+02
4.195595854922279933e-01 4.411293189407023760e+02
4.407771883289124948e-01 4.116112090185675925e+02
4.600780487804878027e-01 3.907469297560975861e+02
4.807973648341663520e-01 3.794218178100863383e+02
5.009150981177412643e-01 3.507146499799759454e+02
5.204555984555984116e-01 3.214633667953667668e+02
5.419053527118044000e-01 2.998865150655795446e+02
5.606541598694942952e-01 2.816938528548124054e+02
5.706576338400528581e-01 2.756262994051553505e+02
