2.166666666666666741e-02 4.919491333333334296e+03
4.454545454545454780e-02 5.851478636363636724e+03
6.211111111111110999e-02 5.898344666666666853e+03
8.302469135802469091e-02 4.725867777777778429e+03
1.001960784313725428e-01 3.742129901960784537e+03
1.238590604026845732e-01 2.509372080536912563e+03
1.404228855721393054e-01 1.948233333333333348e+03
1.630075187969924899e-01 1.676292406015037386e+03
1.808858858858858887e-01 1.391309309309309128e+03
2.036394557823129059e-01 1.138413111111111220e+03
2.190557939914163088e-01 1.022195495708154567e+03
2.426502732240437277e-01 8.041093970856102260e+02
2.596589259796807103e-01 7.622540420899855462e+02
2.811171662125340753e-01 7.602862057220708039e+02
3.008784530386739986e-01 7.396846762430939179e+02
3.206315289648623001e-01 6.627000636277301737e+02
3.399619047619047429e-01 5.323754238095236815e+02
3.619689737470166979e-01 4.402134510739856523e+02
3.799070887818307152e-01 4.362977198898830125e+02
4.013341804320203487e-01 4.090420883100380820e+02
4.195595854922279933e-01 3.320579481865284492e+02
4.407771883289124948e-01 3.258178488063660438e+02
4.600780487804878027e-01 3.489794892682926957e+02
4.807973648341663520e-01 3.153675184007269650e+02
5.009150981177412643e-01 2.663794345214257078e+02
5.204555984555984116e-01 2.487605339768340116e+02
5.419053527118044000e-01 2.412262711804324624e+02
5.606541598694942952e-01 2.484275624796084969e+02
5.706576338400528581e-01 2.695988202247190770e+02
