2.166666666666666741e-02 9.485042499999999563e+03
4.454545454545454780e-02 7.908080000000000837e+03
6.211111111111110999e-02 7.047569333333332906e+03
8.302469135802469091e-02 4.917223950617284572e+03
1.001960784313725428e-01 3.756326764705881942e+03
1.238590604026845732e-01 2.983336845637584247e+03
1.404228855721393054e-01 2.353502786069651847e+03
1.630075187969924899e-01 1.937824586466165556e+03
1.808858858858858887e-01 1.662807087087087211e+03
2.036394557823129059e-01 1.341545532879818666e+03
2.190557939914163088e-01 1.120925379828326186e+03
2.426502732240437277e-01 8.500809016393443471e+02
2.596589259796807103e-01 8.280761669085632093e+02
2.811171662125340753e-01 8.183356049046321914e+02
3.008784530386739986e-01 7.416818243093922547e+02
3.206315289648623001e-01 6.928099876543209348e+02
3.399619047619047429e-01 6.026954619047619417e+02
3.619689737470166979e-01 4.979156229116945838e+02
3.799070887818307152e-01 4.697233558155541004e+02
4.013341804320203487e-01 4.260291219822109383e+02
4.195595854922279933e-01 3.810799527921703316e+02
4.407771883289124948e-01 3.577021602122015338e+02
4.600780487804878027e-01 3.493189643902439343e+02
4.807973648341663520e-01 3.362491472058155750e+02
5.009150981177412643e-01 3.132732631157388710e+02
5.204555984555984116e-01 2.957851424710424908e+02
5.419053527118044000e-01 2.669373488124778078e+02
5.606541598694942952e-01 2.493117399673735690e+02
5.706576338400528581e-01 2.543587224058162519e+02
