2.166666666666666741e-02 6.914360316666666222e+03
4.454545454545454780e-02 7.108209545454545150e+03
6.211111111111110999e-02 6.176057555555556064e+03
8.302469135802469091e-02 4.264606790123457358e+03
1.001960784313725428e-01 3.217583921568627375e+03
1.238590604026845732e-01 2.445923825503356056e+03
1.404228855721393054e-01 1.978651044776119306e+03
1.630075187969924899e-01 1.661864736842105003e+03
1.808858858858858887e-01 1.406208048048047885e+03
2.036394557823129059e-01 1.094682829931972719e+03
2.190557939914163088e-01 9.289779227467810188e+02
2.426502732240437277e-01 7.556966557377048730e+02
2.596589259796807103e-01 7.168683497822931940e+02
2.811171662125340753e-01 6.901938119891008228e+02
3.008784530386739986e-01 6.491249646408840590e+02
3.206315289648623001e-01 5.797998850902184813e+02
3.399619047619047429e-01 4.839242990476190585e+02
3.619689737470166979e-01 4.182374630071599313e+02
3.799070887818307152e-01 4.004558272539573522e+02
4.013341804320203487e-01 3.596075844980940133e+02
4.195595854922279933e-01 3.233914893494530816e+02
4.407771883289124948e-01 3.112856249336870178e+02
4.600780487804878027e-01 2.924424180487804961e+02
4.807973648341663520e-01 2.678228541572012773e+02
5.009150981177412643e-01 2.471078085702843339e+02
5.204555984555984116e-01 2.427772540540540547e+02
5.419053527118044000e-01 2.314191896490605984e+02
5.606541598694942952e-01 2.088656071778139847e+02
5.706576338400528581e-01 2.055597105089226773e+02
