2.166666666666666741e-02 6.275438466666667409e+03
4.454545454545454780e-02 6.944612272727273194e+03
6.211111111111110999e-02 6.364911777777778298e+03
8.302469135802469091e-02 4.319898641975308237e+03
1.001960784313725428e-01 3.123884509803921446e+03
1.238590604026845732e-01 2.395039127516778535e+03
1.404228855721393054e-01 1.972748358208955096e+03
1.630075187969924899e-01 1.637882857142857119e+03
1.808858858858858887e-01 1.382450750750750785e+03
2.036394557823129059e-01 1.095065065759637264e+03
2.190557939914163088e-01 9.262578476394850213e+02
2.426502732240437277e-01 7.503143078324226281e+02
2.596589259796807103e-01 7.160503657474602051e+02
2.811171662125340753e-01 6.897547029972752171e+02
3.008784530386739986e-01 6.409460618784530652e+02
3.206315289648623001e-01 5.673845280151947463e+02
3.399619047619047429e-01 4.863167495238095057e+02
3.619689737470166979e-01 4.171450238663484811e+02
3.799070887818307152e-01 3.898759573296627536e+02
4.013341804320203487e-01 3.567655952986023067e+02
4.195595854922279933e-01 3.219804335060449034e+02
4.407771883289124948e-01 3.107036456233421404e+02
4.600780487804878027e-01 2.889430282926829250e+02
4.807973648341663520e-01 2.616338736937755129e+02
5.009150981177412643e-01 2.430182739287144216e+02
5.204555984555984116e-01 2.389433795366795721e+02
5.419053527118044000e-01 2.306532148174405847e+02
5.606541598694942952e-01 2.081035409461663903e+02
5.706576338400528581e-01 2.029088413747521429e+02
