2.166666666666666741e-02 5.777050616666667338e+03
4.454545454545454780e-02 6.136654090909089973e+03
6.211111111111110999e-02 5.399414666666665653e+03
8.302469135802469091e-02 3.605784938271604460e+03
1.001960784313725428e-01 2.866912254901960750e+03
1.238590604026845732e-01 2.236430805369127484e+03
1.404228855721393054e-01 1.684696318407960007e+03
1.630075187969924899e-01 1.414003496240601180e+03
1.808858858858858887e-01 1.227128918918918771e+03
2.036394557823129059e-01 9.602084126984126442e+02
2.190557939914163088e-01 8.124841437768241121e+02
2.426502732240437277e-01 6.429528105646629683e+02
2.596589259796807103e-01 6.200947997097241569e+02
2.811171662125340753e-01 5.998863596730244581e+02
3.008784530386739986e-01 5.450762287292817518e+02
3.206315289648623001e-01 4.911126828110161568e+02
3.399619047619047429e-01 4.266654333333333398e+02
3.619689737470166979e-01 3.749600811455846952e+02
3.799070887818307152e-01 3.569064796971783267e+02
4.013341804320203487e-01 3.130229688691233036e+02
4.195595854922279933e-01 2.752985664939550929e+02
4.407771883289124948e-01 2.639317681697613125e+02
4.600780487804878027e-01 2.488547843902438785e+02
4.807973648341663520e-01 2.263706974102680363e+02
5.009150981177412643e-01 2.171355670804966280e+02
5.204555984555984116e-01 2.107343061776061859e+02
5.419053527118044000e-01 1.943391953208082157e+02
5.606541598694942952e-01 1.837202264274061747e+02
5.706576338400528581e-01 1.831630284203569090e+02
