2.166666666666666741e-02 5.844314166666667006e+03
4.454545454545454780e-02 5.420070909090908572e+03
6.211111111111110999e-02 4.635116222222222859e+03
8.302469135802469091e-02 3.188351975308642068e+03
1.001960784313725428e-01 2.542101666666666461e+03
1.238590604026845732e-01 1.945485771812080657e+03
1.404228855721393054e-01 1.501504129353233566e+03
1.630075187969924899e-01 1.298777984962405981e+03
1.808858858858858887e-01 1.089707549549549640e+03
2.036394557823129059e-01 8.344991700680272970e+02
2.190557939914163088e-01 7.203117124463519758e+02
2.426502732240437277e-01 5.628748561020036050e+02
2.596589259796807103e-01 5.283647648766328757e+02
2.811171662125340753e-01 5.077797602179836076e+02
3.008784530386739986e-01 4.690887392265193512e+02
3.206315289648623001e-01 4.221017730294396983e+02
3.399619047619047429e-01 3.605117380952381154e+02
3.619689737470166979e-01 3.195377231503579765e+02
3.799070887818307152e-01 3.122544920853407007e+02
4.013341804320203487e-01 2.772270933926301950e+02
4.195595854922279933e-01 2.376994542314335206e+02
4.407771883289124948e-01 2.231520557029178065e+02
4.600780487804878027e-01 2.150181341463414526e+02
4.807973648341663520e-01 1.982304361653793876e+02
5.009150981177412643e-01 1.794116752102522980e+02
5.204555984555984116e-01 1.719530378378378543e+02
5.419053527118044000e-01 1.632462045373980857e+02
5.606541598694942952e-01 1.513644176182708065e+02
5.706576338400528581e-01 1.487214884335757006e+02
