2.166666666666666741e-02 -2.503333333333333430e+05
4.454545454545454780e-02 -8.991793636363637052e+04
6.211111111111110999e-02 7.516600000000000364e+03
8.302469135802469091e-02 -8.804419753086416677e+03
1.001960784313725428e-01 2.455220980392157071e+04
1.238590604026845732e-01 4.395149127516777662e+04
1.404228855721393054e-01 -1.173926517412935755e+04
1.630075187969924899e-01 -2.245384774436090083e+04
1.808858858858858887e-01 -3.807268708708709164e+04
2.036394557823129059e-01 -2.717830213151927455e+04
2.190557939914163088e-01 -9.879840214592271877e+03
2.426502732240437277e-01 6.515294389799633791e+03
2.596589259796807103e-01 1.541968319303337921e+04
2.811171662125340753e-01 -2.854506403269754810e+04
3.008784530386739986e-01 -2.563153626519337195e+04
3.206315289648623001e-01 1.937865183285849707e+04
3.399619047619047429e-01 8.639048380952377556e+03
3.619689737470166979e-01 -1.843006372315036060e+04
3.799070887818307152e-01 -5.960877976600127113e+02
4.013341804320203487e-01 1.268446374205844950e+04
4.195595854922279933e-01 1.590594306275187228e+04
4.407771883289124948e-01 2.507057880106100856e+04
4.600780487804878027e-01 1.396560070243902373e+04
4.807973648341663520e-01 -2.495844797819173891e+03
5.009150981177412643e-01 -3.985027020424510283e+03
5.204555984555984116e-01 -1.781185239382239615e+03
5.419053527118044000e-01 -5.174960262318326386e+03
5.606541598694942952e-01 -2.144221132137031236e+04
5.706576338400528581e-01 -3.469808704560476326e+04
