2.166666666666666741e-02 9.084775916666667399e+03
4.454545454545454780e-02 7.373929545454546314e+03
6.211111111111110999e-02 5.757213999999999942e+03
8.302469135802469091e-02 3.918010987654321070e+03
1.001960784313725428e-01 3.074562745098039613e+03
1.238590604026845732e-01 2.373134161073825453e+03
1.404228855721393054e-01 1.860134179104477425e+03
1.630075187969924899e-01 1.581514924812029903e+03
1.808858858858858887e-01 1.346447567567567603e+03
2.036394557823129059e-01 1.030737578231292446e+03
2.190557939914163088e-01 8.867183111587983149e+02
2.426502732240437277e-01 7.310981511839709128e+02
2.596589259796807103e-01 6.881181146589260607e+02
2.811171662125340753e-01 6.539914291553134262e+02
3.008784530386739986e-01 6.025268950276242776e+02
3.206315289648623001e-01 5.470131661918328518e+02
3.399619047619047429e-01 4.689031009523808962e+02
3.619689737470166979e-01 4.056479522673031397e+02
3.799070887818307152e-01 3.948310536820372363e+02
4.013341804320203487e-01 3.578630482846252221e+02
4.195595854922279933e-01 3.268674156591824840e+02
4.407771883289124948e-01 3.094524615384615913e+02
4.600780487804878027e-01 2.815248248780487756e+02
4.807973648341663520e-01 2.614354734211721620e+02
5.009150981177412643e-01 2.419069106928313886e+02
5.204555984555984116e-01 2.349338621621621428e+02
5.419053527118044000e-01 2.250630538816022579e+02
5.606541598694942952e-01 2.042262942903751934e+02
5.706576338400528581e-01 1.983894990085922245e+02
