2.166666666666666741e-02 6.359095133333333251e+03
4.454545454545454780e-02 6.805378181818182384e+03
6.211111111111110999e-02 6.285738888888889051e+03
8.302469135802469091e-02 4.362071111111111350e+03
1.001960784313725428e-01 3.351259509803921446e+03
1.238590604026845732e-01 2.541681275167785316e+03
1.404228855721393054e-01 2.017903532338308651e+03
1.630075187969924899e-01 1.712029624060150354e+03
1.808858858858858887e-01 1.442516606606606501e+03
2.036394557823129059e-01 1.130807678004535092e+03
2.190557939914163088e-01 9.570834141630901968e+02
2.426502732240437277e-01 7.580284244080146436e+02
2.596589259796807103e-01 7.259808200290276545e+02
2.811171662125340753e-01 6.990029850136238565e+02
3.008784530386739986e-01 6.588268220994474405e+02
3.206315289648623001e-01 6.010980531813864900e+02
3.399619047619047429e-01 5.063319790476190292e+02
3.619689737470166979e-01 4.320252410501193481e+02
3.799070887818307152e-01 4.215213021335168833e+02
4.013341804320203487e-01 3.805694390088945624e+02
4.195595854922279933e-01 3.388724196891191127e+02
4.407771883289124948e-01 3.319673087533156490e+02
4.600780487804878027e-01 3.108487721951220237e+02
4.807973648341663520e-01 2.840927024079963985e+02
5.009150981177412643e-01 2.590539106928313799e+02
5.204555984555984116e-01 2.555455849420849574e+02
5.419053527118044000e-01 2.452831839773130014e+02
5.606541598694942952e-01 2.206744013050571027e+02
5.706576338400528581e-01 2.176370945142101903e+02
