2.166666666666666741e-02 1.053955966666666609e+04
4.454545454545454780e-02 8.055119090909091028e+03
6.211111111111110999e-02 6.765146222222221695e+03
8.302469135802469091e-02 4.808364938271603933e+03
1.001960784313725428e-01 3.659755784313725144e+03
1.238590604026845732e-01 2.820364362416107269e+03
1.404228855721393054e-01 2.187700746268656530e+03
1.630075187969924899e-01 1.889923082706766991e+03
1.808858858858858887e-01 1.677128678678678625e+03
2.036394557823129059e-01 1.296435464852607765e+03
2.190557939914163088e-01 1.073549510729613758e+03
2.426502732240437277e-01 8.417789726775956751e+02
2.596589259796807103e-01 7.922606037735851032e+02
2.811171662125340753e-01 7.773937915531336103e+02
3.008784530386739986e-01 7.366150397790055422e+02
3.206315289648623001e-01 6.699580750237416851e+02
3.399619047619047429e-01 5.804573609523810092e+02
3.619689737470166979e-01 5.112875608591884884e+02
3.799070887818307152e-01 4.806642257398485754e+02
4.013341804320203487e-01 4.229496073697586098e+02
4.195595854922279933e-01 3.853625411629246287e+02
4.407771883289124948e-01 3.779618456233421853e+02
4.600780487804878027e-01 3.568099785365853904e+02
4.807973648341663520e-01 3.144810981372103811e+02
5.009150981177412643e-01 2.943764869843812448e+02
5.204555984555984116e-01 2.858564351351350865e+02
5.419053527118044000e-01 2.635562406947890963e+02
5.606541598694942952e-01 2.509475138662316454e+02
5.706576338400528581e-01 2.530176007931262347e+02
