2.166666666666666741e-02 6.065540066666667371e+03
4.454545454545454780e-02 6.114767272727272939e+03
6.211111111111110999e-02 5.466614666666666380e+03
8.302469135802469091e-02 3.849626296296296005e+03
1.001960784313725428e-01 3.014440294117647227e+03
1.238590604026845732e-01 2.282120671140939521e+03
1.404228855721393054e-01 1.814999203980099537e+03
1.630075187969924899e-01 1.569770375939849600e+03
1.808858858858858887e-01 1.293726726726726838e+03
2.036394557823129059e-01 1.000332757369614342e+03
2.190557939914163088e-01 8.792108884120170842e+02
2.426502732240437277e-01 6.916797595628414683e+02
2.596589259796807103e-01 6.516214034833091091e+02
2.811171662125340753e-01 6.393803405994550531e+02
3.008784530386739986e-01 5.891354640883977254e+02
3.206315289648623001e-01 5.223136429249763069e+02
3.399619047619047429e-01 4.413342904761904606e+02
3.619689737470166979e-01 3.985446133651551577e+02
3.799070887818307152e-01 3.889038024776324960e+02
4.013341804320203487e-01 3.441592020330368769e+02
4.195595854922279933e-01 3.012179199769718139e+02
4.407771883289124948e-01 2.776312424403183172e+02
4.600780487804878027e-01 2.660638819512195141e+02
4.807973648341663520e-01 2.509261871876419434e+02
5.009150981177412643e-01 2.319768013616339601e+02
5.204555984555984116e-01 2.199627355212355155e+02
5.419053527118044000e-01 2.103091215880893401e+02
5.606541598694942952e-01 1.946834822185970779e+02
5.706576338400528581e-01 1.862412987442167491e+02
