2.166666666666666741e-02 5.998885266666667121e+03
4.454545454545454780e-02 6.027301818181817907e+03
6.211111111111110999e-02 5.429616444444443914e+03
8.302469135802469091e-02 3.859580246913580140e+03
1.001960784313725428e-01 3.018942352941176523e+03
1.238590604026845732e-01 2.274211543624161095e+03
1.404228855721393054e-01 1.806768109452736098e+03
1.630075187969924899e-01 1.572236015037594143e+03
1.808858858858858887e-01 1.299856426426426424e+03
2.036394557823129059e-01 9.946885668934241949e+02
2.190557939914163088e-01 8.685351909871245653e+02
2.426502732240437277e-01 6.910934153005465532e+02
2.596589259796807103e-01 6.550314150943396498e+02
2.811171662125340753e-01 6.424556934604904654e+02
3.008784530386739986e-01 5.896767977900552751e+02
3.206315289648623001e-01 5.201238841405507856e+02
3.399619047619047429e-01 4.398911180952380846e+02
3.619689737470166979e-01 3.964424630071598585e+02
3.799070887818307152e-01 3.845384872677219619e+02
4.013341804320203487e-01 3.420304320203302950e+02
4.195595854922279933e-01 3.014165584340817645e+02
4.407771883289124948e-01 2.799184323607427132e+02
4.600780487804878027e-01 2.709471043902439078e+02
4.807973648341663520e-01 2.526391744661517862e+02
5.009150981177412643e-01 2.306602539046856180e+02
5.204555984555984116e-01 2.184662791505791404e+02
5.419053527118044000e-01 2.093885023041474653e+02
5.606541598694942952e-01 1.943216884176182191e+02
5.706576338400528581e-01 1.858074467944481398e+02
