-2.375000000000000000e+01 3.268175212544222052e+00 3.112239491190982865e-01
-2.325000000000000000e+01 2.391500670967599440e+00 1.053676498350217955e-01
-2.275000000000000000e+01 2.207955284521450068e+00 6.146873707294542299e-02
-2.225000000000000000e+01 1.987954830654861560e+00 4.427609865672314793e-02
-2.175000000000000000e+01 1.802085914085707286e+00 3.082121516799150168e-02
-2.125000000000000000e+01 1.587292522129290395e+00 1.934201423527556404e-02
-2.075000000000000000e+01 1.431028337312071352e+00 1.263147091149074627e-02
-2.025000000000000000e+01 1.387692785274807994e+00 9.840636433348180084e-03
-1.975000000000000000e+01 1.397329576187258393e+00 8.745675214029760558e-03
-1.925000000000000000e+01 1.378452238175351674e+00 8.143239987319484882e-03
-1.875000000000000000e+01 1.328237624238425285e+00 7.475274188508416844e-03
-1.825000000000000000e+01 1.279486897245729171e+00 6.647119051186403151e-03
-1.775000000000000000e+01 1.239632883987249246e+00 5.908475923654619641e-03
-1.725000000000000000e+01 1.216381343554433725e+00 5.390458648121791360e-03
-1.675000000000000000e+01 1.193871096106857932e+00 4.981727012965199257e-03
-1.625000000000000000e+01 1.167906820461996009e+00 4.655498675648168591e-03
-1.575000000000000000e+01 1.142511694512130305e+00 4.327243684445719434e-03
-1.525000000000000000e+01 1.076733628052558345e+00 3.937705161813140689e-03
-1.475000000000000000e+01 1.022841291336164193e+00 3.594180457335244532e-03
-1.425000000000000000e+01 9.671674719392920894e-01 3.332981061143908564e-03
