2.166666666666666741e-02 3.283173000000000320e+04
4.454545454545454780e-02 1.892094863636363516e+04
6.211111111111110999e-02 1.191728288888888892e+04
8.302469135802469091e-02 7.407191111111111240e+03
1.001960784313725428e-01 4.994414803921567909e+03
1.238590604026845732e-01 4.394554295302013088e+03
1.404228855721393054e-01 3.650633482587064464e+03
1.630075187969924899e-01 3.008220714285714166e+03
1.808858858858858887e-01 2.591642702702702536e+03
2.036394557823129059e-01 1.902679206349206424e+03
2.190557939914163088e-01 1.640489527896995696e+03
2.426502732240437277e-01 1.308568360655737706e+03
2.596589259796807103e-01 1.116800624092888484e+03
2.811171662125340753e-01 1.147127397820163424e+03
3.008784530386739986e-01 1.161913281767955823e+03
3.206315289648623001e-01 1.030884002849002854e+03
3.399619047619047429e-01 8.819514657142858596e+02
3.619689737470166979e-01 6.623513890214796902e+02
3.799070887818307152e-01 6.732879435650378355e+02
4.013341804320203487e-01 5.997239275730622694e+02
4.195595854922279933e-01 5.287728589522164384e+02
4.407771883289124948e-01 5.974356201591511990e+02
4.600780487804878027e-01 6.049067097560975981e+02
4.807973648341663520e-01 5.910720049977282997e+02
5.009150981177412643e-01 5.286373247897477086e+02
5.204555984555984116e-01 5.069214687258687491e+02
5.419053527118044000e-01 4.446571669620702210e+02
5.606541598694942952e-01 3.967406818923327592e+02
5.706576338400528581e-01 4.128916682088566290e+02
