2.166666666666666741e-02 3.681985316666666768e+04
4.454545454545454780e-02 1.697991772727272837e+04
6.211111111111110999e-02 9.043720666666666148e+03
8.302469135802469091e-02 6.016348641975308965e+03
1.001960784313725428e-01 4.332668725490195357e+03
1.238590604026845732e-01 3.581360067114093908e+03
1.404228855721393054e-01 2.877834477611940201e+03
1.630075187969924899e-01 2.440244699248120014e+03
1.808858858858858887e-01 2.232049849849850034e+03
2.036394557823129059e-01 1.758276780045351416e+03
2.190557939914163088e-01 1.431376566523605106e+03
2.426502732240437277e-01 1.148399307832422437e+03
2.596589259796807103e-01 1.142547010159651563e+03
2.811171662125340753e-01 1.089228392370572465e+03
3.008784530386739986e-01 1.005957434254143550e+03
3.206315289648623001e-01 9.253453048433050299e+02
3.399619047619047429e-01 7.854100799999999936e+02
3.619689737470166979e-01 6.666811694510739699e+02
3.799070887818307152e-01 6.112792924982794602e+02
4.013341804320203487e-01 5.624496080050826095e+02
4.195595854922279933e-01 5.178000109383995095e+02
4.407771883289124948e-01 4.890883623342175497e+02
4.600780487804878027e-01 4.734185126829268029e+02
4.807973648341663520e-01 4.462062280781462960e+02
5.009150981177412643e-01 4.042885106127352515e+02
5.204555984555984116e-01 3.756592849420849802e+02
5.419053527118044000e-01 3.682056125487415557e+02
5.606541598694942952e-01 3.488208499184339644e+02
5.706576338400528581e-01 3.339208889623265577e+02
