2.166666666666666741e-02 5.033877333333333809e+03
4.454545454545454780e-02 6.231446818181819253e+03
6.211111111111110999e-02 6.127794888888889545e+03
8.302469135802469091e-02 4.540205308641975535e+03
1.001960784313725428e-01 3.587302941176470995e+03
1.238590604026845732e-01 2.680694697986577467e+03
1.404228855721393054e-01 2.108984179104477789e+03
1.630075187969924899e-01 1.813445676691729432e+03
1.808858858858858887e-01 1.554964954954954919e+03
2.036394557823129059e-01 1.177957936507936438e+03
2.190557939914163088e-01 1.005660630901287391e+03
2.426502732240437277e-01 7.701962185792350510e+02
2.596589259796807103e-01 7.248141799709724182e+02
2.811171662125340753e-01 6.838577752043596547e+02
3.008784530386739986e-01 6.041210662983424982e+02
3.206315289648623001e-01 5.783518157644823532e+02
3.399619047619047429e-01 5.245110438095236987e+02
3.619689737470166979e-01 4.534218090692124292e+02
3.799070887818307152e-01 4.283618733654508333e+02
4.013341804320203487e-01 3.595936639135959467e+02
4.195595854922279933e-01 3.145335895221646183e+02
4.407771883289124948e-01 3.186000949602122319e+02
4.600780487804878027e-01 3.096805302439024103e+02
4.807973648341663520e-01 2.922756419809176691e+02
5.009150981177412643e-01 2.794579823788545809e+02
5.204555984555984116e-01 2.622985810810810676e+02
5.419053527118044000e-01 2.264400960652251058e+02
5.606541598694942952e-01 2.085296052202283761e+02
5.706576338400528581e-01 2.105709874421678762e+02
