2.166666666666666741e-02 3.002430166666666628e+05
4.454545454545454780e-02 1.106892545454545470e+05
6.211111111111110999e-02 2.635462666666666701e+04
8.302469135802469091e-02 1.602905185185185110e+04
1.001960784313725428e-01 1.235356254901960892e+04
1.238590604026845732e-01 9.999592617449665340e+03
1.404228855721393054e-01 5.934170965174128469e+03
1.630075187969924899e-01 5.009442345864662457e+03
1.808858858858858887e-01 6.349484144144144921e+03
2.036394557823129059e-01 4.314618027210884065e+03
2.190557939914163088e-01 2.608452008583690713e+03
2.426502732240437277e-01 2.754736040072859851e+03
2.596589259796807103e-01 2.681776981132075889e+03
2.811171662125340753e-01 1.898188896457765622e+03
3.008784530386739986e-01 1.373430013259668158e+03
3.206315289648623001e-01 1.021187264007597378e+03
3.399619047619047429e-01 1.086489753333333283e+03
3.619689737470166979e-01 1.372964505966587240e+03
3.799070887818307152e-01 1.059792746042670160e+03
4.013341804320203487e-01 8.517865692503177115e+02
4.195595854922279933e-01 8.869665699481865886e+02
4.407771883289124948e-01 1.093279131034482816e+03
4.600780487804878027e-01 1.211620277560975637e+03
4.807973648341663520e-01 8.118758505224897135e+02
5.009150981177412643e-01 1.227300155386463757e+03
5.204555984555984116e-01 1.433583582239382167e+03
5.419053527118044000e-01 1.270376660049627844e+03
5.606541598694942952e-01 1.303173726590538536e+03
5.706576338400528581e-01 1.212151746199603622e+03
