2.166666666666666741e-02 5.278186150000000453e+03
4.454545454545454780e-02 6.288845909090910027e+03
6.211111111111110999e-02 5.777455111111112274e+03
8.302469135802469091e-02 3.975024938271605151e+03
1.001960784313725428e-01 3.052702058823529114e+03
1.238590604026845732e-01 2.330250134228188017e+03
1.404228855721393054e-01 1.884378905472636689e+03
1.630075187969924899e-01 1.580267857142857110e+03
1.808858858858858887e-01 1.332353543543543537e+03
2.036394557823129059e-01 1.084027632653061119e+03
2.190557939914163088e-01 9.288654957081545263e+02
2.426502732240437277e-01 7.222132950819673169e+02
2.596589259796807103e-01 6.878126865021770300e+02
2.811171662125340753e-01 6.586870490463214765e+02
3.008784530386739986e-01 6.066394795580110895e+02
3.206315289648623001e-01 5.484948993352327307e+02
3.399619047619047429e-01 4.727272790476190494e+02
3.619689737470166979e-01 4.072025632458233417e+02
3.799070887818307152e-01 3.860350165175499342e+02
4.013341804320203487e-01 3.593552109275731254e+02
4.195595854922279933e-01 3.254848100172712293e+02
4.407771883289124948e-01 3.044071326259947341e+02
4.600780487804878027e-01 2.938763873170731813e+02
4.807973648341663520e-01 2.686570327124034634e+02
5.009150981177412643e-01 2.404908938726471774e+02
5.204555984555984116e-01 2.340438266409266248e+02
5.419053527118044000e-01 2.248907610776320780e+02
5.606541598694942952e-01 2.041479977161500869e+02
5.706576338400528581e-01 1.960797283542630680e+02
