2.166666666666666741e-02 4.920523933333332934e+03
4.454545454545454780e-02 5.167673181818181547e+03
6.211111111111110999e-02 4.541584444444443761e+03
8.302469135802469091e-02 3.069739506172838901e+03
1.001960784313725428e-01 2.399651470588235043e+03
1.238590604026845732e-01 1.841777382550335233e+03
1.404228855721393054e-01 1.429260597014925452e+03
1.630075187969924899e-01 1.229400255639097622e+03
1.808858858858858887e-01 1.035089465465465310e+03
2.036394557823129059e-01 7.881811247165530858e+02
2.190557939914163088e-01 6.828751824034335414e+02
2.426502732240437277e-01 5.338191165755920338e+02
2.596589259796807103e-01 4.997775834542815687e+02
2.811171662125340753e-01 4.851451852861035263e+02
3.008784530386739986e-01 4.514394640883977559e+02
3.206315289648623001e-01 4.121996590693256621e+02
3.399619047619047429e-01 3.527914523809523644e+02
3.619689737470166979e-01 3.047073317422433547e+02
3.799070887818307152e-01 2.888252071576049502e+02
4.013341804320203487e-01 2.556162681067344238e+02
4.195595854922279933e-01 2.281056073690270694e+02
4.407771883289124948e-01 2.175818244031830204e+02
4.600780487804878027e-01 2.063549204878048613e+02
4.807973648341663520e-01 1.878691540208996003e+02
5.009150981177412643e-01 1.705173820584701900e+02
5.204555984555984116e-01 1.653172486486486434e+02
5.419053527118044000e-01 1.565984626019142354e+02
5.606541598694942952e-01 1.434097252854812155e+02
5.706576338400528581e-01 1.405384771976205798e+02
