2.166666666666666741e-02 2.756543283333333602e+04
4.454545454545454780e-02 1.408378909090909110e+04
6.211111111111110999e-02 8.082899111111109960e+03
8.302469135802469091e-02 5.469232469135801693e+03
1.001960784313725428e-01 4.102572450980392205e+03
1.238590604026845732e-01 3.510909261744966443e+03
1.404228855721393054e-01 2.805929850746268585e+03
1.630075187969924899e-01 2.363660902255639485e+03
1.808858858858858887e-01 2.159624324324324334e+03
2.036394557823129059e-01 1.679688571428571549e+03
2.190557939914163088e-01 1.378879742489270257e+03
2.426502732240437277e-01 1.058150091074681313e+03
2.596589259796807103e-01 1.010269419448476015e+03
2.811171662125340753e-01 9.864817302452315744e+02
3.008784530386739986e-01 9.846878011049724364e+02
3.206315289648623001e-01 9.130889999999999418e+02
3.399619047619047429e-01 7.404270885714284987e+02
3.619689737470166979e-01 6.436416085918855288e+02
3.799070887818307152e-01 6.146601293874741714e+02
4.013341804320203487e-01 5.631253411689962149e+02
4.195595854922279933e-01 5.125420374208405292e+02
4.407771883289124948e-01 4.659789469496021752e+02
4.600780487804878027e-01 4.548936760975610127e+02
4.807973648341663520e-01 4.486858668786915700e+02
5.009150981177412643e-01 4.036326744092910985e+02
5.204555984555984116e-01 3.613709814671814797e+02
5.419053527118044000e-01 3.545690570719603443e+02
5.606541598694942952e-01 3.632232244698205363e+02
5.706576338400528581e-01 3.702009881031063969e+02
