2.166666666666666741e-02 1.769006966666666631e+04
4.454545454545454780e-02 1.081897909090908979e+04
6.211111111111110999e-02 7.750943999999999505e+03
8.302469135802469091e-02 5.346876172839505671e+03
1.001960784313725428e-01 3.876897941176470340e+03
1.238590604026845732e-01 3.061366577181207958e+03
1.404228855721393054e-01 2.645449552238806064e+03
1.630075187969924899e-01 2.325138759398495949e+03
1.808858858858858887e-01 2.019184234234234054e+03
2.036394557823129059e-01 1.574049931972789182e+03
2.190557939914163088e-01 1.307263218884120306e+03
2.426502732240437277e-01 1.000105821493624831e+03
2.596589259796807103e-01 9.563634775036284736e+02
2.811171662125340753e-01 9.613541280653950025e+02
3.008784530386739986e-01 8.633389591160220107e+02
3.206315289648623001e-01 7.980831927825261118e+02
3.399619047619047429e-01 7.126369819047619103e+02
3.619689737470166979e-01 6.206880167064439320e+02
3.799070887818307152e-01 5.835470571231933263e+02
4.013341804320203487e-01 5.121679834815756749e+02
4.195595854922279933e-01 4.611731721358664799e+02
4.407771883289124948e-01 4.530414376657824960e+02
4.600780487804878027e-01 4.290939214634146310e+02
4.807973648341663520e-01 3.976859940935937630e+02
5.009150981177412643e-01 3.756065983179815930e+02
5.204555984555984116e-01 3.664575610038609739e+02
5.419053527118044000e-01 3.497770120524637036e+02
5.606541598694942952e-01 3.252863406199020915e+02
5.706576338400528581e-01 3.245682921348314380e+02
