2.166666666666666741e-02 5.127620499999999993e+03
4.454545454545454780e-02 6.189800909090909045e+03
6.211111111111110999e-02 5.705033111111110884e+03
8.302469135802469091e-02 4.057028395061728133e+03
1.001960784313725428e-01 3.144479215686274529e+03
1.238590604026845732e-01 2.362821073825502936e+03
1.404228855721393054e-01 1.906182537313432476e+03
1.630075187969924899e-01 1.582638609022556466e+03
1.808858858858858887e-01 1.328204504504504484e+03
2.036394557823129059e-01 1.070507637188208719e+03
2.190557939914163088e-01 9.179623862660944269e+02
2.426502732240437277e-01 7.063176684881602796e+02
2.596589259796807103e-01 6.700623468795355393e+02
2.811171662125340753e-01 6.481792901907356281e+02
3.008784530386739986e-01 6.026186497237569029e+02
3.206315289648623001e-01 5.486568528015194488e+02
3.399619047619047429e-01 4.754063380952380840e+02
3.619689737470166979e-01 4.121935632458233272e+02
3.799070887818307152e-01 3.857384686854783240e+02
4.013341804320203487e-01 3.566324498094028286e+02
4.195595854922279933e-01 3.272869182498560576e+02
4.407771883289124948e-01 3.020552127320954128e+02
4.600780487804878027e-01 2.874856882926829940e+02
4.807973648341663520e-01 2.622441076783280209e+02
5.009150981177412643e-01 2.371634825790949321e+02
5.204555984555984116e-01 2.336343563706563771e+02
5.419053527118044000e-01 2.245640379298121445e+02
5.606541598694942952e-01 2.029618792822186037e+02
5.706576338400528581e-01 1.934521982815597880e+02
