2.166666666666666741e-02 5.068229399999999259e+03
4.454545454545454780e-02 5.276738181818182056e+03
6.211111111111110999e-02 4.660206222222223005e+03
8.302469135802469091e-02 3.116886172839506344e+03
1.001960784313725428e-01 2.434935588235293835e+03
1.238590604026845732e-01 1.877663691275167821e+03
1.404228855721393054e-01 1.457912139303482718e+03
1.630075187969924899e-01 1.258358270676691745e+03
1.808858858858858887e-01 1.051620768768768585e+03
2.036394557823129059e-01 8.019994217687075206e+02
2.190557939914163088e-01 7.014297532188841160e+02
2.426502732240437277e-01 5.436668342440801780e+02
2.596589259796807103e-01 5.038830986937591092e+02
2.811171662125340753e-01 4.931066498637601399e+02
3.008784530386739986e-01 4.598682674033149169e+02
3.206315289648623001e-01 4.200661433998100165e+02
3.399619047619047429e-01 3.611883952380952678e+02
3.619689737470166979e-01 3.145781622911694626e+02
3.799070887818307152e-01 2.975476806607020421e+02
4.013341804320203487e-01 2.611230686149935991e+02
4.195595854922279933e-01 2.319176384571099447e+02
4.407771883289124948e-01 2.218060318302387373e+02
4.600780487804878027e-01 2.108807956097560918e+02
4.807973648341663520e-01 1.922851944570649323e+02
5.009150981177412643e-01 1.752916720064076799e+02
5.204555984555984116e-01 1.693491783783783546e+02
5.419053527118044000e-01 1.607724363700815218e+02
5.606541598694942952e-01 1.479282747145187500e+02
5.706576338400528581e-01 1.449462485128883031e+02
