-2.375000000000000000e+01 2.328913207260531415e+00 7.811801585040208107e-02
-2.325000000000000000e+01 2.000383981696711277e+00 5.330269904626289135e-02
-2.275000000000000000e+01 1.899369511424842560e+00 3.783155428579058899e-02
-2.225000000000000000e+01 1.678125359144424289e+00 2.417775917931543062e-02
-2.175000000000000000e+01 1.520892251572212750e+00 1.609946166918654539e-02
-2.125000000000000000e+01 1.467025522692704032e+00 1.261891126387360007e-02
-2.075000000000000000e+01 1.438906451168410205e+00 1.099345762147642402e-02
-2.025000000000000000e+01 1.401314401942243437e+00 1.010563122881436883e-02
-1.975000000000000000e+01 1.402055025140579669e+00 9.468781721552013350e-03
-1.925000000000000000e+01 1.354165826863451327e+00 8.818915569971705337e-03
-1.875000000000000000e+01 1.324318911094802376e+00 7.927981157170308629e-03
-1.825000000000000000e+01 1.258728402958599002e+00 6.965066034100024679e-03
-1.775000000000000000e+01 1.242073210692962837e+00 6.113655437930295283e-03
-1.725000000000000000e+01 1.216776784834338931e+00 5.547632585616833929e-03
-1.675000000000000000e+01 1.189491351905922700e+00 5.131033498361975941e-03
-1.625000000000000000e+01 1.165997049903398253e+00 4.772149272133483985e-03
-1.575000000000000000e+01 1.141460384866787026e+00 4.426987763709249769e-03
-1.525000000000000000e+01 1.080941724504092649e+00 4.026903043770188942e-03
-1.475000000000000000e+01 1.022613899918419778e+00 3.670812444749728658e-03
-1.425000000000000000e+01 9.719035055757955233e-01 3.389505737249485541e-03
