-2.375000000000000000e+01 4.237396821714087380e+00 3.590003691743054226e+00
-2.325000000000000000e+01 3.875345218136388770e+00 4.139567504942358589e-01
-2.275000000000000000e+01 1.925099448491809584e+00 2.627573098593880552e-01
-2.225000000000000000e+01 2.062391052265394542e+00 8.767055554740572909e-02
-2.175000000000000000e+01 2.033658873606674522e+00 5.165845726804713794e-02
-2.125000000000000000e+01 1.709948196326924075e+00 3.434722921437590587e-02
-2.075000000000000000e+01 1.605343767203953442e+00 2.137417717668460213e-02
-2.025000000000000000e+01 1.398937631479455490e+00 1.333050214666519143e-02
-1.975000000000000000e+01 1.367473106272052874e+00 9.654629686138701053e-03
-1.925000000000000000e+01 1.370823178934500008e+00 8.235452078699101799e-03
-1.875000000000000000e+01 1.344732537827709073e+00 7.431286956061730273e-03
-1.825000000000000000e+01 1.318839429928742257e+00 6.666385715190327466e-03
-1.775000000000000000e+01 1.267173959858293175e+00 5.975950702050574631e-03
-1.725000000000000000e+01 1.238288702233256489e+00 5.467379906018694606e-03
-1.675000000000000000e+01 1.204996769998866846e+00 5.023671962956211684e-03
-1.625000000000000000e+01 1.185028805453719691e+00 4.654307923074974852e-03
-1.575000000000000000e+01 1.155883249886584752e+00 4.360104904279825562e-03
-1.525000000000000000e+01 1.114800370505982574e+00 3.998218378577972354e-03
-1.475000000000000000e+01 1.043904977124138655e+00 3.625543236472604253e-03
-1.425000000000000000e+01 9.845738076661245675e-01 3.347755955078501097e-03
