2.166666666666666741e-02 6.777479816666666920e+03
4.454545454545454780e-02 7.047156363636363494e+03
6.211111111111110999e-02 6.198927999999999884e+03
8.302469135802469091e-02 4.293040740740740148e+03
1.001960784313725428e-01 3.199493039215686167e+03
1.238590604026845732e-01 2.450117785234899202e+03
1.404228855721393054e-01 1.988980248756218771e+03
1.630075187969924899e-01 1.651333157894736814e+03
1.808858858858858887e-01 1.396647417417417273e+03
2.036394557823129059e-01 1.080374185941043152e+03
2.190557939914163088e-01 9.170366609442061190e+02
2.426502732240437277e-01 7.540242768670310625e+02
2.596589259796807103e-01 7.041969288824383284e+02
2.811171662125340753e-01 6.719647247956403362e+02
3.008784530386739986e-01 6.420686629834253836e+02
3.206315289648623001e-01 5.800137673314339963e+02
3.399619047619047429e-01 4.893665523809524416e+02
3.619689737470166979e-01 4.121557064439140845e+02
3.799070887818307152e-01 3.889751059876118688e+02
4.013341804320203487e-01 3.562602973316392081e+02
4.195595854922279933e-01 3.220221548647092504e+02
4.407771883289124948e-01 3.085516461538461499e+02
4.600780487804878027e-01 2.891337785365853392e+02
4.807973648341663520e-01 2.651835933666515643e+02
5.009150981177412643e-01 2.449071762114537023e+02
5.204555984555984116e-01 2.392761088803088683e+02
5.419053527118044000e-01 2.280265306628855058e+02
5.606541598694942952e-01 2.060796234910277178e+02
5.706576338400528581e-01 2.026136959682749534e+02
