2.166666666666666741e-02 -4.548158333333333758e+03
4.454545454545454780e-02 2.643766363636363621e+03
6.211111111111110999e-02 6.145207777777777665e+03
8.302469135802469091e-02 5.584893703703703977e+03
1.001960784313725428e-01 4.826617156862745105e+03
1.238590604026845732e-01 2.951858297986577327e+03
1.404228855721393054e-01 1.549637594029851016e+03
1.630075187969924899e-01 1.246297639097744423e+03
1.808858858858858887e-01 2.135324150150150217e+03
2.036394557823129059e-01 1.854302113378684453e+03
2.190557939914163088e-01 1.821827901287553686e+03
2.426502732240437277e-01 1.334963639344262447e+03
2.596589259796807103e-01 1.180751970972423806e+03
2.811171662125340753e-01 1.238169209809264657e+03
3.008784530386739986e-01 1.496247743646408935e+03
3.206315289648623001e-01 1.509664960113959978e+03
3.399619047619047429e-01 7.030085171428571584e+02
3.619689737470166979e-01 8.403265871121718646e+02
3.799070887818307152e-01 7.086055898141776197e+02
4.013341804320203487e-01 1.953813357687420762e+02
4.195595854922279933e-01 3.580389962579159260e+02
4.407771883289124948e-01 3.738900657824933660e+02
4.600780487804878027e-01 1.766209917073171027e+02
4.807973648341663520e-01 2.245739441163107699e+02
5.009150981177412643e-01 5.176582867440929476e+02
5.204555984555984116e-01 4.991069671814671551e+02
5.419053527118044000e-01 2.508913232896135810e+02
5.606541598694942952e-01 3.698486140293637163e+02
5.706576338400528581e-01 5.138286384666225786e+02
