2.166666666666666741e-02 4.283469333333333452e+03
4.454545454545454780e-02 6.441277727272726224e+03
6.211111111111110999e-02 6.270642666666666628e+03
8.302469135802469091e-02 4.786174938271604333e+03
1.001960784313725428e-01 3.521437843137255186e+03
1.238590604026845732e-01 2.333553087248321845e+03
1.404228855721393054e-01 1.913640497512437832e+03
1.630075187969924899e-01 1.987464511278195687e+03
1.808858858858858887e-01 1.713625525525525745e+03
2.036394557823129059e-01 1.170286848072562179e+03
2.190557939914163088e-01 1.045483068669527938e+03
2.426502732240437277e-01 7.783132058287794734e+02
2.596589259796807103e-01 7.441996806966617442e+02
2.811171662125340753e-01 7.603510667574931858e+02
3.008784530386739986e-01 6.701750486187845581e+02
3.206315289648623001e-01 6.243921547958215115e+02
3.399619047619047429e-01 5.573686666666666270e+02
3.619689737470166979e-01 5.207498019093079620e+02
3.799070887818307152e-01 5.026427068134894398e+02
4.013341804320203487e-01 4.060033894536214234e+02
4.195595854922279933e-01 3.163808785261945786e+02
4.407771883289124948e-01 3.414336854111405728e+02
4.600780487804878027e-01 3.435711653658536306e+02
4.807973648341663520e-01 3.056524216265333962e+02
5.009150981177412643e-01 2.922990380456548110e+02
5.204555984555984116e-01 3.129987571428571300e+02
5.419053527118044000e-01 3.114939649060616489e+02
5.606541598694942952e-01 2.483811758564437184e+02
5.706576338400528581e-01 2.239435822868473451e+02
