2.166666666666666741e-02 5.063619616666666843e+03
4.454545454545454780e-02 5.205128636363635451e+03
6.211111111111110999e-02 4.670972222222222626e+03
8.302469135802469091e-02 3.169032345679012451e+03
1.001960784313725428e-01 2.471562549019607104e+03
1.238590604026845732e-01 1.909680268456375643e+03
1.404228855721393054e-01 1.494656716417910502e+03
1.630075187969924899e-01 1.262477676691729357e+03
1.808858858858858887e-01 1.054770456456456486e+03
2.036394557823129059e-01 8.204383219954647757e+02
2.190557939914163088e-01 7.161995128755364703e+02
2.426502732240437277e-01 5.576455464480874298e+02
2.596589259796807103e-01 5.118210435413643040e+02
2.811171662125340753e-01 4.951375204359673035e+02
3.008784530386739986e-01 4.670638729281768633e+02
3.206315289648623001e-01 4.275037122507122263e+02
3.399619047619047429e-01 3.656091600000000312e+02
3.619689737470166979e-01 3.165027183770883425e+02
3.799070887818307152e-01 3.009009270474879827e+02
4.013341804320203487e-01 2.691100686149936791e+02
4.195595854922279933e-01 2.383558370754173836e+02
4.407771883289124948e-01 2.243710419098143234e+02
4.600780487804878027e-01 2.145517219512195197e+02
4.807973648341663520e-01 1.962609250340753988e+02
5.009150981177412643e-01 1.761101481778133575e+02
5.204555984555984116e-01 1.699913525096525007e+02
5.419053527118044000e-01 1.622794735909251926e+02
5.606541598694942952e-01 1.479822577487765045e+02
5.706576338400528581e-01 1.436490654329147674e+02
