2.166666666666666741e-02 5.139137799999999515e+03
4.454545454545454780e-02 5.039283181818181220e+03
6.211111111111110999e-02 4.124309777777777526e+03
8.302469135802469091e-02 2.845469382716049040e+03
1.001960784313725428e-01 2.297342745098039359e+03
1.238590604026845732e-01 1.725446845637583692e+03
1.404228855721393054e-01 1.330947303482587131e+03
1.630075187969924899e-01 1.154194902255639136e+03
1.808858858858858887e-01 9.742813693693693722e+02
2.036394557823129059e-01 7.204631224489796750e+02
2.190557939914163088e-01 6.158735429184549730e+02
2.426502732240437277e-01 4.893239672131147699e+02
2.596589259796807103e-01 4.501526719883889314e+02
2.811171662125340753e-01 4.329718678474114881e+02
3.008784530386739986e-01 4.002837569060773149e+02
3.206315289648623001e-01 3.635641965811965974e+02
3.399619047619047429e-01 3.161254171428570885e+02
3.619689737470166979e-01 2.683161312649164643e+02
3.799070887818307152e-01 2.608469373709566526e+02
4.013341804320203487e-01 2.395629180432020178e+02
4.195595854922279933e-01 2.050782780656303999e+02
4.407771883289124948e-01 1.907262535809018686e+02
4.600780487804878027e-01 1.846157370731707204e+02
4.807973648341663520e-01 1.675750990458882370e+02
5.009150981177412643e-01 1.534157236684021086e+02
5.204555984555984116e-01 1.490983841698841843e+02
5.419053527118044000e-01 1.391136168025522863e+02
5.606541598694942952e-01 1.275779073409461546e+02
5.706576338400528581e-01 1.249465313945803189e+02
