2.166666666666666741e-02 6.172179416666666839e+03
4.454545454545454780e-02 6.214960000000000036e+03
6.211111111111110999e-02 5.414804666666666890e+03
8.302469135802469091e-02 3.651045308641975680e+03
1.001960784313725428e-01 2.861257745098038868e+03
1.238590604026845732e-01 2.203534899328858955e+03
1.404228855721393054e-01 1.685579651741293674e+03
1.630075187969924899e-01 1.424909774436090174e+03
1.808858858858858887e-01 1.228200930930930781e+03
2.036394557823129059e-01 9.481821269841269668e+02
2.190557939914163088e-01 8.034696952789699935e+02
2.426502732240437277e-01 6.464744043715846828e+02
2.596589259796807103e-01 6.194387300435414545e+02
2.811171662125340753e-01 5.973851185286102918e+02
3.008784530386739986e-01 5.475594917127071994e+02
3.206315289648623001e-01 4.940969496676163430e+02
3.399619047619047429e-01 4.238544266666667113e+02
3.619689737470166979e-01 3.740549403341289008e+02
3.799070887818307152e-01 3.590945815554025558e+02
4.013341804320203487e-01 3.142252750952986275e+02
4.195595854922279933e-01 2.746239286125504009e+02
4.407771883289124948e-01 2.648577474801060703e+02
4.600780487804878027e-01 2.512635009756097588e+02
4.807973648341663520e-01 2.295866583371195304e+02
5.009150981177412643e-01 2.181098490188226151e+02
5.204555984555984116e-01 2.087899046332046282e+02
5.419053527118044000e-01 1.940953860333215175e+02
5.606541598694942952e-01 1.834425725938009748e+02
5.706576338400528581e-01 1.822790647719761807e+02
