2.166666666666666741e-02 5.611689333333332797e+03
4.454545454545454780e-02 5.656520454545454413e+03
6.211111111111110999e-02 5.058714222222222816e+03
8.302469135802469091e-02 3.482009629629630126e+03
1.001960784313725428e-01 2.763153529411765248e+03
1.238590604026845732e-01 2.153010738255033175e+03
1.404228855721393054e-01 1.660000597014925461e+03
1.630075187969924899e-01 1.384444827067669166e+03
1.808858858858858887e-01 1.188370582582582756e+03
2.036394557823129059e-01 9.474163900226758415e+02
2.190557939914163088e-01 8.064223776824034076e+02
2.426502732240437277e-01 6.162241238615664543e+02
2.596589259796807103e-01 5.727916124818577828e+02
2.811171662125340753e-01 5.572971975476839361e+02
3.008784530386739986e-01 5.175938011049723855e+02
3.206315289648623001e-01 4.712544710351376693e+02
3.399619047619047429e-01 4.125352809523809015e+02
3.619689737470166979e-01 3.522355059665871408e+02
3.799070887818307152e-01 3.325782980041294081e+02
4.013341804320203487e-01 2.987010997458704082e+02
4.195595854922279933e-01 2.664210800230281961e+02
4.407771883289124948e-01 2.562239273209548855e+02
4.600780487804878027e-01 2.443255004878048453e+02
4.807973648341663520e-01 2.187483021353930042e+02
5.009150981177412643e-01 1.987226884261113184e+02
5.204555984555984116e-01 1.945549579150578836e+02
5.419053527118044000e-01 1.833289400921659080e+02
5.606541598694942952e-01 1.669725742251223437e+02
5.706576338400528581e-01 1.620024296100462777e+02
