2.166666666666666741e-02 4.260389883333332364e+03
4.454545454545454780e-02 4.271546818181817798e+03
6.211111111111110999e-02 3.655557777777778028e+03
8.302469135802469091e-02 2.493595679012345499e+03
1.001960784313725428e-01 2.047825882352941107e+03
1.238590604026845732e-01 1.532487718120805312e+03
1.404228855721393054e-01 1.163970766169154331e+03
1.630075187969924899e-01 1.018801578947368284e+03
1.808858858858858887e-01 8.671897777777777492e+02
2.036394557823129059e-01 6.655427210884354281e+02
2.190557939914163088e-01 5.715327575107296525e+02
2.426502732240437277e-01 4.331317176684881360e+02
2.596589259796807103e-01 4.060286632801161204e+02
2.811171662125340753e-01 4.113285326975476437e+02
3.008784530386739986e-01 3.692755160220993957e+02
3.206315289648623001e-01 3.326463836657169963e+02
3.399619047619047429e-01 2.921430561904761589e+02
3.619689737470166979e-01 2.464525751789975914e+02
3.799070887818307152e-01 2.360023840330350708e+02
4.013341804320203487e-01 2.120243996188055746e+02
4.195595854922279933e-01 1.821757772020725383e+02
4.407771883289124948e-01 1.728494403183023849e+02
4.600780487804878027e-01 1.670897224390243707e+02
4.807973648341663520e-01 1.507445579282144479e+02
5.009150981177412643e-01 1.359070861033239623e+02
5.204555984555984116e-01 1.295418193050193167e+02
5.419053527118044000e-01 1.203812456575682148e+02
5.606541598694942952e-01 1.121835608482871152e+02
5.706576338400528581e-01 1.121577726371447596e+02
