2.166666666666666741e-02 1.956537716666666893e+04
4.454545454545454780e-02 1.087972590909090832e+04
6.211111111111110999e-02 7.497491333333333387e+03
8.302469135802469091e-02 5.143194444444444343e+03
1.001960784313725428e-01 3.761475294117647081e+03
1.238590604026845732e-01 3.084834161073825271e+03
1.404228855721393054e-01 2.655355970149254063e+03
1.630075187969924899e-01 2.293817142857142699e+03
1.808858858858858887e-01 1.918794624624624475e+03
2.036394557823129059e-01 1.525137868480725729e+03
2.190557939914163088e-01 1.275872167381974123e+03
2.426502732240437277e-01 1.029565417122040117e+03
2.596589259796807103e-01 1.027591950653120421e+03
2.811171662125340753e-01 9.522739414168936491e+02
3.008784530386739986e-01 8.656403966850829192e+02
3.206315289648623001e-01 8.210520864197530955e+02
3.399619047619047429e-01 7.091154323809523703e+02
3.619689737470166979e-01 6.006810477326968112e+02
3.799070887818307152e-01 5.661672780454232452e+02
4.013341804320203487e-01 5.227067858958067745e+02
4.195595854922279933e-01 4.614607679907886677e+02
4.407771883289124948e-01 4.507969145888594085e+02
4.600780487804878027e-01 4.297741604878049202e+02
4.807973648341663520e-01 4.014415197637437700e+02
5.009150981177412643e-01 3.908336207448938353e+02
5.204555984555984116e-01 3.697241972972973372e+02
5.419053527118044000e-01 3.462615285359801192e+02
5.606541598694942952e-01 3.174584884176182413e+02
5.706576338400528581e-01 3.099312035690680318e+02
