2.166666666666666741e-02 5.160418416666666417e+03
4.454545454545454780e-02 5.021486363636364331e+03
6.211111111111110999e-02 4.093267777777777610e+03
8.302469135802469091e-02 2.768353456790123346e+03
1.001960784313725428e-01 2.235641862745098024e+03
1.238590604026845732e-01 1.685431140939597299e+03
1.404228855721393054e-01 1.285062656716417905e+03
1.630075187969924899e-01 1.129631796992481213e+03
1.808858858858858887e-01 9.623892252252253456e+02
2.036394557823129059e-01 7.029370204081633347e+02
2.190557939914163088e-01 5.954764184549355832e+02
2.426502732240437277e-01 4.767063624772313233e+02
2.596589259796807103e-01 4.456089114658925610e+02
2.811171662125340753e-01 4.279810340599455571e+02
3.008784530386739986e-01 3.910862883977900992e+02
3.206315289648623001e-01 3.552954947768280931e+02
3.399619047619047429e-01 3.062615933333332805e+02
3.619689737470166979e-01 2.643007517899761751e+02
3.799070887818307152e-01 2.583419669649001662e+02
4.013341804320203487e-01 2.332587026683608542e+02
4.195595854922279933e-01 2.005579366724237218e+02
4.407771883289124948e-01 1.864149564986737175e+02
4.600780487804878027e-01 1.795650121951219660e+02
4.807973648341663520e-01 1.645611113130395609e+02
5.009150981177412643e-01 1.510848309971966330e+02
5.204555984555984116e-01 1.458395332046332271e+02
5.419053527118044000e-01 1.359426557958171031e+02
5.606541598694942952e-01 1.244787373572593623e+02
5.706576338400528581e-01 1.215377461996034327e+02
