2.166666666666666741e-02 4.345325866666667025e+03
4.454545454545454780e-02 4.492594090909090482e+03
6.211111111111110999e-02 3.887705999999999676e+03
8.302469135802469091e-02 2.626867037037037335e+03
1.001960784313725428e-01 2.093321274509803970e+03
1.238590604026845732e-01 1.569111812080537220e+03
1.404228855721393054e-01 1.214210248756219016e+03
1.630075187969924899e-01 1.060473443609022524e+03
1.808858858858858887e-01 8.953369249249249151e+02
2.036394557823129059e-01 6.827596893424035898e+02
2.190557939914163088e-01 5.874321180257510377e+02
2.426502732240437277e-01 4.535786739526411679e+02
2.596589259796807103e-01 4.245309187227866801e+02
2.811171662125340753e-01 4.230841171662124793e+02
3.008784530386739986e-01 3.846463016574585367e+02
3.206315289648623001e-01 3.486694150047483731e+02
3.399619047619047429e-01 3.021838561904762059e+02
3.619689737470166979e-01 2.538636014319808680e+02
3.799070887818307152e-01 2.469478396421197317e+02
4.013341804320203487e-01 2.241315908513341526e+02
4.195595854922279933e-01 1.922428860103626391e+02
4.407771883289124948e-01 1.807190058355437543e+02
4.600780487804878027e-01 1.721375063414634212e+02
4.807973648341663520e-01 1.561720081781008389e+02
5.009150981177412643e-01 1.445679983980776626e+02
5.204555984555984116e-01 1.384257351351351417e+02
5.419053527118044000e-01 1.264409819213044983e+02
5.606541598694942952e-01 1.172254610114192559e+02
5.706576338400528581e-01 1.174425736946463985e+02
