2.166666666666666741e-02 8.860766849999999977e+03
4.454545454545454780e-02 7.393130909090908972e+03
6.211111111111110999e-02 5.986931555555554951e+03
8.302469135802469091e-02 4.050422222222222445e+03
1.001960784313725428e-01 3.126887941176470122e+03
1.238590604026845732e-01 2.480618859060402883e+03
1.404228855721393054e-01 1.961726716417910211e+03
1.630075187969924899e-01 1.664708571428571304e+03
1.808858858858858887e-01 1.435090120120119991e+03
2.036394557823129059e-01 1.086063913832199432e+03
2.190557939914163088e-01 9.316619463519311921e+02
2.426502732240437277e-01 7.625516593806921719e+02
2.596589259796807103e-01 7.206007880986937835e+02
2.811171662125340753e-01 6.879181893732969684e+02
3.008784530386739986e-01 6.292032707182320337e+02
3.206315289648623001e-01 5.715141168091167856e+02
3.399619047619047429e-01 4.861020885714285669e+02
3.619689737470166979e-01 4.303718758949880225e+02
3.799070887818307152e-01 4.167108740536819482e+02
4.013341804320203487e-01 3.756401963151207042e+02
4.195595854922279933e-01 3.399933131836500024e+02
4.407771883289124948e-01 3.175715278514589386e+02
4.600780487804878027e-01 2.929218229268292362e+02
4.807973648341663520e-01 2.694086283507496660e+02
5.009150981177412643e-01 2.527724437324789903e+02
5.204555984555984116e-01 2.501754081081081154e+02
5.419053527118044000e-01 2.359082704714639931e+02
5.606541598694942952e-01 2.097123272430669090e+02
5.706576338400528581e-01 2.012930489094514428e+02
