2.166666666666666741e-02 7.124333566666667139e+03
4.454545454545454780e-02 7.132560000000000400e+03
6.211111111111110999e-02 6.079966888888889116e+03
8.302469135802469091e-02 4.274614814814814963e+03
1.001960784313725428e-01 3.219184803921568346e+03
1.238590604026845732e-01 2.412130268456376143e+03
1.404228855721393054e-01 1.966763681592039802e+03
1.630075187969924899e-01 1.663974511278195450e+03
1.808858858858858887e-01 1.408057057057057136e+03
2.036394557823129059e-01 1.079012403628117909e+03
2.190557939914163088e-01 9.122994463519313513e+02
2.426502732240437277e-01 7.451134134790527241e+02
2.596589259796807103e-01 7.046937198838896848e+02
2.811171662125340753e-01 6.777559673024522908e+02
3.008784530386739986e-01 6.438898022099447189e+02
3.206315289648623001e-01 5.811038281101614302e+02
3.399619047619047429e-01 4.885415561904762285e+02
3.619689737470166979e-01 4.142120787589498718e+02
3.799070887818307152e-01 3.918429552649691345e+02
4.013341804320203487e-01 3.527098691232528722e+02
4.195595854922279933e-01 3.189600299366724698e+02
4.407771883289124948e-01 3.102253246684350074e+02
4.600780487804878027e-01 2.885163921951219095e+02
4.807973648341663520e-01 2.649680849613811802e+02
5.009150981177412643e-01 2.451285598718461927e+02
5.204555984555984116e-01 2.374334084942084644e+02
5.419053527118044000e-01 2.295805324353066510e+02
5.606541598694942952e-01 2.085407889070146439e+02
5.706576338400528581e-01 2.032328711169861322e+02
