-2.375000000000000000e+01 2.183336250811138690e+00 7.526930718451515512e-01 2.423064463880790281e-04 2.423064463880790281e-04
-2.325000000000000000e+01 2.061719365357248535e+00 7.151436885845279257e-01 4.619371558147068323e-04 4.619371558147068323e-04
-2.275000000000000000e+01 1.923088579601206272e+00 7.740700466090305598e-01 8.053126012309685250e-04 8.053126012309685250e-04
-2.225000000000000000e+01 1.694326594909692618e+00 7.487716120546052956e-01 1.770219198790627365e-03 1.770219198790627365e-03
-2.175000000000000000e+01 1.569626078294001248e+00 6.714779312479590700e-01 3.725083684267357746e-03 3.725083684267357746e-03
-2.125000000000000000e+01 1.511318920691686829e+00 6.853342292616179110e-01 5.861785984234963928e-03 5.861785984234963928e-03
-2.075000000000000000e+01 1.461933949663502208e+00 6.829476484856827900e-01 7.612136918259367231e-03 7.612136918259367231e-03
-2.025000000000000000e+01 1.419216581916425524e+00 6.650987374577848055e-01 8.956484180973976056e-03 8.956484180973976056e-03
-1.975000000000000000e+01 1.394424126108141149e+00 6.643231488548195784e-01 1.013864593456430263e-02 1.013864593456430263e-02
-1.925000000000000000e+01 1.361774116369956600e+00 6.422222223934416219e-01 1.164928193499622025e-02 1.164928193499622025e-02
-1.875000000000000000e+01 1.321986998354966136e+00 6.068739608684454723e-01 1.431659647986178660e-02 1.431659647986178660e-02
-1.825000000000000000e+01 1.288437453884090811e+00 5.663552308837288551e-01 1.846085735881654311e-02 1.846085735881654311e-02
-1.775000000000000000e+01 1.266178351194586549e+00 5.398454758691119126e-01 2.379462261094913988e-02 2.379462261094913988e-02
-1.725000000000000000e+01 1.250164073166790679e+00 5.335139583608263791e-01 2.879235503725299794e-02 2.879235503725299794e-02
