2.166666666666666741e-02 9.646684666666666089e+03
4.454545454545454780e-02 7.741949999999999818e+03
6.211111111111110999e-02 6.268596000000000458e+03
8.302469135802469091e-02 4.231300864197531155e+03
1.001960784313725428e-01 3.297772745098039195e+03
1.238590604026845732e-01 2.597364362416107269e+03
1.404228855721393054e-01 2.004558756218905501e+03
1.630075187969924899e-01 1.741066353383458818e+03
1.808858858858858887e-01 1.495112012012011974e+03
2.036394557823129059e-01 1.143645251700680319e+03
2.190557939914163088e-01 9.812710879828324551e+02
2.426502732240437277e-01 7.925233278688524479e+02
2.596589259796807103e-01 7.418299100145138709e+02
2.811171662125340753e-01 7.006830776566756640e+02
3.008784530386739986e-01 6.593051436464088511e+02
3.206315289648623001e-01 5.941740351377018214e+02
3.399619047619047429e-01 4.900878438095238607e+02
3.619689737470166979e-01 4.559922076372314450e+02
3.799070887818307152e-01 4.469482684101858467e+02
4.013341804320203487e-01 3.859689726810673847e+02
4.195595854922279933e-01 3.422566591824985949e+02
4.407771883289124948e-01 3.199719400530503890e+02
4.600780487804878027e-01 3.077333946341463502e+02
4.807973648341663520e-01 2.838499463880054350e+02
5.009150981177412643e-01 2.633433311974368962e+02
5.204555984555984116e-01 2.547531455598455636e+02
5.419053527118044000e-01 2.378511892945763861e+02
5.606541598694942952e-01 2.283121402936378672e+02
5.706576338400528581e-01 2.316754038334435393e+02
