2.166666666666666741e-02 1.632193666666666650e+04
4.454545454545454780e-02 1.282054500000000007e+04
6.211111111111110999e-02 1.513423977777777873e+04
8.302469135802469091e-02 1.038609543209876574e+04
1.001960784313725428e-01 6.953366862745098842e+03
1.238590604026845732e-01 5.788598993288590464e+03
1.404228855721393054e-01 4.047637412935323482e+03
1.630075187969924899e-01 3.199926691729323466e+03
1.808858858858858887e-01 3.153053873873873727e+03
2.036394557823129059e-01 2.547998684807256268e+03
2.190557939914163088e-01 2.220264313304720872e+03
2.426502732240437277e-01 1.780930546448087171e+03
2.596589259796807103e-01 1.568033555878084371e+03
2.811171662125340753e-01 1.599538964577656770e+03
3.008784530386739986e-01 1.639696795580110347e+03
3.206315289648623001e-01 1.432351329534663137e+03
3.399619047619047429e-01 1.148878376190476047e+03
3.619689737470166979e-01 1.093238365155131305e+03
3.799070887818307152e-01 1.001508885065382060e+03
4.013341804320203487e-01 9.973970838627700459e+02
4.195595854922279933e-01 9.012049280368451036e+02
4.407771883289124948e-01 7.699321342175067002e+02
4.600780487804878027e-01 7.026573707317072603e+02
4.807973648341663520e-01 5.689988119036800072e+02
5.009150981177412643e-01 5.337651225470564214e+02
5.204555984555984116e-01 5.938786127413127360e+02
5.419053527118044000e-01 5.551813753987946711e+02
5.606541598694942952e-01 5.719999226753670882e+02
5.706576338400528581e-01 6.880034150693985566e+02
