2.166666666666666741e-02 1.456113416666666744e+05
4.454545454545454780e-02 5.693756363636362948e+04
6.211111111111110999e-02 2.128797777777777810e+04
8.302469135802469091e-02 1.392807530864197724e+04
1.001960784313725428e-01 8.611494607843136691e+03
1.238590604026845732e-01 6.696408255033557907e+03
1.404228855721393054e-01 6.405157164179105166e+03
1.630075187969924899e-01 5.790719323308269850e+03
1.808858858858858887e-01 4.306043813813814268e+03
2.036394557823129059e-01 2.956757573696144846e+03
2.190557939914163088e-01 3.345770944206008153e+03
2.426502732240437277e-01 2.426261948998178468e+03
2.596589259796807103e-01 1.494946298984034911e+03
2.811171662125340753e-01 1.759968692098092561e+03
3.008784530386739986e-01 2.296500972375690708e+03
3.206315289648623001e-01 2.134571623931623890e+03
3.399619047619047429e-01 1.622571742857142908e+03
3.619689737470166979e-01 1.450785465393794766e+03
3.799070887818307152e-01 1.258511734342739146e+03
4.013341804320203487e-01 1.066769923761118207e+03
4.195595854922279933e-01 1.105383243523315969e+03
4.407771883289124948e-01 1.163760649336870074e+03
4.600780487804878027e-01 1.086567887317073200e+03
4.807973648341663520e-01 7.952538668786914968e+02
5.009150981177412643e-01 6.710323307969563302e+02
5.204555984555984116e-01 6.483856629343629265e+02
5.419053527118044000e-01 5.833926951435661294e+02
5.606541598694942952e-01 6.612099595432300703e+02
5.706576338400528581e-01 7.544224335756774735e+02
