-2.175000000000000000e+01 1.864875516281548018e+00 7.471264169605232874e-01 5.096641831335709075e-05 5.096641831335709075e-05
-2.125000000000000000e+01 1.817389131841961936e+00 6.517870666203781083e-01 1.479321887485152772e-04 1.479321887485152772e-04
-2.075000000000000000e+01 1.792750989440809128e+00 6.474846934757775285e-01 4.010366051182377581e-04 4.010366051182377581e-04
-2.025000000000000000e+01 1.639991557215285889e+00 6.794706969068986524e-01 1.066839434186373035e-03 1.066839434186373035e-03
-1.975000000000000000e+01 1.484271563261695848e+00 5.816799297381769485e-01 2.680488068243170197e-03 2.680488068243170197e-03
-1.925000000000000000e+01 1.392179092298252652e+00 5.182175414349908804e-01 5.776697980779613682e-03 5.776697980779613682e-03
-1.875000000000000000e+01 1.356354664819332978e+00 4.998292064356301689e-01 9.902602310765576399e-03 9.902602310765576399e-03
-1.825000000000000000e+01 1.347332151536893230e+00 5.473787524156528139e-01 1.432048374905517743e-02 1.432048374905517743e-02
-1.775000000000000000e+01 1.328973356661145244e+00 5.687198567622395728e-01 1.895756397797214096e-02 1.895756397797214096e-02
-1.725000000000000000e+01 1.298443165338899030e+00 5.678610855486886377e-01 2.427837166612676831e-02 2.427837166612676831e-02
-1.675000000000000000e+01 1.267461866351364375e+00 5.373003309395401050e-01 2.919792678976352446e-02 2.919792678976352446e-02
-1.625000000000000000e+01 1.243846905659628632e+00 5.168392287640999339e-01 3.427880358492603474e-02 3.427880358492603474e-02
-1.575000000000000000e+01 1.225180077033493076e+00 5.014245217238361141e-01 4.084742468415937522e-02 4.084742468415937522e-02
-1.525000000000000000e+01 1.211549293618236156e+00 5.000154239726741778e-01 4.719295972357196584e-02 4.719295972357196584e-02
-1.475000000000000000e+01 1.190881722599671511e+00 4.685431989467926384e-01 5.484137782096965702e-02 5.484137782096965702e-02
-1.425000000000000000e+01 1.172432211788350331e+00 4.421642613073678563e-01 6.678263686426952339e-02 6.678263686426952339e-02
