2.166666666666666741e-02 4.106855449999999837e+04
4.454545454545454780e-02 1.828038863636363749e+04
6.211111111111110999e-02 9.291067333333330680e+03
8.302469135802469091e-02 6.289260123456789188e+03
1.001960784313725428e-01 4.610158529411764903e+03
1.238590604026845732e-01 3.747784295302013106e+03
1.404228855721393054e-01 2.903215572139303731e+03
1.630075187969924899e-01 2.368893834586466255e+03
1.808858858858858887e-01 2.183292342342342636e+03
2.036394557823129059e-01 1.937396077097505440e+03
2.190557939914163088e-01 1.629298927038626744e+03
2.426502732240437277e-01 1.142134284153005638e+03
2.596589259796807103e-01 1.117669044992743238e+03
2.811171662125340753e-01 1.106171989100817427e+03
3.008784530386739986e-01 1.106360265193369969e+03
3.206315289648623001e-01 1.020939601139600995e+03
3.399619047619047429e-01 8.070777314285713828e+02
3.619689737470166979e-01 6.822519188544152939e+02
3.799070887818307152e-01 6.516612161046111851e+02
4.013341804320203487e-01 5.986929085133418766e+02
4.195595854922279933e-01 5.546802711571674536e+02
4.407771883289124948e-01 5.289372763925729259e+02
4.600780487804878027e-01 4.737015351219512240e+02
4.807973648341663520e-01 4.256093362108132396e+02
5.009150981177412643e-01 4.374484881858230096e+02
5.204555984555984116e-01 4.306541729729730719e+02
5.419053527118044000e-01 3.714232885501594978e+02
5.606541598694942952e-01 3.730603807504078304e+02
5.706576338400528581e-01 4.068754494382022244e+02
