2.166666666666666741e-02 1.531298466666666536e+04
4.454545454545454780e-02 1.095773545454545456e+04
6.211111111111110999e-02 7.943972888888889429e+03
8.302469135802469091e-02 5.187655061728394685e+03
1.001960784313725428e-01 3.814980588235294363e+03
1.238590604026845732e-01 3.214407516778523132e+03
1.404228855721393054e-01 2.695659502487562349e+03
1.630075187969924899e-01 2.282501466165413603e+03
1.808858858858858887e-01 1.972255345345345404e+03
2.036394557823129059e-01 1.492270521541949847e+03
2.190557939914163088e-01 1.255062746781115948e+03
2.426502732240437277e-01 1.006746433515482749e+03
2.596589259796807103e-01 1.002898130624092914e+03
2.811171662125340753e-01 9.685330204359672734e+02
3.008784530386739986e-01 9.108573933701655960e+02
3.206315289648623001e-01 8.373946381766381819e+02
3.399619047619047429e-01 6.775920599999999467e+02
3.619689737470166979e-01 5.905427852028639109e+02
3.799070887818307152e-01 5.960265774260151375e+02
4.013341804320203487e-01 5.505988602287166032e+02
4.195595854922279933e-01 4.631619786989061822e+02
4.407771883289124948e-01 4.227401236074270514e+02
4.600780487804878027e-01 4.048215799999999831e+02
4.807973648341663520e-01 4.058693239436619820e+02
5.009150981177412643e-01 3.873173352022426457e+02
5.204555984555984116e-01 3.417404397683397974e+02
5.419053527118044000e-01 3.118340677064871329e+02
5.606541598694942952e-01 3.100593184339314803e+02
5.706576338400528581e-01 3.232707435558493216e+02
