2.166666666666666741e-02 5.116229850000000624e+03
4.454545454545454780e-02 6.293226818181818089e+03
6.211111111111110999e-02 5.783859555555555744e+03
8.302469135802469091e-02 3.961636913580246528e+03
1.001960784313725428e-01 3.042545490196078390e+03
1.238590604026845732e-01 2.325914161073825653e+03
1.404228855721393054e-01 1.874525422885572425e+03
1.630075187969924899e-01 1.559524924812030122e+03
1.808858858858858887e-01 1.317302402402402549e+03
2.036394557823129059e-01 1.085299179138321961e+03
2.190557939914163088e-01 9.353262596566522689e+02
2.426502732240437277e-01 7.188798014571948443e+02
2.596589259796807103e-01 6.815801088534107066e+02
2.811171662125340753e-01 6.541654386920981779e+02
3.008784530386739986e-01 6.029919657458564188e+02
3.206315289648623001e-01 5.452696001899336125e+02
3.399619047619047429e-01 4.712155190476190683e+02
3.619689737470166979e-01 4.104231742243436543e+02
3.799070887818307152e-01 3.889716565726084241e+02
4.013341804320203487e-01 3.602181797966963472e+02
4.195595854922279933e-01 3.263986839378238756e+02
4.407771883289124948e-01 3.033992074270557282e+02
4.600780487804878027e-01 2.908019824390244139e+02
4.807973648341663520e-01 2.657614566106315124e+02
5.009150981177412643e-01 2.394879098918702311e+02
5.204555984555984116e-01 2.329801386100386082e+02
5.419053527118044000e-01 2.246816604041120229e+02
5.606541598694942952e-01 2.049497827079934780e+02
5.706576338400528581e-01 1.961632148050231308e+02
