2.166666666666666741e-02 9.673129999999999200e+03
4.454545454545454780e-02 1.061638590909090817e+04
6.211111111111110999e-02 1.101457088888888939e+04
8.302469135802469091e-02 7.735834197530864003e+03
1.001960784313725428e-01 5.907351960784313633e+03
1.238590604026845732e-01 4.347644093959731435e+03
1.404228855721393054e-01 3.037294079601989779e+03
1.630075187969924899e-01 2.730658872180450999e+03
1.808858858858858887e-01 2.669372102102102417e+03
2.036394557823129059e-01 2.395104557823129653e+03
2.190557939914163088e-01 2.051498240343347788e+03
2.426502732240437277e-01 1.552993570127504654e+03
2.596589259796807103e-01 1.357116661828737051e+03
2.811171662125340753e-01 1.207868501362397865e+03
3.008784530386739986e-01 1.279098762430939360e+03
3.206315289648623001e-01 1.129572290598290465e+03
3.399619047619047429e-01 9.099919257142855713e+02
3.619689737470166979e-01 8.676789976133651408e+02
3.799070887818307152e-01 7.788901225051616848e+02
4.013341804320203487e-01 6.901204580686148802e+02
4.195595854922279933e-01 6.355722469775474792e+02
4.407771883289124948e-01 6.622139082228115967e+02
4.600780487804878027e-01 6.561559702439024022e+02
4.807973648341663520e-01 5.338580854157200974e+02
5.009150981177412643e-01 5.120749551461755118e+02
5.204555984555984116e-01 5.262460289575290062e+02
5.419053527118044000e-01 4.984501269053527608e+02
5.606541598694942952e-01 4.917871197389886220e+02
5.706576338400528581e-01 5.043923000660938669e+02
