2.166666666666666741e-02 4.739550000000000000e+05
4.454545454545454780e-02 1.899322454545454530e+05
6.211111111111110999e-02 8.028403111111110775e+04
8.302469135802469091e-02 2.881055061728395231e+04
1.001960784313725428e-01 1.554109803921568528e+03
1.238590604026845732e-01 3.819297583892616967e+04
1.404228855721393054e-01 3.529843671641790570e+04
1.630075187969924899e-01 1.208530112781954813e+04
1.808858858858858887e-01 1.818885981981981968e+04
2.036394557823129059e-01 1.493204562585034000e+04
2.190557939914163088e-01 1.413446802575113281e+02
2.426502732240437277e-01 -6.336575264116575454e+03
2.596589259796807103e-01 -3.337371843251087284e+02
2.811171662125340753e-01 -4.506846348773842692e+03
3.008784530386739986e-01 3.546861635359116008e+03
3.206315289648623001e-01 1.661830512820512376e+04
3.399619047619047429e-01 1.404582754285714327e+04
3.619689737470166979e-01 1.070975594272076341e+04
3.799070887818307152e-01 9.635661844459738859e+03
4.013341804320203487e-01 8.234732642947903514e+03
4.195595854922279933e-01 7.651723960852043092e+03
4.407771883289124948e-01 6.325397029177720469e+03
4.600780487804878027e-01 2.756080175609756679e+03
4.807973648341663520e-01 -3.831105424806905376e+03
5.009150981177412643e-01 -2.064682816980376629e+03
5.204555984555984116e-01 3.778078864864864954e+02
5.419053527118044000e-01 3.152322793335695792e+02
5.606541598694942952e-01 -8.156869422512233996e+02
5.706576338400528581e-01 -3.491404704560475693e+03
