2.166666666666666741e-02 8.639711333333332732e+03
4.454545454545454780e-02 7.873732727272727061e+03
6.211111111111110999e-02 7.138012444444444554e+03
8.302469135802469091e-02 5.069141358024691726e+03
1.001960784313725428e-01 3.978806960784313560e+03
1.238590604026845732e-01 3.079517181208053898e+03
1.404228855721393054e-01 2.417479402985074557e+03
1.630075187969924899e-01 2.000084586466165320e+03
1.808858858858858887e-01 1.726792252252252410e+03
2.036394557823129059e-01 1.399092176870748062e+03
2.190557939914163088e-01 1.180608103004291706e+03
2.426502732240437277e-01 9.312269617486339257e+02
2.596589259796807103e-01 8.633734615384614699e+02
2.811171662125340753e-01 8.362526907356948414e+02
3.008784530386739986e-01 7.768260640883977430e+02
3.206315289648623001e-01 7.123279316239317041e+02
3.399619047619047429e-01 6.344280971428571547e+02
3.619689737470166979e-01 5.509907923627685022e+02
3.799070887818307152e-01 5.300305244322091767e+02
4.013341804320203487e-01 4.888532134688691713e+02
4.195595854922279933e-01 4.187043166378814476e+02
4.407771883289124948e-01 3.971074567639257111e+02
4.600780487804878027e-01 3.894909839024390408e+02
4.807973648341663520e-01 3.622237732848704468e+02
5.009150981177412643e-01 3.323813956748097667e+02
5.204555984555984116e-01 3.154504598455598625e+02
5.419053527118044000e-01 3.029829018078695526e+02
5.606541598694942952e-01 2.764195601957585495e+02
5.706576338400528581e-01 2.671487561136814293e+02
