2.166666666666666741e-02 5.956870533333333697e+03
4.454545454545454780e-02 5.874678181818181656e+03
6.211111111111110999e-02 5.135231111111111204e+03
8.302469135802469091e-02 3.507495185185185164e+03
1.001960784313725428e-01 2.803967745098039359e+03
1.238590604026845732e-01 2.157720000000000255e+03
1.404228855721393054e-01 1.641896218905472779e+03
1.630075187969924899e-01 1.376161766917293335e+03
1.808858858858858887e-01 1.191771861861861908e+03
2.036394557823129059e-01 9.473363219954648002e+02
2.190557939914163088e-01 8.002492789699570039e+02
2.426502732240437277e-01 6.163346994535519343e+02
2.596589259796807103e-01 5.769561451378809807e+02
2.811171662125340753e-01 5.651490490463215792e+02
3.008784530386739986e-01 5.228077193370165787e+02
3.206315289648623001e-01 4.706860807217473734e+02
3.399619047619047429e-01 4.099612123809523609e+02
3.619689737470166979e-01 3.524219809069211919e+02
3.799070887818307152e-01 3.359953957329663012e+02
4.013341804320203487e-01 3.025810889453621257e+02
4.195595854922279933e-01 2.694663626943005283e+02
4.407771883289124948e-01 2.603381872679045159e+02
4.600780487804878027e-01 2.488796453658536620e+02
4.807973648341663520e-01 2.209623652885051968e+02
5.009150981177412643e-01 2.017322014417300977e+02
5.204555984555984116e-01 1.978303463320463322e+02
5.419053527118044000e-01 1.848568699042892547e+02
5.606541598694942952e-01 1.691026104404567434e+02
5.706576338400528581e-01 1.646058063450099382e+02
