2.166666666666666741e-02 1.608375233333333199e+04
4.454545454545454780e-02 9.817369090909091028e+03
6.211111111111110999e-02 7.196030222222221710e+03
8.302469135802469091e-02 5.052163703703703504e+03
1.001960784313725428e-01 3.729023235294117512e+03
1.238590604026845732e-01 2.926916442953020123e+03
1.404228855721393054e-01 2.428312238805970082e+03
1.630075187969924899e-01 2.149057142857142480e+03
1.808858858858858887e-01 1.848802402402402322e+03
2.036394557823129059e-01 1.423507188208616981e+03
2.190557939914163088e-01 1.199806738197424693e+03
2.426502732240437277e-01 9.552721639344263167e+02
2.596589259796807103e-01 9.524007518142235540e+02
2.811171662125340753e-01 9.032698174386920300e+02
3.008784530386739986e-01 8.072758983425413817e+02
3.206315289648623001e-01 7.561075489078823466e+02
3.399619047619047429e-01 6.540595647619047668e+02
3.619689737470166979e-01 5.689405298329355674e+02
3.799070887818307152e-01 5.366713310392292442e+02
4.013341804320203487e-01 4.781424574332909856e+02
4.195595854922279933e-01 4.301625054691998571e+02
4.407771883289124948e-01 4.071863936339523207e+02
4.600780487804878027e-01 3.980348795121950616e+02
4.807973648341663520e-01 3.757518268968651114e+02
5.009150981177412643e-01 3.498363672406888440e+02
5.204555984555984116e-01 3.255961621621621589e+02
5.419053527118044000e-01 2.933772531017369829e+02
5.606541598694942952e-01 2.847876407830343055e+02
5.706576338400528581e-01 2.917729352280238118e+02
