2.166666666666666741e-02 9.795694333333332906e+03
4.454545454545454780e-02 7.865067272727273121e+03
6.211111111111110999e-02 6.574994666666666490e+03
8.302469135802469091e-02 4.569286666666665951e+03
1.001960784313725428e-01 3.486742745098039450e+03
1.238590604026845732e-01 2.572440134228187617e+03
1.404228855721393054e-01 1.963847213930348062e+03
1.630075187969924899e-01 1.722512669172932419e+03
1.808858858858858887e-01 1.528005525525525627e+03
2.036394557823129059e-01 1.182128675736961441e+03
2.190557939914163088e-01 9.702631051502145283e+02
2.426502732240437277e-01 7.689420783242259176e+02
2.596589259796807103e-01 7.288044252539913259e+02
2.811171662125340753e-01 7.253002275204358966e+02
3.008784530386739986e-01 6.809585569060773196e+02
3.206315289648623001e-01 5.997494919278252610e+02
3.399619047619047429e-01 5.229724761904761863e+02
3.619689737470166979e-01 4.602159880668257301e+02
3.799070887818307152e-01 4.345649807295251321e+02
4.013341804320203487e-01 3.905463189326557085e+02
4.195595854922279933e-01 3.485996137017847332e+02
4.407771883289124948e-01 3.350685442970822123e+02
4.600780487804878027e-01 3.252662687804877919e+02
4.807973648341663520e-01 2.843292944116310537e+02
5.009150981177412643e-01 2.543075510612735002e+02
5.204555984555984116e-01 2.517015046332046211e+02
5.419053527118044000e-01 2.313022353775257045e+02
5.606541598694942952e-01 2.101574646003262501e+02
5.706576338400528581e-01 2.073887197620621237e+02
