2.166666666666666741e-02 5.037864799999999377e+03
4.454545454545454780e-02 5.235957272727272539e+03
6.211111111111110999e-02 4.579996888888888861e+03
8.302469135802469091e-02 3.087536790123456740e+03
1.001960784313725428e-01 2.444579999999999927e+03
1.238590604026845732e-01 1.875312751677852248e+03
1.404228855721393054e-01 1.445605621890547127e+03
1.630075187969924899e-01 1.245807766917293293e+03
1.808858858858858887e-01 1.042699339339339531e+03
2.036394557823129059e-01 7.941912879818593183e+02
2.190557939914163088e-01 6.959222961373391172e+02
2.426502732240437277e-01 5.407462222222221726e+02
2.596589259796807103e-01 5.029977402031930183e+02
2.811171662125340753e-01 4.918066934604904645e+02
3.008784530386739986e-01 4.545315425414364086e+02
3.206315289648623001e-01 4.142333228869895834e+02
3.399619047619047429e-01 3.566350095238095150e+02
3.619689737470166979e-01 3.106010525059665497e+02
3.799070887818307152e-01 2.944802284927735059e+02
4.013341804320203487e-01 2.592187922490469987e+02
4.195595854922279933e-01 2.296987213586643577e+02
4.407771883289124948e-01 2.203330832891246587e+02
4.600780487804878027e-01 2.097767756097561005e+02
4.807973648341663520e-01 1.905943116765106708e+02
5.009150981177412643e-01 1.742450600720865168e+02
5.204555984555984116e-01 1.683553799227799175e+02
5.419053527118044000e-01 1.591461109535625553e+02
5.606541598694942952e-01 1.459897216965742075e+02
5.706576338400528581e-01 1.427644500991407881e+02
