2.166666666666666741e-02 5.800557733333333999e+03
4.454545454545454780e-02 6.427115909090908644e+03
6.211111111111110999e-02 5.827526222222221804e+03
8.302469135802469091e-02 4.017186172839506526e+03
1.001960784313725428e-01 3.093200098039215845e+03
1.238590604026845732e-01 2.438183691275167803e+03
1.404228855721393054e-01 1.989960746268656749e+03
1.630075187969924899e-01 1.657500037593985098e+03
1.808858858858858887e-01 1.372755015015015033e+03
2.036394557823129059e-01 1.095389818594104327e+03
2.190557939914163088e-01 9.453395472103005659e+02
2.426502732240437277e-01 7.267954517304189039e+02
2.596589259796807103e-01 6.931752075471697481e+02
2.811171662125340753e-01 6.818939005449591377e+02
3.008784530386739986e-01 6.269156740331492301e+02
3.206315289648623001e-01 5.581614577397911034e+02
3.399619047619047429e-01 4.727284733333332838e+02
3.619689737470166979e-01 4.127264582338901846e+02
3.799070887818307152e-01 3.938432718513420241e+02
4.013341804320203487e-01 3.587956181702668346e+02
4.195595854922279933e-01 3.244728480138168720e+02
4.407771883289124948e-01 3.064162381962864288e+02
4.600780487804878027e-01 2.949076560975610164e+02
4.807973648341663520e-01 2.700651149477509989e+02
5.009150981177412643e-01 2.433562046455746781e+02
5.204555984555984116e-01 2.369784447876448041e+02
5.419053527118044000e-01 2.307561180432470564e+02
5.606541598694942952e-01 2.085985996737357482e+02
5.706576338400528581e-01 1.978647534699272796e+02
