2.166666666666666741e-02 1.128348300000000017e+04
4.454545454545454780e-02 8.248424090909089500e+03
6.211111111111110999e-02 7.504823777777776741e+03
8.302469135802469091e-02 5.536985925925925585e+03
1.001960784313725428e-01 4.128147352941175996e+03
1.238590604026845732e-01 3.109696711409396357e+03
1.404228855721393054e-01 2.388583631840796443e+03
1.630075187969924899e-01 2.071513421052631656e+03
1.808858858858858887e-01 1.807344084084084216e+03
2.036394557823129059e-01 1.436403718820861513e+03
2.190557939914163088e-01 1.211097145922746904e+03
2.426502732240437277e-01 9.562857814207651472e+02
2.596589259796807103e-01 9.074998026124819717e+02
2.811171662125340753e-01 8.783583119891006845e+02
3.008784530386739986e-01 8.194191657458565032e+02
3.206315289648623001e-01 7.530947018043683556e+02
3.399619047619047429e-01 6.551637409523809765e+02
3.619689737470166979e-01 5.624494534606204752e+02
3.799070887818307152e-01 5.529491094287679971e+02
4.013341804320203487e-01 4.945809123252858512e+02
4.195595854922279933e-01 4.437878894645941159e+02
4.407771883289124948e-01 4.250679177718832875e+02
4.600780487804878027e-01 3.906046156097561379e+02
4.807973648341663520e-01 3.597586428895956487e+02
5.009150981177412643e-01 3.416483283940728484e+02
5.204555984555984116e-01 3.363773362934362581e+02
5.419053527118044000e-01 3.224637975895072373e+02
5.606541598694942952e-01 2.984108058727569528e+02
5.706576338400528581e-01 2.903853509583608457e+02
