2.166666666666666741e-02 5.965803166666667494e+03
4.454545454545454780e-02 6.466679999999999382e+03
6.211111111111110999e-02 6.371389999999999418e+03
8.302469135802469091e-02 4.655912098765432347e+03
1.001960784313725428e-01 3.554677450980391768e+03
1.238590604026845732e-01 2.721311275167785425e+03
1.404228855721393054e-01 2.136156069651741291e+03
1.630075187969924899e-01 1.843766842105263095e+03
1.808858858858858887e-01 1.637510180180180214e+03
2.036394557823129059e-01 1.247740911564626003e+03
2.190557939914163088e-01 1.057526656652360543e+03
2.426502732240437277e-01 9.108854863387979321e+02
2.596589259796807103e-01 8.361903846153844597e+02
2.811171662125340753e-01 7.651076335149864462e+02
3.008784530386739986e-01 7.097491005524861976e+02
3.206315289648623001e-01 6.504319753086421088e+02
3.399619047619047429e-01 5.575903495238095502e+02
3.619689737470166979e-01 4.913353484486873981e+02
3.799070887818307152e-01 4.647351899518238270e+02
4.013341804320203487e-01 4.125609066073697591e+02
4.195595854922279933e-01 3.833633851468048306e+02
4.407771883289124948e-01 3.650736376657824280e+02
4.600780487804878027e-01 3.405305200000000809e+02
4.807973648341663520e-01 3.088737060427078518e+02
5.009150981177412643e-01 2.871667997597116369e+02
5.204555984555984116e-01 2.820022915057915043e+02
5.419053527118044000e-01 2.660974930875575524e+02
5.606541598694942952e-01 2.426224424143556178e+02
5.706576338400528581e-01 2.363263833443489546e+02
