2.166666666666666741e-02 6.031524683333333087e+03
4.454545454545454780e-02 5.957335909090908899e+03
6.211111111111110999e-02 5.421806666666666388e+03
8.302469135802469091e-02 3.882995185185185164e+03
1.001960784313725428e-01 3.012494509803921574e+03
1.238590604026845732e-01 2.277223020134228136e+03
1.404228855721393054e-01 1.810229601990049787e+03
1.630075187969924899e-01 1.553748383458646686e+03
1.808858858858858887e-01 1.287654294294294232e+03
2.036394557823129059e-01 9.868264399092970507e+02
2.190557939914163088e-01 8.616176373390558183e+02
2.426502732240437277e-01 6.937943588342441217e+02
2.596589259796807103e-01 6.480726357039186496e+02
2.811171662125340753e-01 6.288763841961851995e+02
3.008784530386739986e-01 5.847918850828729092e+02
3.206315289648623001e-01 5.199336163342829877e+02
3.399619047619047429e-01 4.410560780952380924e+02
3.619689737470166979e-01 3.950468544152744244e+02
3.799070887818307152e-01 3.823977019958706478e+02
4.013341804320203487e-01 3.393571429479033554e+02
4.195595854922279933e-01 2.997205331030512525e+02
4.407771883289124948e-01 2.769183899204243744e+02
4.600780487804878027e-01 2.663807780487804848e+02
4.807973648341663520e-01 2.490247223989096312e+02
5.009150981177412643e-01 2.289022899479375326e+02
5.204555984555984116e-01 2.195546629343629661e+02
5.419053527118044000e-01 2.092470439560439388e+02
5.606541598694942952e-01 1.931764456769984122e+02
5.706576338400528581e-01 1.851971275611368242e+02
