2.166666666666666741e-02 6.072297383333333528e+03
4.454545454545454780e-02 6.187591818181817871e+03
6.211111111111110999e-02 5.342276888888889516e+03
8.302469135802469091e-02 3.651785432098765341e+03
1.001960784313725428e-01 2.899736470588235079e+03
1.238590604026845732e-01 2.246369530201342513e+03
1.404228855721393054e-01 1.731430895522388255e+03
1.630075187969924899e-01 1.472974849624060198e+03
1.808858858858858887e-01 1.269197777777777674e+03
2.036394557823129059e-01 9.612722448979591263e+02
2.190557939914163088e-01 8.056423969957080544e+02
2.426502732240437277e-01 6.454728324225865208e+02
2.596589259796807103e-01 6.238237793904208957e+02
2.811171662125340753e-01 6.103949250681199601e+02
3.008784530386739986e-01 5.575826243093922585e+02
3.206315289648623001e-01 5.052661063627729732e+02
3.399619047619047429e-01 4.368492666666666651e+02
3.619689737470166979e-01 3.796495942720763423e+02
3.799070887818307152e-01 3.598245437026841387e+02
4.013341804320203487e-01 3.196786569250317598e+02
4.195595854922279933e-01 2.891910742659758853e+02
4.407771883289124948e-01 2.740274037135278604e+02
4.600780487804878027e-01 2.543399482926829194e+02
4.807973648341663520e-01 2.297228796001817273e+02
5.009150981177412643e-01 2.180640048057669560e+02
5.204555984555984116e-01 2.105587857142857047e+02
5.419053527118044000e-01 1.981587546969160201e+02
5.606541598694942952e-01 1.879284955954322811e+02
5.706576338400528581e-01 1.842614534038334568e+02
