2.166666666666666741e-02 1.641231483333333381e+04
4.454545454545454780e-02 1.351091090909090781e+04
6.211111111111110999e-02 1.063904044444444480e+04
8.302469135802469091e-02 6.904602839506173950e+03
1.001960784313725428e-01 5.442234901960783645e+03
1.238590604026845732e-01 4.132609463087248514e+03
1.404228855721393054e-01 3.263857562189054534e+03
1.630075187969924899e-01 2.820462443609022102e+03
1.808858858858858887e-01 2.482445405405405381e+03
2.036394557823129059e-01 2.091860657596371766e+03
2.190557939914163088e-01 1.739068755364806975e+03
2.426502732240437277e-01 1.260431930783242251e+03
2.596589259796807103e-01 1.198538417997097213e+03
2.811171662125340753e-01 1.182092370572207074e+03
3.008784530386739986e-01 1.199229779005524733e+03
3.206315289648623001e-01 1.070924245963912881e+03
3.399619047619047429e-01 8.174596809523809497e+02
3.619689737470166979e-01 7.606309164677805938e+02
3.799070887818307152e-01 6.956837777013075765e+02
4.013341804320203487e-01 6.023218716645490076e+02
4.195595854922279933e-01 5.733012187679908038e+02
4.407771883289124948e-01 5.842361389920424699e+02
4.600780487804878027e-01 5.720954492682927821e+02
4.807973648341663520e-01 5.016028827805542392e+02
5.009150981177412643e-01 4.626216960352422802e+02
5.204555984555984116e-01 4.341778749034749012e+02
5.419053527118044000e-01 4.174822151719249064e+02
5.606541598694942952e-01 4.191108084828711071e+02
5.706576338400528581e-01 4.248346093853271555e+02
