Function: power spectrum
Method: deterministic, exact
Number of grid cells: 256^3 (top-hat smoothing with shift)
Warning: some power lost by smoothing for k>1.219E+00
Procorr version 1.9
--------------------------------------------------------------
Wave vector k [1/input length unit], power spectrum p(k)
 4.500E-02, 2.084E+03, 5.526E+02
 6.785E-02, 1.628E+03, 2.865E+02
 9.415E-02, 9.623E+02, 1.220E+02
 1.217E-01, 7.094E+02, 6.961E+01
 1.526E-01, 4.959E+02, 3.880E+01
 1.832E-01, 4.304E+02, 2.804E+01
 2.116E-01, 3.105E+02, 1.752E+01
 2.401E-01, 2.335E+02, 1.161E+01
 2.710E-01, 1.942E+02, 8.555E+00
 3.020E-01, 1.782E+02, 7.047E+00
 3.310E-01, 1.495E+02, 5.393E+00
 3.599E-01, 1.195E+02, 3.965E+00
 3.903E-01, 1.051E+02, 3.215E+00
 4.205E-01, 9.152E+01, 2.600E+00
 4.493E-01, 8.410E+01, 2.236E+00
 4.789E-01, 7.232E+01, 1.804E+00
 5.096E-01, 6.743E+01, 1.581E+00
 5.401E-01, 5.957E+01, 1.318E+00
 5.696E-01, 5.607E+01, 1.176E+00
 5.990E-01, 4.984E+01, 9.947E-01
 6.293E-01, 4.770E+01, 9.060E-01
 6.593E-01, 4.229E+01, 7.669E-01
 6.888E-01, 3.863E+01, 6.705E-01
 7.184E-01, 3.717E+01, 6.188E-01
 7.484E-01, 3.465E+01, 5.537E-01
 7.788E-01, 3.216E+01, 4.940E-01
 8.087E-01, 3.031E+01, 4.484E-01
 8.386E-01, 2.864E+01, 4.086E-01
 8.686E-01, 2.725E+01, 3.755E-01
 8.983E-01, 2.541E+01, 3.385E-01
 9.281E-01, 2.403E+01, 3.099E-01
 9.578E-01, 2.319E+01, 2.899E-01
 9.876E-01, 2.212E+01, 2.681E-01
 1.018E+00, 2.079E+01, 2.447E-01
 1.048E+00, 1.979E+01, 2.263E-01
 1.078E+00, 1.916E+01, 2.130E-01
 1.108E+00, 1.802E+01, 1.949E-01
 1.138E+00, 1.759E+01, 1.853E-01
 1.167E+00, 1.675E+01, 1.720E-01
 1.197E+00, 1.621E+01, 1.623E-01
 1.227E+00, 1.545E+01, 1.510E-01
 1.257E+00, 1.474E+01, 1.406E-01
 1.287E+00, 1.443E+01, 1.344E-01
 1.317E+00, 1.378E+01, 1.255E-01
 1.347E+00, 1.343E+01, 1.196E-01
 1.377E+00, 1.293E+01, 1.127E-01
 1.406E+00, 1.228E+01, 1.048E-01
 1.436E+00, 1.194E+01, 9.984E-02
 1.466E+00, 1.152E+01, 9.431E-02
 1.497E+00, 1.110E+01, 8.908E-02
 1.526E+00, 1.080E+01, 8.496E-02
 1.556E+00, 1.042E+01, 8.047E-02
 1.586E+00, 1.027E+01, 7.779E-02
 1.616E+00, 9.763E+00, 7.261E-02
 1.646E+00, 9.496E+00, 6.937E-02
 1.676E+00, 9.189E+00, 6.595E-02
 1.706E+00, 9.034E+00, 6.370E-02
 1.736E+00, 8.757E+00, 6.070E-02
 1.766E+00, 8.454E+00, 5.762E-02
 1.795E+00, 8.257E+00, 5.535E-02
 1.826E+00, 8.034E+00, 5.299E-02
 1.855E+00, 7.830E+00, 5.082E-02
 1.885E+00, 7.556E+00, 4.828E-02
 1.915E+00, 7.400E+00, 4.656E-02
 1.945E+00, 7.155E+00, 4.433E-02
 1.975E+00, 6.978E+00, 4.259E-02
 2.005E+00, 6.834E+00, 4.109E-02
 2.035E+00, 6.599E+00, 3.912E-02
 2.065E+00, 6.400E+00, 3.739E-02
 2.095E+00, 6.280E+00, 3.618E-02
 2.125E+00, 6.073E+00, 3.451E-02
 2.154E+00, 6.006E+00, 3.366E-02
 2.184E+00, 5.822E+00, 3.219E-02
 2.214E+00, 5.697E+00, 3.108E-02
 2.244E+00, 5.575E+00, 3.001E-02
 2.274E+00, 5.446E+00, 2.894E-02
 2.304E+00, 5.316E+00, 2.790E-02
 2.334E+00, 5.159E+00, 2.674E-02
 2.364E+00, 5.034E+00, 2.577E-02
 2.394E+00, 4.892E+00, 2.474E-02
 2.424E+00, 4.761E+00, 2.379E-02
 2.454E+00, 4.686E+00, 2.313E-02
 2.484E+00, 4.608E+00, 2.248E-02
 2.513E+00, 4.452E+00, 2.147E-02
 2.543E+00, 4.397E+00, 2.096E-02
 2.573E+00, 4.277E+00, 2.016E-02
 2.603E+00, 4.129E+00, 1.925E-02
 2.633E+00, 4.094E+00, 1.887E-02
 2.663E+00, 4.016E+00, 1.831E-02
 2.693E+00, 3.906E+00, 1.762E-02
 2.723E+00, 3.819E+00, 1.704E-02
 2.753E+00, 3.742E+00, 1.652E-02
 2.783E+00, 3.662E+00, 1.600E-02
 2.813E+00, 3.585E+00, 1.551E-02
 2.842E+00, 3.520E+00, 1.507E-02
 2.872E+00, 3.449E+00, 1.462E-02
 2.902E+00, 3.376E+00, 1.417E-02
 2.932E+00, 3.321E+00, 1.380E-02
 2.962E+00, 3.225E+00, 1.327E-02
 2.992E+00, 3.146E+00, 1.283E-02
 3.022E+00, 3.093E+00, 1.249E-02
 3.052E+00, 3.065E+00, 1.226E-02
 3.082E+00, 2.987E+00, 1.184E-02
 3.112E+00, 2.935E+00, 1.152E-02
 3.142E+00, 2.882E+00, 1.121E-02
 3.172E+00, 2.819E+00, 1.087E-02
 3.202E+00, 2.763E+00, 1.056E-02
 3.231E+00, 2.705E+00, 1.025E-02
 3.261E+00, 2.670E+00, 1.002E-02
 3.292E+00, 2.600E+00, 9.679E-03
 3.321E+00, 2.573E+00, 9.494E-03
 3.351E+00, 2.511E+00, 9.188E-03
 3.381E+00, 2.460E+00, 8.928E-03
 3.411E+00, 2.438E+00, 8.773E-03
 3.441E+00, 2.390E+00, 8.529E-03
 3.471E+00, 2.361E+00, 8.356E-03
 3.501E+00, 2.316E+00, 8.131E-03
 3.531E+00, 2.276E+00, 7.927E-03
 3.561E+00, 2.249E+00, 7.771E-03
 3.590E+00, 2.206E+00, 7.565E-03
 3.620E+00, 2.180E+00, 7.416E-03
 3.650E+00, 2.151E+00, 7.259E-03
 3.680E+00, 2.111E+00, 7.069E-03
 3.710E+00, 2.083E+00, 6.923E-03
 3.740E+00, 2.046E+00, 6.748E-03
 3.770E+00, 2.031E+00, 6.648E-03
 3.800E+00, 1.993E+00, 6.476E-03
