2.166666666666666741e-02 5.948901000000000204e+04
4.454545454545454780e-02 2.684430636363636222e+04
6.211111111111110999e-02 1.339884355555555521e+04
8.302469135802469091e-02 8.135964074074073324e+03
1.001960784313725428e-01 5.794647058823529733e+03
1.238590604026845732e-01 4.761989999999999782e+03
1.404228855721393054e-01 3.803209751243781284e+03
1.630075187969924899e-01 3.240199172932330839e+03
1.808858858858858887e-01 2.743267207207207321e+03
2.036394557823129059e-01 1.956600249433106455e+03
2.190557939914163088e-01 1.370148304721029717e+03
2.426502732240437277e-01 1.201748488160291345e+03
2.596589259796807103e-01 1.303079550072568964e+03
2.811171662125340753e-01 1.362879577656675565e+03
3.008784530386739986e-01 1.382556640883977934e+03
3.206315289648623001e-01 1.175629549857549819e+03
3.399619047619047429e-01 9.818700371428570861e+02
3.619689737470166979e-01 8.389541408114558863e+02
3.799070887818307152e-01 8.311904624913971702e+02
4.013341804320203487e-01 6.603687357052095876e+02
4.195595854922279933e-01 5.616269729418537509e+02
4.407771883289124948e-01 7.174796774535808481e+02
4.600780487804878027e-01 6.596859965853658423e+02
4.807973648341663520e-01 5.118155370286233392e+02
5.009150981177412643e-01 5.441295078093712618e+02
5.204555984555984116e-01 5.094823776061776357e+02
5.419053527118044000e-01 4.141655813541297562e+02
5.606541598694942952e-01 4.253146786296899791e+02
5.706576338400528581e-01 4.403343463317910960e+02
