2.166666666666666741e-02 3.342369833333332735e+03
4.454545454545454780e-02 3.441515909090909190e+03
6.211111111111110999e-02 2.855705999999999676e+03
8.302469135802469091e-02 1.966713580246913352e+03
1.001960784313725428e-01 1.572374705882353055e+03
1.238590604026845732e-01 1.167739892617449641e+03
1.404228855721393054e-01 9.296303681592039538e+02
1.630075187969924899e-01 8.287764398496240119e+02
1.808858858858858887e-01 7.058248198198198224e+02
2.036394557823129059e-01 5.285040226757369055e+02
2.190557939914163088e-01 4.463476394849785152e+02
2.426502732240437277e-01 3.339778688524589825e+02
2.596589259796807103e-01 3.129611741654571802e+02
2.811171662125340753e-01 3.223525422343324180e+02
3.008784530386739986e-01 2.857326331491712494e+02
3.206315289648623001e-01 2.466853504273504143e+02
3.399619047619047429e-01 2.114482257142857122e+02
3.619689737470166979e-01 1.740672577565632366e+02
3.799070887818307152e-01 1.646816180316586440e+02
4.013341804320203487e-01 1.535030152477763750e+02
4.195595854922279933e-01 1.400363448474381016e+02
4.407771883289124948e-01 1.319618440318302532e+02
4.600780487804878027e-01 1.246835082926829443e+02
4.807973648341663520e-01 1.102399836437982685e+02
5.009150981177412643e-01 1.037301627553063668e+02
5.204555984555984116e-01 9.825657945945945926e+01
5.419053527118044000e-01 8.721573328606876885e+01
5.606541598694942952e-01 8.050942296900490192e+01
5.706576338400528581e-01 7.734705234633179316e+01
