-2.175000000000000000e+01 4.337012845587060461e+00 3.164855650273570298e-01
-2.125000000000000000e+01 3.666935204116677838e+00 1.662913194087558000e-01
-2.075000000000000000e+01 3.573681341515849930e+00 1.086918623578945614e-01
-2.025000000000000000e+01 3.188406433511077775e+00 7.657768433116110551e-02
-1.975000000000000000e+01 2.905230337005951569e+00 5.152982011821492792e-02
-1.925000000000000000e+01 2.691084350815918569e+00 3.053062923419668298e-02
-1.875000000000000000e+01 2.512240642227483889e+00 2.018854987881683188e-02
-1.825000000000000000e+01 2.473809381412604758e+00 1.574556222867563512e-02
-1.775000000000000000e+01 2.359273121580318211e+00 1.345870829017999613e-02
-1.725000000000000000e+01 2.244330013676687496e+00 1.219505036521085183e-02
