2.166666666666666741e-02 8.003974666666666053e+03
4.454545454545454780e-02 6.588065454545454486e+03
6.211111111111110999e-02 5.959817555555556282e+03
8.302469135802469091e-02 4.090005061728395503e+03
1.001960784313725428e-01 2.879696568627450688e+03
1.238590604026845732e-01 2.331107651006711876e+03
1.404228855721393054e-01 1.828291293532338614e+03
1.630075187969924899e-01 1.537077556390977406e+03
1.808858858858858887e-01 1.381224024024024175e+03
2.036394557823129059e-01 1.108276984126984189e+03
2.190557939914163088e-01 9.242741072961373447e+02
2.426502732240437277e-01 7.046618724954463460e+02
2.596589259796807103e-01 6.998765079825834619e+02
2.811171662125340753e-01 6.591741893732969402e+02
3.008784530386739986e-01 5.711192011049723760e+02
3.206315289648623001e-01 5.178643114909781389e+02
3.399619047619047429e-01 4.482026038095237368e+02
3.619689737470166979e-01 3.813121575178997205e+02
3.799070887818307152e-01 3.655485856847900550e+02
4.013341804320203487e-01 3.528784637865311424e+02
4.195595854922279933e-01 3.302104565342544333e+02
4.407771883289124948e-01 2.976092159151193641e+02
4.600780487804878027e-01 2.737759278048780516e+02
4.807973648341663520e-01 2.482670549750113764e+02
5.009150981177412643e-01 2.302602587104525469e+02
5.204555984555984116e-01 2.290064822393822226e+02
5.419053527118044000e-01 2.144783023750443078e+02
5.606541598694942952e-01 1.993525014681891889e+02
5.706576338400528581e-01 1.979852590879048080e+02
