2.166666666666666741e-02 8.283283166666666148e+03
4.454545454545454780e-02 5.610376363636364658e+03
6.211111111111110999e-02 4.688249777777777126e+03
8.302469135802469091e-02 3.776355432098765050e+03
1.001960784313725428e-01 2.889452843137254149e+03
1.238590604026845732e-01 2.126793288590603879e+03
1.404228855721393054e-01 1.740555124378109440e+03
1.630075187969924899e-01 1.560791766917293216e+03
1.808858858858858887e-01 1.363471561561561430e+03
2.036394557823129059e-01 1.060230961451247367e+03
2.190557939914163088e-01 8.589939120171674176e+02
2.426502732240437277e-01 6.223350400728597833e+02
2.596589259796807103e-01 6.249482293178521104e+02
2.811171662125340753e-01 6.067383160762942680e+02
3.008784530386739986e-01 5.466398828729281831e+02
3.206315289648623001e-01 5.016485622032288347e+02
3.399619047619047429e-01 4.184053380952380508e+02
3.619689737470166979e-01 3.433733723150357946e+02
3.799070887818307152e-01 3.205023874741913232e+02
4.013341804320203487e-01 2.780059479034307515e+02
4.195595854922279933e-01 2.713960213010938105e+02
4.407771883289124948e-01 2.702774790450928322e+02
4.600780487804878027e-01 2.504357146341463647e+02
4.807973648341663520e-01 2.248950599727396593e+02
5.009150981177412643e-01 2.127588253904685587e+02
5.204555984555984116e-01 2.098611366795366848e+02
5.419053527118044000e-01 1.891048979085430801e+02
5.606541598694942952e-01 1.709706042414355522e+02
5.706576338400528581e-01 1.624943384005287612e+02
