2.166666666666666741e-02 4.208897116666666079e+03
4.454545454545454780e-02 3.848356818181818653e+03
6.211111111111110999e-02 3.201640222222222292e+03
8.302469135802469091e-02 2.159121358024691290e+03
1.001960784313725428e-01 1.669708823529411575e+03
1.238590604026845732e-01 1.255405033557046863e+03
1.404228855721393054e-01 1.030914159203980034e+03
1.630075187969924899e-01 9.208279097744360797e+02
1.808858858858858887e-01 7.645986366366366838e+02
2.036394557823129059e-01 5.888083015873015711e+02
2.190557939914163088e-01 5.006493090128755057e+02
2.426502732240437277e-01 3.632278123861566428e+02
2.596589259796807103e-01 3.467378461538461352e+02
2.811171662125340753e-01 3.657967602179836035e+02
3.008784530386739986e-01 3.185593657458563825e+02
3.206315289648623001e-01 2.752333285849952631e+02
3.399619047619047429e-01 2.367664638095237990e+02
3.619689737470166979e-01 1.933826634844868693e+02
3.799070887818307152e-01 1.784249807295251458e+02
4.013341804320203487e-01 1.673647890724269587e+02
4.195595854922279933e-01 1.524347455382844032e+02
4.407771883289124948e-01 1.373380567639257492e+02
4.600780487804878027e-01 1.345729824390244005e+02
4.807973648341663520e-01 1.228960168105406723e+02
5.009150981177412643e-01 1.129522186623948699e+02
5.204555984555984116e-01 1.064846389961389832e+02
5.419053527118044000e-01 9.373095732009925030e+01
5.606541598694942952e-01 8.902273778140293814e+01
5.706576338400528581e-01 9.023173146067415473e+01
