2.166666666666666741e-02 5.279340366666666341e+03
4.454545454545454780e-02 4.618583181818181401e+03
6.211111111111110999e-02 3.911653777777778032e+03
8.302469135802469091e-02 2.701999135802469027e+03
1.001960784313725428e-01 2.063178725490196030e+03
1.238590604026845732e-01 1.602554228187919534e+03
1.404228855721393054e-01 1.245441910447761074e+03
1.630075187969924899e-01 1.098882872180451386e+03
1.808858858858858887e-01 9.451049729729729734e+02
2.036394557823129059e-01 7.106291496598639696e+02
2.190557939914163088e-01 6.085723884120171761e+02
2.426502732240437277e-01 4.631498032786885801e+02
2.596589259796807103e-01 4.320201175616835485e+02
2.811171662125340753e-01 4.177908964577657116e+02
3.008784530386739986e-01 3.781276209944751372e+02
3.206315289648623001e-01 3.307492336182335748e+02
3.399619047619047429e-01 2.763044114285714272e+02
3.619689737470166979e-01 2.422304701670644533e+02
3.799070887818307152e-01 2.345624067446662195e+02
4.013341804320203487e-01 2.171920146124523683e+02
4.195595854922279933e-01 1.985099217040875033e+02
4.407771883289124948e-01 1.836936244031830086e+02
4.600780487804878027e-01 1.761319565853658560e+02
4.807973648341663520e-01 1.571397714675147483e+02
5.009150981177412643e-01 1.435111573888666214e+02
5.204555984555984116e-01 1.383379069498069498e+02
5.419053527118044000e-01 1.255233828429634855e+02
5.606541598694942952e-01 1.165755549755301814e+02
5.706576338400528581e-01 1.138306675479180399e+02
