2.166666666666666741e-02 5.823695950000000266e+03
4.454545454545454780e-02 4.800684090909091537e+03
6.211111111111110999e-02 4.003575777777778057e+03
8.302469135802469091e-02 2.725292962962962974e+03
1.001960784313725428e-01 2.121967156862745469e+03
1.238590604026845732e-01 1.682806979865771837e+03
1.404228855721393054e-01 1.338143333333333430e+03
1.630075187969924899e-01 1.185901804511278215e+03
1.808858858858858887e-01 1.008644114114114132e+03
2.036394557823129059e-01 7.669565396825397556e+02
2.190557939914163088e-01 6.630824721030043065e+02
2.426502732240437277e-01 5.006210528233150967e+02
2.596589259796807103e-01 4.522741683599419389e+02
2.811171662125340753e-01 4.431711430517711392e+02
3.008784530386739986e-01 4.046406110497237592e+02
3.206315289648623001e-01 3.715805546058879827e+02
3.399619047619047429e-01 3.134468390476190507e+02
3.619689737470166979e-01 2.543975536992840034e+02
3.799070887818307152e-01 2.424254652443220834e+02
4.013341804320203487e-01 2.220688564167725474e+02
4.195595854922279933e-01 2.080102607944732540e+02
4.407771883289124948e-01 1.914218026525199150e+02
4.600780487804878027e-01 1.762194746341463372e+02
4.807973648341663520e-01 1.642959895502044390e+02
5.009150981177412643e-01 1.531361041249499237e+02
5.204555984555984116e-01 1.439664478764478588e+02
5.419053527118044000e-01 1.284584289259127843e+02
5.606541598694942952e-01 1.202742091353996727e+02
5.706576338400528581e-01 1.212844725710508982e+02
