2.166666666666666741e-02 1.868167200000000230e+04
4.454545454545454780e-02 9.665244545454545005e+03
6.211111111111110999e-02 6.252705777777778167e+03
8.302469135802469091e-02 4.191061234567901920e+03
1.001960784313725428e-01 2.949331666666666933e+03
1.238590604026845732e-01 2.581772281879194452e+03
1.404228855721393054e-01 2.173721940298507434e+03
1.630075187969924899e-01 1.813110601503759653e+03
1.808858858858858887e-01 1.562715285285285290e+03
2.036394557823129059e-01 1.228467346938775563e+03
2.190557939914163088e-01 1.024955298283261754e+03
2.426502732240437277e-01 7.828750182149362900e+02
2.596589259796807103e-01 7.582753178519593575e+02
2.811171662125340753e-01 7.358843937329700111e+02
3.008784530386739986e-01 6.614350397790055922e+02
3.206315289648623001e-01 5.919458736942069663e+02
3.399619047619047429e-01 4.966734790476189687e+02
3.619689737470166979e-01 4.210526968973746875e+02
3.799070887818307152e-01 4.041822463867859483e+02
4.013341804320203487e-01 3.757506721728080947e+02
4.195595854922279933e-01 3.525790201496834015e+02
4.407771883289124948e-01 3.226099305039787737e+02
4.600780487804878027e-01 2.996100892682926542e+02
4.807973648341663520e-01 2.739962544298046510e+02
5.009150981177412643e-01 2.569401097316780351e+02
5.204555984555984116e-01 2.477657760617760516e+02
5.419053527118044000e-01 2.205719468273661903e+02
5.606541598694942952e-01 2.122749102773246364e+02
5.706576338400528581e-01 2.172243357567746500e+02
