2.166666666666666741e-02 1.141587000000000080e+04
4.454545454545454780e-02 7.059984090909090810e+03
6.211111111111110999e-02 5.466153999999999542e+03
8.302469135802469091e-02 3.990371111111110167e+03
1.001960784313725428e-01 2.904734705882352955e+03
1.238590604026845732e-01 2.333886174496644344e+03
1.404228855721393054e-01 1.928942935323383153e+03
1.630075187969924899e-01 1.637242443609022530e+03
1.808858858858858887e-01 1.434522642642642495e+03
2.036394557823129059e-01 1.117859324263038388e+03
2.190557939914163088e-01 9.180015107296136421e+02
2.426502732240437277e-01 6.892807468123861554e+02
2.596589259796807103e-01 6.570630885341074645e+02
2.811171662125340753e-01 6.369123787465939586e+02
3.008784530386739986e-01 6.022991756906078535e+02
3.206315289648623001e-01 5.639634216524216299e+02
3.399619047619047429e-01 4.694601600000000872e+02
3.619689737470166979e-01 3.937241694510739762e+02
3.799070887818307152e-01 3.529587797660014417e+02
4.013341804320203487e-01 3.110742007623888412e+02
4.195595854922279933e-01 3.094092210708117818e+02
4.407771883289124948e-01 3.002661968169761053e+02
4.600780487804878027e-01 2.821042317073170693e+02
4.807973648341663520e-01 2.513712866878691727e+02
5.009150981177412643e-01 2.362887072486984437e+02
5.204555984555984116e-01 2.315603644787644839e+02
5.419053527118044000e-01 2.097663800070896798e+02
5.606541598694942952e-01 1.969529030995106211e+02
5.706576338400528581e-01 1.960221784534038250e+02
