2.166666666666666741e-02 1.002900649999999951e+04
4.454545454545454780e-02 6.734629090909090337e+03
6.211111111111110999e-02 6.161497777777778538e+03
8.302469135802469091e-02 4.473277037037037189e+03
1.001960784313725428e-01 3.232823823529412039e+03
1.238590604026845732e-01 2.594067583892617677e+03
1.404228855721393054e-01 1.994262587064676381e+03
1.630075187969924899e-01 1.728643082706767018e+03
1.808858858858858887e-01 1.590728288288288240e+03
2.036394557823129059e-01 1.206286213151927313e+03
2.190557939914163088e-01 9.930738862660945188e+02
2.426502732240437277e-01 7.695312404371585444e+02
2.596589259796807103e-01 7.348377619738752173e+02
2.811171662125340753e-01 7.266954400544958617e+02
3.008784530386739986e-01 6.572808696132595969e+02
3.206315289648623001e-01 6.233212877492877624e+02
3.399619047619047429e-01 5.483251485714284854e+02
3.619689737470166979e-01 4.329576658711217760e+02
3.799070887818307152e-01 3.950136242257398180e+02
4.013341804320203487e-01 3.777467566709021867e+02
4.195595854922279933e-01 3.447722481289579832e+02
4.407771883289124948e-01 3.116509782493369016e+02
4.600780487804878027e-01 2.968400087804878353e+02
4.807973648341663520e-01 2.803092630622444972e+02
5.009150981177412643e-01 2.701944000800961021e+02
5.204555984555984116e-01 2.565121057915058032e+02
5.419053527118044000e-01 2.294495232187167630e+02
5.606541598694942952e-01 2.199042861337683803e+02
5.706576338400528581e-01 2.258587580964970414e+02
