-2.375000000000000000e+01 5.330101385960277049e+00 1.877431087845559565e+00 2.613108735557715255e-05 2.613108735557715255e-05
-2.325000000000000000e+01 4.773585607105149009e+00 1.348706580057095650e+00 1.274160457833927167e-04 1.274160457833927167e-04
-2.275000000000000000e+01 4.422732136647373302e+00 1.228593256662886324e+00 2.803153007234639822e-04 2.803153007234639822e-04
-2.225000000000000000e+01 4.093923414657520965e+00 1.197682630595351405e+00 4.466040384407731563e-04 4.466040384407731563e-04
-2.175000000000000000e+01 3.657069756750150891e+00 9.566769401621202373e-01 7.424684159378036564e-04 7.424684159378036564e-04
-2.125000000000000000e+01 3.287470802779287382e+00 8.208697157466912087e-01 1.383867832847424702e-03 1.383867832847424702e-03
-2.075000000000000000e+01 3.028582906480448589e+00 6.843207833975567533e-01 2.981319511931757038e-03 2.981319511931757038e-03
-2.025000000000000000e+01 2.838612225995704730e+00 6.379708743836494111e-01 6.066947413886189695e-03 6.066947413886189695e-03
-1.975000000000000000e+01 2.688132172885492555e+00 6.614639853906719713e-01 9.046323291221250451e-03 9.046323291221250451e-03
-1.925000000000000000e+01 2.551221005786681761e+00 6.065343844290601583e-01 1.078911564625850347e-02 1.078911564625850347e-02
-1.875000000000000000e+01 2.434555668776690940e+00 5.370591591023813338e-01 1.246236907461397217e-02 1.246236907461397217e-02
-1.825000000000000000e+01 2.345843744732403202e+00 4.960682862133195536e-01 1.452478134110787161e-02 1.452478134110787161e-02
-1.775000000000000000e+01 2.272992827936648030e+00 4.674360716025933171e-01 1.738948277723787947e-02 1.738948277723787947e-02
