2.166666666666666741e-02 2.212661700000000128e+05
4.454545454545454780e-02 7.648991727272726712e+04
6.211111111111110999e-02 2.261324399999999878e+04
8.302469135802469091e-02 1.546765679012345572e+04
1.001960784313725428e-01 1.030243431372548912e+04
1.238590604026845732e-01 8.462566845637584265e+03
1.404228855721393054e-01 7.624139950248756577e+03
1.630075187969924899e-01 5.867855563909774901e+03
1.808858858858858887e-01 4.494633663663663356e+03
2.036394557823129059e-01 3.619910000000000309e+03
2.190557939914163088e-01 3.421471802575107631e+03
2.426502732240437277e-01 3.250240928961748523e+03
2.596589259796807103e-01 3.207740391872278451e+03
2.811171662125340753e-01 2.632294400544959444e+03
3.008784530386739986e-01 2.056353502762430708e+03
3.206315289648623001e-01 2.108681339031339121e+03
3.399619047619047429e-01 1.814975800000000163e+03
3.619689737470166979e-01 1.426808400954653962e+03
3.799070887818307152e-01 1.684681314521679042e+03
4.013341804320203487e-01 1.758024040660736773e+03
4.195595854922279933e-01 1.579586292458261141e+03
4.407771883289124948e-01 1.520442997347480059e+03
4.600780487804878027e-01 1.293265912195121928e+03
4.807973648341663520e-01 1.021271762835075151e+03
5.009150981177412643e-01 1.029876526231477783e+03
5.204555984555984116e-01 9.100189606177606265e+02
5.419053527118044000e-01 8.749710336760015252e+02
5.606541598694942952e-01 9.320166048939640859e+02
5.706576338400528581e-01 8.550623859881031876e+02
