2.166666666666666741e-02 1.025388566666666702e+04
4.454545454545454780e-02 7.010296363636362912e+03
6.211111111111110999e-02 6.217362666666665973e+03
8.302469135802469091e-02 4.385847654320987203e+03
1.001960784313725428e-01 3.134507745098038868e+03
1.238590604026845732e-01 2.616733758389261766e+03
1.404228855721393054e-01 2.046480945273631960e+03
1.630075187969924899e-01 1.749903082706767236e+03
1.808858858858858887e-01 1.575265675675675539e+03
2.036394557823129059e-01 1.195308385487528312e+03
2.190557939914163088e-01 1.005484369098712477e+03
2.426502732240437277e-01 7.810375409836066183e+02
2.596589259796807103e-01 7.506155573294629448e+02
2.811171662125340753e-01 7.382763569482289085e+02
3.008784530386739986e-01 6.729628983425413935e+02
3.206315289648623001e-01 6.376948983855650113e+02
3.399619047619047429e-01 5.513038895238095165e+02
3.619689737470166979e-01 4.325161241050119543e+02
3.799070887818307152e-01 3.930870006882312282e+02
4.013341804320203487e-01 3.748150952986023299e+02
4.195595854922279933e-01 3.423691974668969351e+02
4.407771883289124948e-01 3.069532122015914979e+02
4.600780487804878027e-01 2.942788575609756094e+02
4.807973648341663520e-01 2.801722821444797660e+02
5.009150981177412643e-01 2.695124717661193472e+02
5.204555984555984116e-01 2.588151119691119106e+02
5.419053527118044000e-01 2.303194448777029493e+02
5.606541598694942952e-01 2.221467673735726009e+02
5.706576338400528581e-01 2.324328261731659211e+02
