2.166666666666666741e-02 4.540917783333332773e+04
4.454545454545454780e-02 1.783887863636363545e+04
6.211111111111110999e-02 8.391717555555556828e+03
8.302469135802469091e-02 6.160315061728395449e+03
1.001960784313725428e-01 4.200623333333332994e+03
1.238590604026845732e-01 3.450821879194631038e+03
1.404228855721393054e-01 2.626201343283581991e+03
1.630075187969924899e-01 2.010502669172932201e+03
1.808858858858858887e-01 1.909583783783783929e+03
2.036394557823129059e-01 1.572806780045351616e+03
2.190557939914163088e-01 1.319965429184549293e+03
2.426502732240437277e-01 1.048072298724954635e+03
2.596589259796807103e-01 1.022107869375907057e+03
2.811171662125340753e-01 9.486055313351498626e+02
3.008784530386739986e-01 8.599025878453038558e+02
3.206315289648623001e-01 8.255909857549856952e+02
3.399619047619047429e-01 6.837507257142857497e+02
3.619689737470166979e-01 5.929550596658710901e+02
3.799070887818307152e-01 5.745423998623537045e+02
4.013341804320203487e-01 4.838934917407877379e+02
4.195595854922279933e-01 4.556102343120322189e+02
4.407771883289124948e-01 4.231764726790449913e+02
4.600780487804878027e-01 3.844581760975610223e+02
4.807973648341663520e-01 3.733461035892776181e+02
5.009150981177412643e-01 3.753226411694033118e+02
5.204555984555984116e-01 3.507480691119691301e+02
5.419053527118044000e-01 3.155501382488479294e+02
5.606541598694942952e-01 2.836120009787928211e+02
5.706576338400528581e-01 2.505590660938532892e+02
