2.166666666666666741e-02 1.209763466666666645e+05
4.454545454545454780e-02 5.298864045454545703e+04
6.211111111111110999e-02 2.008271755555555501e+04
8.302469135802469091e-02 1.220508456790123273e+04
1.001960784313725428e-01 8.266856078431372225e+03
1.238590604026845732e-01 5.876954295302012724e+03
1.404228855721393054e-01 4.867164228855721376e+03
1.630075187969924899e-01 3.874791240601503432e+03
1.808858858858858887e-01 3.352952852852852175e+03
2.036394557823129059e-01 3.181761156462584950e+03
2.190557939914163088e-01 2.806360472103003758e+03
2.426502732240437277e-01 1.762842094717668488e+03
2.596589259796807103e-01 1.938040537010159596e+03
2.811171662125340753e-01 2.141080395095367749e+03
3.008784530386739986e-01 1.915075005524861808e+03
3.206315289648623001e-01 1.718403741690408197e+03
3.399619047619047429e-01 1.596613066666666555e+03
3.619689737470166979e-01 1.485614463007159884e+03
3.799070887818307152e-01 1.337754439091534778e+03
4.013341804320203487e-01 9.656218983481577425e+02
4.195595854922279933e-01 8.997315532527346704e+02
4.407771883289124948e-01 1.047828379310344872e+03
4.600780487804878027e-01 9.700052663414634253e+02
4.807973648341663520e-01 8.101198932303498168e+02
5.009150981177412643e-01 6.791965754905886570e+02
5.204555984555984116e-01 7.406077335907334600e+02
5.419053527118044000e-01 8.176595834810349288e+02
5.606541598694942952e-01 5.738507030995104969e+02
5.706576338400528581e-01 3.394125082617316593e+02
