2.166666666666666741e-02 5.107312816666666549e+03
4.454545454545454780e-02 4.515988636363636033e+03
6.211111111111110999e-02 3.602131333333333259e+03
8.302469135802469091e-02 2.461389629629629781e+03
1.001960784313725428e-01 1.951678039215686340e+03
1.238590604026845732e-01 1.491406711409395712e+03
1.404228855721393054e-01 1.189899830845771248e+03
1.630075187969924899e-01 1.048637172932330941e+03
1.808858858858858887e-01 8.829811351351351050e+02
2.036394557823129059e-01 6.616806462585033159e+02
2.190557939914163088e-01 5.638631909871245398e+02
2.426502732240437277e-01 4.191480400728597147e+02
2.596589259796807103e-01 3.918693497822931135e+02
2.811171662125340753e-01 3.978050149863760225e+02
3.008784530386739986e-01 3.596973116022099930e+02
3.206315289648623001e-01 3.223556467236467142e+02
3.399619047619047429e-01 2.736074542857142546e+02
3.619689737470166979e-01 2.231297589498806246e+02
3.799070887818307152e-01 2.099753840330351125e+02
4.013341804320203487e-01 1.923146874205844767e+02
4.195595854922279933e-01 1.743695757052389013e+02
4.407771883289124948e-01 1.670678785145888696e+02
4.600780487804878027e-01 1.628536395121951159e+02
4.807973648341663520e-01 1.422079518400726954e+02
5.009150981177412643e-01 1.299979735682819353e+02
5.204555984555984116e-01 1.277154540540540637e+02
5.419053527118044000e-01 1.179102481389578116e+02
5.606541598694942952e-01 1.102468694942903653e+02
5.706576338400528581e-01 1.079450753469927093e+02
