2.166666666666666741e-02 2.174656633333333230e+04
4.454545454545454780e-02 1.144182772727272641e+04
6.211111111111110999e-02 6.989294888888889545e+03
8.302469135802469091e-02 4.813007283950616511e+03
1.001960784313725428e-01 3.389723725490196102e+03
1.238590604026845732e-01 2.812271073825503208e+03
1.404228855721393054e-01 2.282666616915422765e+03
1.630075187969924899e-01 1.900676466165413558e+03
1.808858858858858887e-01 1.764812222222222090e+03
2.036394557823129059e-01 1.470603741496599014e+03
2.190557939914163088e-01 1.234650922746781362e+03
2.426502732240437277e-01 8.969793952641165333e+02
2.596589259796807103e-01 8.540927822931785158e+02
2.811171662125340753e-01 8.465810585831062554e+02
3.008784530386739986e-01 7.816777215469614930e+02
3.206315289648623001e-01 6.990346609686610009e+02
3.399619047619047429e-01 5.918165628571429124e+02
3.619689737470166979e-01 5.374262219570406387e+02
3.799070887818307152e-01 4.748564900206470156e+02
4.013341804320203487e-01 4.065293678526048211e+02
4.195595854922279933e-01 3.940130967184801989e+02
4.407771883289124948e-01 3.682918901856763796e+02
4.600780487804878027e-01 3.472420404878048430e+02
4.807973648341663520e-01 3.155032630622444572e+02
5.009150981177412643e-01 3.068291734080897299e+02
5.204555984555984116e-01 2.951224957528957589e+02
5.419053527118044000e-01 2.447631882311236780e+02
5.606541598694942952e-01 2.272658473083197634e+02
5.706576338400528581e-01 2.356927838730998133e+02
