2.166666666666666741e-02 8.790705500000000029e+03
4.454545454545454780e-02 5.793849999999999454e+03
6.211111111111110999e-02 4.672880444444444038e+03
8.302469135802469091e-02 3.768205802469135506e+03
1.001960784313725428e-01 2.897035392156862599e+03
1.238590604026845732e-01 2.113431543624160895e+03
1.404228855721393054e-01 1.742348557213930235e+03
1.630075187969924899e-01 1.548411165413533809e+03
1.808858858858858887e-01 1.349193363363363460e+03
2.036394557823129059e-01 1.067993587301587240e+03
2.190557939914163088e-01 8.654270793991415758e+02
2.426502732240437277e-01 6.312315755919854610e+02
2.596589259796807103e-01 6.339093933236573548e+02
2.811171662125340753e-01 6.111732683923705736e+02
3.008784530386739986e-01 5.499942972375690715e+02
3.206315289648623001e-01 5.055958015194681252e+02
3.399619047619047429e-01 4.222880866666666861e+02
3.619689737470166979e-01 3.433625775656324777e+02
3.799070887818307152e-01 3.222362553337922009e+02
4.013341804320203487e-01 2.851256499364675960e+02
4.195595854922279933e-01 2.773190224525043277e+02
4.407771883289124948e-01 2.725911214854111790e+02
4.600780487804878027e-01 2.517766702439024584e+02
4.807973648341663520e-01 2.260197791912767116e+02
5.009150981177412643e-01 2.131190869042851261e+02
5.204555984555984116e-01 2.049302586872586858e+02
5.419053527118044000e-01 1.852609379652605526e+02
5.606541598694942952e-01 1.704392893964111124e+02
5.706576338400528581e-01 1.603901956378056752e+02
