2.166666666666666741e-02 7.813243166666667094e+03
4.454545454545454780e-02 5.951053181818181656e+03
6.211111111111110999e-02 5.272985111111111109e+03
8.302469135802469091e-02 4.004476913580247128e+03
1.001960784313725428e-01 2.882952156862745142e+03
1.238590604026845732e-01 2.103375369127516933e+03
1.404228855721393054e-01 1.770493930348258573e+03
1.630075187969924899e-01 1.579487330827067581e+03
1.808858858858858887e-01 1.392262912912912952e+03
2.036394557823129059e-01 1.095900757369614666e+03
2.190557939914163088e-01 8.902268090128756057e+02
2.426502732240437277e-01 6.668420673952641664e+02
2.596589259796807103e-01 6.577358780841799444e+02
2.811171662125340753e-01 6.297664945504086518e+02
3.008784530386739986e-01 5.808085690607733795e+02
3.206315289648623001e-01 5.427884520417853764e+02
3.399619047619047429e-01 4.578643761904761504e+02
3.619689737470166979e-01 3.840628758949881103e+02
3.799070887818307152e-01 3.456560123881624236e+02
4.013341804320203487e-01 3.001891569250317389e+02
4.195595854922279933e-01 2.964048583765112426e+02
4.407771883289124948e-01 2.905103846153845666e+02
4.600780487804878027e-01 2.737406765853659181e+02
4.807973648341663520e-01 2.423751858246251629e+02
5.009150981177412643e-01 2.269426527833400087e+02
5.204555984555984116e-01 2.189801795366795432e+02
5.419053527118044000e-01 1.900822080822403279e+02
5.606541598694942952e-01 1.800638557911908606e+02
5.706576338400528581e-01 1.811063304692663678e+02
