2.166666666666666741e-02 5.117755000000000109e+03
4.454545454545454780e-02 4.492600000000000364e+03
6.211111111111110999e-02 3.802682888888888556e+03
8.302469135802469091e-02 2.662985802469135706e+03
1.001960784313725428e-01 2.091484901960784100e+03
1.238590604026845732e-01 1.627201677852348894e+03
1.404228855721393054e-01 1.284581810945273673e+03
1.630075187969924899e-01 1.124880879699248226e+03
1.808858858858858887e-01 9.513070690690689162e+02
2.036394557823129059e-01 7.103035918367347676e+02
2.190557939914163088e-01 6.030528369098711892e+02
2.426502732240437277e-01 4.688424954462660139e+02
2.596589259796807103e-01 4.377905602322206278e+02
2.811171662125340753e-01 4.186997152588556332e+02
3.008784530386739986e-01 3.750004364640883523e+02
3.206315289648623001e-01 3.316063228869895738e+02
3.399619047619047429e-01 2.794096923809523787e+02
3.619689737470166979e-01 2.444323174224343802e+02
3.799070887818307152e-01 2.343831617343427354e+02
4.013341804320203487e-01 2.124073398983481411e+02
4.195595854922279933e-01 1.952096482440990144e+02
4.407771883289124948e-01 1.810104949602122133e+02
4.600780487804878027e-01 1.749422170731706956e+02
4.807973648341663520e-01 1.586932221717401319e+02
5.009150981177412643e-01 1.455785939126952258e+02
5.204555984555984116e-01 1.388024969111969256e+02
5.419053527118044000e-01 1.255168245303083836e+02
5.606541598694942952e-01 1.177198841761827168e+02
5.706576338400528581e-01 1.151659966953073280e+02
