2.166666666666666741e-02 8.481343999999999141e+03
4.454545454545454780e-02 6.258324545454544932e+03
6.211111111111110999e-02 6.280613333333332776e+03
8.302469135802469091e-02 4.472600864197531337e+03
1.001960784313725428e-01 2.990236372549019507e+03
1.238590604026845732e-01 2.407818523489932886e+03
1.404228855721393054e-01 1.971821194029850631e+03
1.630075187969924899e-01 1.658972406015037677e+03
1.808858858858858887e-01 1.484528648648648641e+03
2.036394557823129059e-01 1.171199700680272144e+03
2.190557939914163088e-01 9.778628648068670373e+02
2.426502732240437277e-01 7.495676265938069491e+02
2.596589259796807103e-01 7.406385515239477400e+02
2.811171662125340753e-01 7.182400095367847825e+02
3.008784530386739986e-01 6.259007966850828097e+02
3.206315289648623001e-01 6.082086980056980110e+02
3.399619047619047429e-01 5.244406342857142818e+02
3.619689737470166979e-01 4.057433818615751875e+02
3.799070887818307152e-01 3.840389428768066296e+02
4.013341804320203487e-01 3.705677782719186553e+02
4.195595854922279933e-01 3.395250402993667080e+02
4.407771883289124948e-01 3.196595978779840834e+02
4.600780487804878027e-01 2.985562580487804780e+02
4.807973648341663520e-01 2.710728827805543233e+02
5.009150981177412643e-01 2.649470756908289673e+02
5.204555984555984116e-01 2.515864945945945692e+02
5.419053527118044000e-01 2.285012098546614823e+02
5.606541598694942952e-01 2.140952528548123723e+02
5.706576338400528581e-01 2.098169001982815871e+02
