2.166666666666666741e-02 5.792381183333333865e+03
4.454545454545454780e-02 4.737114999999999782e+03
6.211111111111110999e-02 3.980027777777777828e+03
8.302469135802469091e-02 2.771591975308642304e+03
1.001960784313725428e-01 2.203664607843137219e+03
1.238590604026845732e-01 1.716429798657718038e+03
1.404228855721393054e-01 1.344843373134328658e+03
1.630075187969924899e-01 1.192539669172932463e+03
1.808858858858858887e-01 1.011523165165165324e+03
2.036394557823129059e-01 7.713274058956916406e+02
2.190557939914163088e-01 6.675567381974249201e+02
2.426502732240437277e-01 5.230917122040071945e+02
2.596589259796807103e-01 4.757066835994194776e+02
2.811171662125340753e-01 4.486880817438692475e+02
3.008784530386739986e-01 4.082127458563535356e+02
3.206315289648623001e-01 3.766237027540360600e+02
3.399619047619047429e-01 3.221163876190476003e+02
3.619689737470166979e-01 2.659844868735083310e+02
3.799070887818307152e-01 2.530120130763936288e+02
4.013341804320203487e-01 2.331184885641677056e+02
4.195595854922279933e-01 2.130773920552677225e+02
4.407771883289124948e-01 1.937555230769230548e+02
4.600780487804878027e-01 1.791678414634146463e+02
4.807973648341663520e-01 1.680459309404816111e+02
5.009150981177412643e-01 1.565018334000801019e+02
5.204555984555984116e-01 1.450991810810810989e+02
5.419053527118044000e-01 1.312110517546969106e+02
5.606541598694942952e-01 1.228662597063621433e+02
5.706576338400528581e-01 1.225341480502313232e+02
