2.166666666666666741e-02 4.548875466666666398e+03
4.454545454545454780e-02 4.042946363636363458e+03
6.211111111111110999e-02 3.426575555555555638e+03
8.302469135802469091e-02 2.425470246913580013e+03
1.001960784313725428e-01 1.904586862745097960e+03
1.238590604026845732e-01 1.446373758389261639e+03
1.404228855721393054e-01 1.189690517412935378e+03
1.630075187969924899e-01 1.034519631578947383e+03
1.808858858858858887e-01 8.427558678678680053e+02
2.036394557823129059e-01 6.433390476190476193e+02
2.190557939914163088e-01 5.537217188841201505e+02
2.426502732240437277e-01 4.175952367941712282e+02
2.596589259796807103e-01 3.928192583454282385e+02
2.811171662125340753e-01 3.943411689373297122e+02
3.008784530386739986e-01 3.521933049723756994e+02
3.206315289648623001e-01 3.113611139601139826e+02
3.399619047619047429e-01 2.682827571428571218e+02
3.619689737470166979e-01 2.214799379474940508e+02
3.799070887818307152e-01 2.078338568479009325e+02
4.013341804320203487e-01 1.898173456162642765e+02
4.195595854922279933e-01 1.732716108232584986e+02
4.407771883289124948e-01 1.658750387267904784e+02
4.600780487804878027e-01 1.576900419512195128e+02
4.807973648341663520e-01 1.386432339845524950e+02
5.009150981177412643e-01 1.327260869042851255e+02
5.204555984555984116e-01 1.293841343629343612e+02
5.419053527118044000e-01 1.148443477490251752e+02
5.606541598694942952e-01 1.076767921696574319e+02
5.706576338400528581e-01 1.058923119629874350e+02
