2.166666666666666741e-02 4.546326099999999315e+03
4.454545454545454780e-02 4.071484090909090810e+03
6.211111111111110999e-02 3.424627777777777737e+03
8.302469135802469091e-02 2.384483703703703668e+03
1.001960784313725428e-01 1.877631078431372543e+03
1.238590604026845732e-01 1.411506778523490084e+03
1.404228855721393054e-01 1.155893781094527412e+03
1.630075187969924899e-01 1.039547736842105223e+03
1.808858858858858887e-01 8.419087687687687094e+02
2.036394557823129059e-01 6.286075351473921273e+02
2.190557939914163088e-01 5.434309399141631047e+02
2.426502732240437277e-01 3.996528797814207792e+02
2.596589259796807103e-01 3.775773526850508119e+02
2.811171662125340753e-01 3.925056416893733058e+02
3.008784530386739986e-01 3.470285933701657086e+02
3.206315289648623001e-01 3.062263589743589591e+02
3.399619047619047429e-01 2.668157914285714583e+02
3.619689737470166979e-01 2.232056968973746791e+02
3.799070887818307152e-01 2.061674439091534623e+02
4.013341804320203487e-01 1.840686251588309972e+02
4.195595854922279933e-01 1.665622153137593386e+02
4.407771883289124948e-01 1.565257883289124550e+02
4.600780487804878027e-01 1.486487648780487802e+02
4.807973648341663520e-01 1.358102975920036499e+02
5.009150981177412643e-01 1.326784817781337722e+02
5.204555984555984116e-01 1.254497339768339685e+02
5.419053527118044000e-01 1.119010840127614301e+02
5.606541598694942952e-01 1.060076003262642814e+02
5.706576338400528581e-01 1.037647237276933225e+02
