2.166666666666666741e-02 1.640966549999999916e+04
4.454545454545454780e-02 9.590856363636363312e+03
6.211111111111110999e-02 6.932365333333333183e+03
8.302469135802469091e-02 4.841669629629629526e+03
1.001960784313725428e-01 3.430978431372549494e+03
1.238590604026845732e-01 2.757027382550335460e+03
1.404228855721393054e-01 2.295425024875622057e+03
1.630075187969924899e-01 1.856100526315789466e+03
1.808858858858858887e-01 1.633874444444444634e+03
2.036394557823129059e-01 1.319932902494331074e+03
2.190557939914163088e-01 1.086657017167382037e+03
2.426502732240437277e-01 8.556057267759563274e+02
2.596589259796807103e-01 8.393892917271408578e+02
2.811171662125340753e-01 8.257376321525886169e+02
3.008784530386739986e-01 7.657746033149170444e+02
3.206315289648623001e-01 6.828958186134852895e+02
3.399619047619047429e-01 5.519668009523810497e+02
3.619689737470166979e-01 4.868092124105011180e+02
3.799070887818307152e-01 4.670178981417756745e+02
4.013341804320203487e-01 4.186739714104193126e+02
4.195595854922279933e-01 3.817134283246977589e+02
4.407771883289124948e-01 3.550986185676392211e+02
4.600780487804878027e-01 3.266308429268292457e+02
4.807973648341663520e-01 2.916758328032712484e+02
5.009150981177412643e-01 2.922287428914697784e+02
5.204555984555984116e-01 2.660223830115830310e+02
5.419053527118044000e-01 2.380342803970223713e+02
5.606541598694942952e-01 2.451718841761826866e+02
5.706576338400528581e-01 2.456001592861863685e+02
