2.166666666666666741e-02 6.776859666666667181e+03
4.454545454545454780e-02 5.165095909090909117e+03
6.211111111111110999e-02 4.607633333333333212e+03
8.302469135802469091e-02 3.355976049382716155e+03
1.001960784313725428e-01 2.540575196078431418e+03
1.238590604026845732e-01 1.990109060402684463e+03
1.404228855721393054e-01 1.547949303482587084e+03
1.630075187969924899e-01 1.326947105263157937e+03
1.808858858858858887e-01 1.186200840840840783e+03
2.036394557823129059e-01 9.216338684807258232e+02
2.190557939914163088e-01 7.720073755364807084e+02
2.426502732240437277e-01 5.877266174863387960e+02
2.596589259796807103e-01 5.380189129172713365e+02
2.811171662125340753e-01 5.230784032697547445e+02
3.008784530386739986e-01 4.806381889502762306e+02
3.206315289648623001e-01 4.371537179487179969e+02
3.399619047619047429e-01 3.638965914285714121e+02
3.619689737470166979e-01 3.110865011933174173e+02
3.799070887818307152e-01 2.927409442532691060e+02
4.013341804320203487e-01 2.686220349428208465e+02
4.195595854922279933e-01 2.514419821531375874e+02
4.407771883289124948e-01 2.330804631299734808e+02
4.600780487804878027e-01 2.182141517073171144e+02
4.807973648341663520e-01 1.964769877328486984e+02
5.009150981177412643e-01 1.864958798558270132e+02
5.204555984555984116e-01 1.764860498069497794e+02
5.419053527118044000e-01 1.545324030485643334e+02
5.606541598694942952e-01 1.402344319738988645e+02
5.706576338400528581e-01 1.380759722405816206e+02
