2.166666666666666741e-02 7.662942750000001070e+03
4.454545454545454780e-02 5.873205909090908790e+03
6.211111111111110999e-02 4.565312666666666701e+03
8.302469135802469091e-02 3.193486419753086921e+03
1.001960784313725428e-01 2.403613137254901631e+03
1.238590604026845732e-01 1.852661610738254694e+03
1.404228855721393054e-01 1.468541393034825887e+03
1.630075187969924899e-01 1.218926962406015264e+03
1.808858858858858887e-01 1.060918234234234433e+03
2.036394557823129059e-01 8.165339183673469279e+02
2.190557939914163088e-01 6.951379012875536318e+02
2.426502732240437277e-01 5.662037595628414692e+02
2.596589259796807103e-01 5.186810928882437111e+02
2.811171662125340753e-01 4.812056253405994539e+02
3.008784530386739986e-01 4.360966055248618432e+02
3.206315289648623001e-01 4.059086381766381351e+02
3.399619047619047429e-01 3.621647971428571964e+02
3.619689737470166979e-01 2.909833389021479206e+02
3.799070887818307152e-01 2.668122408809359740e+02
4.013341804320203487e-01 2.454032268106734591e+02
4.195595854922279933e-01 2.159958301669545051e+02
4.407771883289124948e-01 2.163246673740052870e+02
4.600780487804878027e-01 2.157555921951219489e+02
4.807973648341663520e-01 1.843154975011358658e+02
5.009150981177412643e-01 1.692469615538646508e+02
5.204555984555984116e-01 1.620536613899614053e+02
5.419053527118044000e-01 1.444492548741581004e+02
5.606541598694942952e-01 1.340275670473083380e+02
5.706576338400528581e-01 1.315735155320555236e+02
