2.166666666666666741e-02 5.062171283333334031e+03
4.454545454545454780e-02 4.658295909090909845e+03
6.211111111111110999e-02 4.091250222222222419e+03
8.302469135802469091e-02 2.807515925925926240e+03
1.001960784313725428e-01 2.166522549019607595e+03
1.238590604026845732e-01 1.679494161073825580e+03
1.404228855721393054e-01 1.312355174129353372e+03
1.630075187969924899e-01 1.156422255639097557e+03
1.808858858858858887e-01 1.000668078078077997e+03
2.036394557823129059e-01 7.746531882086167116e+02
2.190557939914163088e-01 6.627478690987123855e+02
2.426502732240437277e-01 5.010713278688525634e+02
2.596589259796807103e-01 4.477479593613933844e+02
2.811171662125340753e-01 4.341522874659400486e+02
3.008784530386739986e-01 4.038745359116021518e+02
3.206315289648623001e-01 3.641227046533713292e+02
3.399619047619047429e-01 3.074321809523809179e+02
3.619689737470166979e-01 2.558561097852028752e+02
3.799070887818307152e-01 2.421329325533379233e+02
4.013341804320203487e-01 2.222334409148665770e+02
4.195595854922279933e-01 2.079390310880829134e+02
4.407771883289124948e-01 1.931402763925729573e+02
4.600780487804878027e-01 1.810561287804878248e+02
4.807973648341663520e-01 1.634046338028169032e+02
5.009150981177412643e-01 1.513700292350821144e+02
5.204555984555984116e-01 1.446939015444015411e+02
5.419053527118044000e-01 1.323222197802197968e+02
5.606541598694942952e-01 1.236021748776508815e+02
5.706576338400528581e-01 1.200743463317911477e+02
