2.166666666666666741e-02 1.861519900000000052e+04
4.454545454545454780e-02 1.089075863636363647e+04
6.211111111111110999e-02 7.260738444444444212e+03
8.302469135802469091e-02 4.593351234567900974e+03
1.001960784313725428e-01 3.351859607843137383e+03
1.238590604026845732e-01 3.000090671140939776e+03
1.404228855721393054e-01 2.436722139303482436e+03
1.630075187969924899e-01 1.993926691729323238e+03
1.808858858858858887e-01 1.707795045045045072e+03
2.036394557823129059e-01 1.378293469387754840e+03
2.190557939914163088e-01 1.189906866952789642e+03
2.426502732240437277e-01 8.963604007285973694e+02
2.596589259796807103e-01 8.681455442670537650e+02
2.811171662125340753e-01 8.386614931880110362e+02
3.008784530386739986e-01 7.967797922651934641e+02
3.206315289648623001e-01 7.224221206077872921e+02
3.399619047619047429e-01 5.691147266666666837e+02
3.619689737470166979e-01 5.067786968973747435e+02
3.799070887818307152e-01 4.812441589814177973e+02
4.013341804320203487e-01 4.167525717916137751e+02
4.195595854922279933e-01 3.797354870466321586e+02
4.407771883289124948e-01 3.634061809018567146e+02
4.600780487804878027e-01 3.411515653658536849e+02
4.807973648341663520e-01 2.992522680599727778e+02
5.009150981177412643e-01 3.030587068482179234e+02
5.204555984555984116e-01 2.899888861003860825e+02
5.419053527118044000e-01 2.577484168734491163e+02
5.606541598694942952e-01 2.543129582381729108e+02
5.706576338400528581e-01 2.512266364838069705e+02
