2.166666666666666741e-02 5.061635533333333115e+03
4.454545454545454780e-02 4.467956363636363676e+03
6.211111111111110999e-02 3.953957555555555700e+03
8.302469135802469091e-02 2.715557530864197815e+03
1.001960784313725428e-01 2.065441078431372262e+03
1.238590604026845732e-01 1.615575771812080347e+03
1.404228855721393054e-01 1.272016189054726510e+03
1.630075187969924899e-01 1.136332902255639283e+03
1.808858858858858887e-01 9.685019399399399163e+02
2.036394557823129059e-01 7.193223696145124677e+02
2.190557939914163088e-01 6.089671909871244679e+02
2.426502732240437277e-01 4.779642149362476857e+02
2.596589259796807103e-01 4.461235457184324673e+02
2.811171662125340753e-01 4.224030912806539391e+02
3.008784530386739986e-01 3.827848419889503475e+02
3.206315289648623001e-01 3.465908812915479302e+02
3.399619047619047429e-01 2.887914523809524212e+02
3.619689737470166979e-01 2.432579594272076520e+02
3.799070887818307152e-01 2.310236145905024330e+02
4.013341804320203487e-01 2.079862801778907340e+02
4.195595854922279933e-01 1.951003344847438257e+02
4.407771883289124948e-01 1.800273665782493424e+02
4.600780487804878027e-01 1.717484580487804635e+02
4.807973648341663520e-01 1.591269136756019975e+02
5.009150981177412643e-01 1.466289663596315620e+02
5.204555984555984116e-01 1.391810169884170136e+02
5.419053527118044000e-01 1.267112715349166905e+02
5.606541598694942952e-01 1.172419194127243145e+02
5.706576338400528581e-01 1.124628545935228061e+02
