2.166666666666666741e-02 4.472004649999999856e+03
4.454545454545454780e-02 4.015766818181818053e+03
6.211111111111110999e-02 3.157961999999999989e+03
8.302469135802469091e-02 2.112377160493826977e+03
1.001960784313725428e-01 1.685719607843137283e+03
1.238590604026845732e-01 1.279539664429530148e+03
1.404228855721393054e-01 1.040598995024875649e+03
1.630075187969924899e-01 9.225966165413533417e+02
1.808858858858858887e-01 7.662784684684685317e+02
2.036394557823129059e-01 5.878061904761905225e+02
2.190557939914163088e-01 4.956184763948497221e+02
2.426502732240437277e-01 3.639518032786884874e+02
2.596589259796807103e-01 3.470777460087082318e+02
2.811171662125340753e-01 3.523263841961853018e+02
3.008784530386739986e-01 3.116858817679557774e+02
3.206315289648623001e-01 2.800446723646723513e+02
3.399619047619047429e-01 2.384105371428571232e+02
3.619689737470166979e-01 1.927067303102625146e+02
3.799070887818307152e-01 1.820857336545079193e+02
4.013341804320203487e-01 1.695284301143583434e+02
4.195595854922279933e-01 1.515005630397236587e+02
4.407771883289124948e-01 1.379711501326260077e+02
4.600780487804878027e-01 1.333920780487804905e+02
4.807973648341663520e-01 1.207646260790549633e+02
5.009150981177412643e-01 1.151032747296756042e+02
5.204555984555984116e-01 1.069825021621621772e+02
5.419053527118044000e-01 9.338992328961361977e+01
5.606541598694942952e-01 8.950997092985319625e+01
5.706576338400528581e-01 8.897585915399868384e+01
