2.166666666666666741e-02 1.802387983333333250e+04
4.454545454545454780e-02 1.015348045454545354e+04
6.211111111111110999e-02 6.908451333333334333e+03
8.302469135802469091e-02 4.581453580246913589e+03
1.001960784313725428e-01 3.304034803921569164e+03
1.238590604026845732e-01 2.848648926174496864e+03
1.404228855721393054e-01 2.375032388059701589e+03
1.630075187969924899e-01 1.918439398496240528e+03
1.808858858858858887e-01 1.638655405405405418e+03
2.036394557823129059e-01 1.362120340136054210e+03
2.190557939914163088e-01 1.173662875536480669e+03
2.426502732240437277e-01 8.870597559198542967e+02
2.596589259796807103e-01 8.572701277213352569e+02
2.811171662125340753e-01 8.723736498637601926e+02
3.008784530386739986e-01 8.019793690607733652e+02
3.206315289648623001e-01 6.876272279202278241e+02
3.399619047619047429e-01 5.461991257142856284e+02
3.619689737470166979e-01 4.935073054892600908e+02
3.799070887818307152e-01 4.752879883000687755e+02
4.013341804320203487e-01 4.181058951715374974e+02
4.195595854922279933e-01 3.874758595279216706e+02
4.407771883289124948e-01 3.644559830238727045e+02
4.600780487804878027e-01 3.382943282926830193e+02
4.807973648341663520e-01 2.976248727850976934e+02
5.009150981177412643e-01 2.966575010012014673e+02
5.204555984555984116e-01 2.844827494208494159e+02
5.419053527118044000e-01 2.544498323289613495e+02
5.606541598694942952e-01 2.553330587275693233e+02
5.706576338400528581e-01 2.573200085922009066e+02
