2.166666666666666741e-02 4.178365166666666628e+05
4.454545454545454780e-02 1.538471318181818060e+05
6.211111111111110999e-02 4.862874888888889109e+04
8.302469135802469091e-02 2.394055876543209888e+04
1.001960784313725428e-01 1.011880745098039188e+04
1.238590604026845732e-01 5.271922550335570122e+03
1.404228855721393054e-01 5.926397064676617447e+03
1.630075187969924899e-01 9.917173721804510933e+03
1.808858858858858887e-01 7.744436396396396049e+03
2.036394557823129059e-01 3.636282970521542211e+03
2.190557939914163088e-01 2.364287253218883961e+03
2.426502732240437277e-01 1.489016418943533836e+03
2.596589259796807103e-01 3.448115666182874065e+03
2.811171662125340753e-01 4.621500640326975372e+03
3.008784530386739986e-01 4.440162386740331385e+03
3.206315289648623001e-01 3.463933494776827956e+03
3.399619047619047429e-01 2.198084021047618990e+03
3.619689737470166979e-01 1.227991872792362756e+03
3.799070887818307152e-01 2.014307214039917653e+03
4.013341804320203487e-01 1.956589542566709270e+03
4.195595854922279933e-01 1.600860592976396219e+03
4.407771883289124948e-01 1.521070760742705943e+03
4.600780487804878027e-01 9.820048899512195248e+02
4.807973648341663520e-01 1.624498609904588648e+03
5.009150981177412643e-01 1.909260474569483222e+03
5.204555984555984116e-01 1.550081527027027050e+03
5.419053527118044000e-01 1.693187490251683812e+03
5.606541598694942952e-01 1.794329714845024228e+03
5.706576338400528581e-01 1.449148615994712600e+03
