2.166666666666666741e-02 2.645532166666666744e+05
4.454545454545454780e-02 8.663522090909090184e+04
6.211111111111110999e-02 1.043108133333333353e+04
8.302469135802469091e-02 3.205025999999999840e+03
1.001960784313725428e-01 5.655569764705881425e+03
1.238590604026845732e-01 6.514263422818791696e+03
1.404228855721393054e-01 7.186843980099502915e+03
1.630075187969924899e-01 7.994819172932330730e+03
1.808858858858858887e-01 5.783356576576577027e+03
2.036394557823129059e-01 4.681474444444444089e+03
2.190557939914163088e-01 4.009116201716738033e+03
2.426502732240437277e-01 2.674080655737705001e+03
2.596589259796807103e-01 2.383652656023221880e+03
2.811171662125340753e-01 2.763233256130790323e+03
3.008784530386739986e-01 2.427385027624309714e+03
3.206315289648623001e-01 1.024237692307692214e+03
3.399619047619047429e-01 8.950148857142856968e+02
3.619689737470166979e-01 1.185588324582338828e+03
3.799070887818307152e-01 7.463862794218858880e+02
4.013341804320203487e-01 -1.031212827191867945e+02
4.195595854922279933e-01 -4.604963839953943534e+02
4.407771883289124948e-01 1.207927909814323584e+03
4.600780487804878027e-01 2.149943151219512401e+03
4.807973648341663520e-01 1.378741876419809159e+03
5.009150981177412643e-01 1.126140791349619576e+03
5.204555984555984116e-01 1.161362123938223704e+03
5.419053527118044000e-01 1.211649791208791157e+03
5.606541598694942952e-01 1.085739830016313135e+03
5.706576338400528581e-01 8.480799887640449697e+02
