2.166666666666666741e-02 5.045579999999999563e+04
4.454545454545454780e-02 2.209738181818182056e+04
6.211111111111110999e-02 1.249477111111110935e+04
8.302469135802469091e-02 8.635451728395060854e+03
1.001960784313725428e-01 6.550174215686274692e+03
1.238590604026845732e-01 5.498602013422818345e+03
1.404228855721393054e-01 4.417361442786069347e+03
1.630075187969924899e-01 3.447429473684210279e+03
1.808858858858858887e-01 2.811596366366366510e+03
2.036394557823129059e-01 2.194316281179138059e+03
2.190557939914163088e-01 1.698931244635193025e+03
2.426502732240437277e-01 1.448297777777777810e+03
2.596589259796807103e-01 1.450727968069666304e+03
2.811171662125340753e-01 1.288234073569482462e+03
3.008784530386739986e-01 1.319158232044198940e+03
3.206315289648623001e-01 1.233013438746438851e+03
3.399619047619047429e-01 1.011901711428571502e+03
3.619689737470166979e-01 8.584847971360380825e+02
3.799070887818307152e-01 8.132994487267721979e+02
4.013341804320203487e-01 6.948057731893266009e+02
4.195595854922279933e-01 6.302302705814622641e+02
4.407771883289124948e-01 6.297730435013262422e+02
4.600780487804878027e-01 5.793606673170731938e+02
4.807973648341663520e-01 5.884743902771467674e+02
5.009150981177412643e-01 6.055917809371245539e+02
5.204555984555984116e-01 5.542352629343629360e+02
5.419053527118044000e-01 4.448274363700815002e+02
5.606541598694942952e-01 4.149509141924959863e+02
5.706576338400528581e-01 4.319250971579643306e+02
