2.166666666666666741e-02 8.247697333333335337e+03
4.454545454545454780e-02 5.714236818181818307e+03
6.211111111111110999e-02 4.771306222222222459e+03
8.302469135802469091e-02 3.861583086419752817e+03
1.001960784313725428e-01 2.936393627450980603e+03
1.238590604026845732e-01 2.117775033557047209e+03
1.404228855721393054e-01 1.772948756218905601e+03
1.630075187969924899e-01 1.557480263157894797e+03
1.808858858858858887e-01 1.358618288288288340e+03
2.036394557823129059e-01 1.086493365079365049e+03
2.190557939914163088e-01 8.672167961373390881e+02
2.426502732240437277e-01 6.290474043715847756e+02
2.596589259796807103e-01 6.408740203193033267e+02
2.811171662125340753e-01 6.180759128065394634e+02
3.008784530386739986e-01 5.516701303867403112e+02
3.206315289648623001e-01 5.099568736942069904e+02
3.399619047619047429e-01 4.327082447619047798e+02
3.619689737470166979e-01 3.539390620525059603e+02
3.799070887818307152e-01 3.300564879559531732e+02
4.013341804320203487e-01 2.927837134688691094e+02
4.195595854922279933e-01 2.835496557282671120e+02
4.407771883289124948e-01 2.800103167108753155e+02
4.600780487804878027e-01 2.591839141463414649e+02
4.807973648341663520e-01 2.275256215356656355e+02
5.009150981177412643e-01 2.137811958350019950e+02
5.204555984555984116e-01 2.067879401544401219e+02
5.419053527118044000e-01 1.854620911024459531e+02
5.606541598694942952e-01 1.735248890701467985e+02
5.706576338400528581e-01 1.671679795109054680e+02
