-2.375000000000000000e+01 8.296981115333371903e+00 1.299559218765532709e+00
-2.325000000000000000e+01 5.152429743231212278e+00 3.909444993153301517e-01
-2.275000000000000000e+01 5.302483886955364767e+00 1.736091945102784806e-01
-2.225000000000000000e+01 4.506621277353681343e+00 1.175804313852154837e-01
-2.175000000000000000e+01 4.017536125631529842e+00 8.733672544244003300e-02
-2.125000000000000000e+01 3.389065336421171803e+00 6.446549620509860190e-02
-2.075000000000000000e+01 3.014764594329616632e+00 4.438517927175283234e-02
-2.025000000000000000e+01 2.762186725128330078e+00 2.846493265497029510e-02
-1.975000000000000000e+01 2.640232417317871061e+00 2.023691668438226676e-02
-1.925000000000000000e+01 2.526618549720446971e+00 1.719386709038355290e-02
-1.875000000000000000e+01 2.378507134995332617e+00 1.578793841741087806e-02
-1.825000000000000000e+01 2.297874347974055098e+00 1.464852179540851798e-02
-1.775000000000000000e+01 2.174677264781280872e+00 1.344754168553902000e-02
