2.166666666666666741e-02 3.628406333333333168e+04
4.454545454545454780e-02 1.660882090909090766e+04
6.211111111111110999e-02 1.029657688888888879e+04
8.302469135802469091e-02 7.737033086419754000e+03
1.001960784313725428e-01 5.811977745098039122e+03
1.238590604026845732e-01 4.167428523489933468e+03
1.404228855721393054e-01 3.307661343283582482e+03
1.630075187969924899e-01 2.942126090225563985e+03
1.808858858858858887e-01 2.478556786786786688e+03
2.036394557823129059e-01 1.921005306122449156e+03
2.190557939914163088e-01 1.640881394849785465e+03
2.426502732240437277e-01 1.367130692167577308e+03
2.596589259796807103e-01 1.341718940493468835e+03
2.811171662125340753e-01 1.197422166212533966e+03
3.008784530386739986e-01 1.129541303867403258e+03
3.206315289648623001e-01 1.048136590693257403e+03
3.399619047619047429e-01 8.195117238095236871e+02
3.619689737470166979e-01 7.461749880668257902e+02
3.799070887818307152e-01 6.900290275292497881e+02
4.013341804320203487e-01 5.791471257941550448e+02
4.195595854922279933e-01 5.880986706966033353e+02
4.407771883289124948e-01 5.963987517241379237e+02
4.600780487804878027e-01 5.338712780487804821e+02
4.807973648341663520e-01 4.585329872785097791e+02
5.009150981177412643e-01 4.638971690028034232e+02
5.204555984555984116e-01 4.522544509652509532e+02
5.419053527118044000e-01 4.157278486352357163e+02
5.606541598694942952e-01 4.136608975530179464e+02
5.706576338400528581e-01 4.041929325842696699e+02
