-2.375000000000000000e+01 6.095780263158646406e+00 5.652623652296093759e-01
-2.325000000000000000e+01 5.086918836945359956e+00 1.860720349182276301e-01
-2.275000000000000000e+01 4.536188886759157768e+00 1.205501699847094654e-01
-2.225000000000000000e+01 4.064206459732022658e+00 9.271580616457478219e-02
-2.175000000000000000e+01 3.551992426950035142e+00 6.353388305726513641e-02
-2.125000000000000000e+01 3.181361427954813692e+00 4.381782178093785590e-02
-2.075000000000000000e+01 2.901981429849502359e+00 3.304779473509776577e-02
-2.025000000000000000e+01 2.793922907067459604e+00 2.685470456814612050e-02
-1.975000000000000000e+01 2.626881274506083219e+00 2.327106802246840800e-02
-1.925000000000000000e+01 2.523278055591786195e+00 2.140516290177851833e-02
-1.875000000000000000e+01 2.421290564009888513e+00 2.001270954128400725e-02
-1.825000000000000000e+01 2.334912898237346379e+00 1.843342282204044405e-02
-1.775000000000000000e+01 2.276175627380038868e+00 1.671067129962102576e-02
-1.725000000000000000e+01 2.160815301672977640e+00 1.491744563915933103e-02
-1.675000000000000000e+01 2.080643196175907761e+00 1.333875299104100506e-02
-1.625000000000000000e+01 2.035186420400106222e+00 1.195493882541687550e-02
-1.575000000000000000e+01 1.945990492626631596e+00 1.070755926816928383e-02
-1.525000000000000000e+01 1.882433938580978960e+00 9.613552269573348921e-03
-1.475000000000000000e+01 1.790152058101479593e+00 8.537706017420217119e-03
-1.425000000000000000e+01 1.725599131131030584e+00 7.565158410259015774e-03
