2.166666666666666741e-02 4.513241383333333033e+03
4.454545454545454780e-02 3.954069545454545278e+03
6.211111111111110999e-02 3.250850222222222328e+03
8.302469135802469091e-02 2.209191234567901120e+03
1.001960784313725428e-01 1.753455784313725417e+03
1.238590604026845732e-01 1.323833288590603843e+03
1.404228855721393054e-01 1.063288039800994966e+03
1.630075187969924899e-01 9.599274135338347378e+02
1.808858858858858887e-01 7.849585345345345786e+02
2.036394557823129059e-01 5.943418526077097113e+02
2.190557939914163088e-01 5.188532017167382264e+02
2.426502732240437277e-01 3.848076994535518907e+02
2.596589259796807103e-01 3.593638461538461684e+02
2.811171662125340753e-01 3.707217861035421720e+02
3.008784530386739986e-01 3.313945116022099455e+02
3.206315289648623001e-01 2.949924957264957470e+02
3.399619047619047429e-01 2.503403171428571738e+02
3.619689737470166979e-01 2.077033054892601456e+02
3.799070887818307152e-01 1.942793207157604911e+02
4.013341804320203487e-01 1.747714841168996145e+02
4.195595854922279933e-01 1.583358704663212393e+02
4.407771883289124948e-01 1.479106509283819548e+02
4.600780487804878027e-01 1.427389156097561056e+02
4.807973648341663520e-01 1.271054956837800916e+02
5.009150981177412643e-01 1.200699026832198655e+02
5.204555984555984116e-01 1.170811131274131185e+02
5.419053527118044000e-01 1.035923353420772770e+02
5.606541598694942952e-01 9.707402469820554813e+01
5.706576338400528581e-01 9.823731639127559845e+01
