2.166666666666666741e-02 5.140127833333332819e+04
4.454545454545454780e-02 2.172746136363636469e+04
6.211111111111110999e-02 1.034762466666666660e+04
8.302469135802469091e-02 6.839308024691357787e+03
1.001960784313725428e-01 5.312879313725489737e+03
1.238590604026845732e-01 4.394302147651006635e+03
1.404228855721393054e-01 3.358302935323383281e+03
1.630075187969924899e-01 2.839335977443608954e+03
1.808858858858858887e-01 2.366655015015015124e+03
2.036394557823129059e-01 1.784979342403628152e+03
2.190557939914163088e-01 1.434713884120171542e+03
2.426502732240437277e-01 1.144210382513661216e+03
2.596589259796807103e-01 1.252519143686502275e+03
2.811171662125340753e-01 1.172701103542234250e+03
3.008784530386739986e-01 1.152850607734806545e+03
3.206315289648623001e-01 1.076092995251661932e+03
3.399619047619047429e-01 7.853472495238095235e+02
3.619689737470166979e-01 7.814821193317421830e+02
3.799070887818307152e-01 7.817887088781830016e+02
4.013341804320203487e-01 6.043690311308768059e+02
4.195595854922279933e-01 5.770709550949912909e+02
4.407771883289124948e-01 5.864199076923075609e+02
4.600780487804878027e-01 5.016856424390244342e+02
4.807973648341663520e-01 4.765292598818718943e+02
5.009150981177412643e-01 4.806048073688425575e+02
5.204555984555984116e-01 4.336574749034748493e+02
5.419053527118044000e-01 3.760403941864587409e+02
5.606541598694942952e-01 3.775898061990212113e+02
5.706576338400528581e-01 4.045781810971579375e+02
