-2.375000000000000000e+01 5.330101385960277049e+00 1.877431087845559565e+00 2.613108735557715255e-05 2.613108735557715255e-05
-2.325000000000000000e+01 4.773585607105149009e+00 1.348706580057095650e+00 1.274160457833927167e-04 1.274160457833927167e-04
-2.275000000000000000e+01 4.422732136647373302e+00 1.228593256662886324e+00 2.803153007234639822e-04 2.803153007234639822e-04
-2.225000000000000000e+01 4.093923414657520965e+00 1.197682630595351405e+00 4.466040384407731563e-04 4.466040384407731563e-04
-2.175000000000000000e+01 3.657069756750150891e+00 9.566769401621202373e-01 7.424684159378036564e-04 7.424684159378036564e-04
-2.125000000000000000e+01 3.287470802779287382e+00 8.208697157466912087e-01 1.383867832847424702e-03 1.383867832847424702e-03
-2.075000000000000000e+01 3.028582906480448589e+00 6.843207833975567533e-01 2.981319511931757038e-03 2.981319511931757038e-03
-2.025000000000000000e+01 2.838612225995704730e+00 6.379708743836494111e-01 6.066947413886189695e-03 6.066947413886189695e-03
-1.975000000000000000e+01 2.688132172885492555e+00 6.614639853906719713e-01 9.046323291221250451e-03 9.046323291221250451e-03
-1.925000000000000000e+01 2.551221005786681761e+00 6.065343844290601583e-01 1.078911564625850347e-02 1.078911564625850347e-02
-1.875000000000000000e+01 2.434555668776690940e+00 5.370591591023813338e-01 1.246236907461397217e-02 1.246236907461397217e-02
-1.825000000000000000e+01 2.345843744732403202e+00 4.960682862133195536e-01 1.452478134110787161e-02 1.452478134110787161e-02
-1.775000000000000000e+01 2.272992827936648030e+00 4.674360716025933171e-01 1.738948277723787947e-02 1.738948277723787947e-02
-1.725000000000000000e+01 2.216444670836543285e+00 4.721055450722000391e-01 2.151020408163265354e-02 2.151020408163265354e-02
-1.675000000000000000e+01 2.167875539594244838e+00 4.282875497440097323e-01 2.627189288413778190e-02 2.627189288413778190e-02
-1.625000000000000000e+01 2.123893509362719367e+00 3.971489643469705566e-01 3.145902170391966235e-02 3.145902170391966235e-02
-1.575000000000000000e+01 2.081346046191782317e+00 3.537815250128519828e-01 3.854119425547997135e-02 3.854119425547997135e-02
-1.525000000000000000e+01 2.039353874002007405e+00 3.153100495046038398e-01 4.940071266601878813e-02 4.940071266601878813e-02
-1.475000000000000000e+01 1.997338307308355931e+00 2.702978539458859575e-01 6.288392182269733621e-02 6.288392182269733621e-02
-1.425000000000000000e+01 1.954398755780591301e+00 2.353828324008936101e-01 7.682863621639131335e-02 7.682863621639131335e-02
