2.166666666666666741e-02 8.659292999999999302e+05
4.454545454545454780e-02 2.494408418181818270e+05
6.211111111111110999e-02 1.536997600000000057e+04
8.302469135802469091e-02 1.730030308641975716e+04
1.001960784313725428e-01 1.860823284313725526e+04
1.238590604026845732e-01 9.196951946308723564e+03
1.404228855721393054e-01 1.073186985074626864e+04
1.630075187969924899e-01 9.345946353383458700e+03
1.808858858858858887e-01 3.721847477477478151e+03
2.036394557823129059e-01 4.314711201814059677e+03
2.190557939914163088e-01 6.992885321888412363e+03
2.426502732240437277e-01 5.837362622950819969e+03
2.596589259796807103e-01 3.984673410740202598e+03
2.811171662125340753e-01 2.284474523160762601e+03
3.008784530386739986e-01 -8.688229834254142361e+02
3.206315289648623001e-01 1.276956448243115119e+03
3.399619047619047429e-01 3.147277240952380907e+03
3.619689737470166979e-01 -1.544876694510739753e+03
3.799070887818307152e-01 -5.642186605643496478e+03
4.013341804320203487e-01 -5.827774866581956303e+03
4.195595854922279933e-01 -2.350299351755900261e+03
4.407771883289124948e-01 3.124376560212201184e+03
4.600780487804878027e-01 2.912871036585365800e+03
4.807973648341663520e-01 -3.208771423443889489e+03
5.009150981177412643e-01 -5.728355525830997067e+03
5.204555984555984116e-01 -2.123159634362934412e+03
5.419053527118044000e-01 9.289964009216589602e+02
5.606541598694942952e-01 1.109028039151712846e+03
5.706576338400528581e-01 1.770733231989424894e+03
