2.166666666666666741e-02 2.768202333333333445e+04
4.454545454545454780e-02 1.349295909090909299e+04
6.211111111111110999e-02 7.616753777777778851e+03
8.302469135802469091e-02 4.987687037037037044e+03
1.001960784313725428e-01 3.574237843137254913e+03
1.238590604026845732e-01 3.158591208053690934e+03
1.404228855721393054e-01 2.578076417910448072e+03
1.630075187969924899e-01 2.096392406015037523e+03
1.808858858858858887e-01 1.822507327327327175e+03
2.036394557823129059e-01 1.495914761904761917e+03
2.190557939914163088e-01 1.278343482832618292e+03
2.426502732240437277e-01 9.587969489981785500e+02
2.596589259796807103e-01 9.286154891146589989e+02
2.811171662125340753e-01 8.840487452316076542e+02
3.008784530386739986e-01 8.293897447513812722e+02
3.206315289648623001e-01 7.876229781576448659e+02
3.399619047619047429e-01 6.693487009523810229e+02
3.619689737470166979e-01 5.573549689737470771e+02
3.799070887818307152e-01 5.017878527185134203e+02
4.013341804320203487e-01 4.395544002541295754e+02
4.195595854922279933e-01 4.178810155440414746e+02
4.407771883289124948e-01 3.879183915119363064e+02
4.600780487804878027e-01 3.617551741463415169e+02
4.807973648341663520e-01 3.348029327578373682e+02
5.009150981177412643e-01 3.285644581497797390e+02
5.204555984555984116e-01 3.118919884169883971e+02
5.419053527118044000e-01 2.640220311946118272e+02
5.606541598694942952e-01 2.521039311582381686e+02
5.706576338400528581e-01 2.544634639788499726e+02
