2.166666666666666741e-02 1.267517950000000019e+04
4.454545454545454780e-02 7.705231818181818198e+03
6.211111111111110999e-02 6.326208444444444467e+03
8.302469135802469091e-02 4.457643827160493856e+03
1.001960784313725428e-01 3.166164117647058902e+03
1.238590604026845732e-01 2.715048791946308938e+03
1.404228855721393054e-01 2.158444427860696123e+03
1.630075187969924899e-01 1.742345714285714166e+03
1.808858858858858887e-01 1.579811381381381125e+03
2.036394557823129059e-01 1.272216235827664150e+03
2.190557939914163088e-01 1.072419508583690913e+03
2.426502732240437277e-01 8.014416229508196921e+02
2.596589259796807103e-01 7.438382583454281303e+02
2.811171662125340753e-01 7.557026525885557930e+02
3.008784530386739986e-01 7.081474906077348805e+02
3.206315289648623001e-01 6.473950797720797254e+02
3.399619047619047429e-01 5.383153542857143066e+02
3.619689737470166979e-01 4.408866658711216928e+02
3.799070887818307152e-01 4.061999690295938876e+02
4.013341804320203487e-01 3.683975165184243679e+02
4.195595854922279933e-01 3.489788117443868600e+02
4.407771883289124948e-01 3.325775448275862232e+02
4.600780487804878027e-01 3.147519921951218862e+02
4.807973648341663520e-01 2.850732994093593788e+02
5.009150981177412643e-01 2.725471529835802471e+02
5.204555984555984116e-01 2.568852610038609328e+02
5.419053527118044000e-01 2.415142463665366961e+02
5.606541598694942952e-01 2.341061765089722542e+02
5.706576338400528581e-01 2.258222015862525041e+02
