2.166666666666666741e-02 6.924724000000000233e+05
4.454545454545454780e-02 2.222020045454545761e+05
6.211111111111110999e-02 3.757096666666666715e+04
8.302469135802469091e-02 2.457467901234567762e+04
1.001960784313725428e-01 1.730666666666666788e+04
1.238590604026845732e-01 1.118825583892617578e+04
1.404228855721393054e-01 8.626179402985075285e+03
1.630075187969924899e-01 9.409897969924813879e+03
1.808858858858858887e-01 8.661626306306307015e+03
2.036394557823129059e-01 7.241541609977323787e+03
2.190557939914163088e-01 3.626316051502145910e+03
2.426502732240437277e-01 1.692678816029143718e+03
2.596589259796807103e-01 4.786522075471697462e+03
2.811171662125340753e-01 7.447044087193459745e+03
3.008784530386739986e-01 7.400520806629834624e+03
3.206315289648623001e-01 4.323066248812916456e+03
3.399619047619047429e-01 2.499936292380952182e+03
3.619689737470166979e-01 1.901046608591885388e+03
3.799070887818307152e-01 3.108021479697178165e+03
4.013341804320203487e-01 2.865605978398984007e+03
4.195595854922279933e-01 3.545278664363845110e+03
4.407771883289124948e-01 3.798265835543766570e+03
4.600780487804878027e-01 2.376907721951219628e+03
4.807973648341663520e-01 2.633655106769650502e+03
5.009150981177412643e-01 1.546989959951942410e+03
5.204555984555984116e-01 1.411593803088803270e+03
5.419053527118044000e-01 2.386343658277206487e+03
5.606541598694942952e-01 2.239536292332789799e+03
5.706576338400528581e-01 1.883529263714474610e+03
