2.166666666666666741e-02 1.769086183333333247e+04
4.454545454545454780e-02 1.008820909090909117e+04
6.211111111111110999e-02 7.111525333333333947e+03
8.302469135802469091e-02 4.767416790123456849e+03
1.001960784313725428e-01 3.340817745098039723e+03
1.238590604026845732e-01 2.821351744966442311e+03
1.404228855721393054e-01 2.347021094527362948e+03
1.630075187969924899e-01 1.919246503759398593e+03
1.808858858858858887e-01 1.672669459459459176e+03
2.036394557823129059e-01 1.381361269841270087e+03
2.190557939914163088e-01 1.189635515021459241e+03
2.426502732240437277e-01 8.880784590163934809e+02
2.596589259796807103e-01 8.522446487663281687e+02
2.811171662125340753e-01 8.574780940054495204e+02
3.008784530386739986e-01 7.912678475138121712e+02
3.206315289648623001e-01 6.828731082621084170e+02
3.399619047619047429e-01 5.443827199999999493e+02
3.619689737470166979e-01 4.957631861575178505e+02
3.799070887818307152e-01 4.721727983482450099e+02
4.013341804320203487e-01 4.198013379923760908e+02
4.195595854922279933e-01 3.911184628670121128e+02
4.407771883289124948e-01 3.685087511936339979e+02
4.600780487804878027e-01 3.417357365853658848e+02
4.807973648341663520e-01 2.988342026351658092e+02
5.009150981177412643e-01 2.982915078093712395e+02
5.204555984555984116e-01 2.836366131274131703e+02
5.419053527118044000e-01 2.539473764622474334e+02
5.606541598694942952e-01 2.537686009787928185e+02
5.706576338400528581e-01 2.515066715135492643e+02
