-2.375000000000000000e+01 6.021130597104634496e+00 2.855179563262240650e-01
-2.325000000000000000e+01 4.842292524710211765e+00 1.451197588334380006e-01
-2.275000000000000000e+01 4.197840283010879858e+00 1.086596470113778690e-01
-2.225000000000000000e+01 3.905355240568337383e+00 8.276318288146046476e-02
-2.175000000000000000e+01 3.431188137560219786e+00 5.567751391330531818e-02
-2.125000000000000000e+01 2.964815795518044528e+00 3.867891601281728264e-02
-2.075000000000000000e+01 2.854764106052611439e+00 2.863601646982008586e-02
-2.025000000000000000e+01 2.693133480648927769e+00 2.361906071901464371e-02
-1.975000000000000000e+01 2.567770845941068636e+00 2.112838102644238464e-02
-1.925000000000000000e+01 2.450307619439735074e+00 1.984053676870367947e-02
-1.875000000000000000e+01 2.348050579561920870e+00 1.845990249922180304e-02
-1.825000000000000000e+01 2.292822448699170845e+00 1.682289885140101152e-02
-1.775000000000000000e+01 2.188708412936006820e+00 1.510393401829004077e-02
-1.725000000000000000e+01 2.095325435935998293e+00 1.355501904237119137e-02
-1.675000000000000000e+01 2.035057358253348436e+00 1.215227955876559303e-02
-1.625000000000000000e+01 1.965695127289328603e+00 1.092854487251759647e-02
-1.575000000000000000e+01 1.891835814076441524e+00 9.819338389783903442e-03
-1.525000000000000000e+01 1.801097213990810797e+00 8.754303728996009129e-03
-1.475000000000000000e+01 1.741872531772626687e+00 7.743357310386146664e-03
-1.425000000000000000e+01 1.659603496193836625e+00 6.925004519804462723e-03
