2.166666666666666741e-02 9.511017833333333328e+03
4.454545454545454780e-02 6.920827272727273339e+03
6.211111111111110999e-02 5.990408888888889123e+03
8.302469135802469091e-02 4.150949259259259634e+03
1.001960784313725428e-01 2.995641078431372534e+03
1.238590604026845732e-01 2.540692751677852357e+03
1.404228855721393054e-01 2.073468009950248870e+03
1.630075187969924899e-01 1.679165827067669170e+03
1.808858858858858887e-01 1.489943663663663528e+03
2.036394557823129059e-01 1.208875673469387721e+03
2.190557939914163088e-01 9.861312703862660101e+02
2.426502732240437277e-01 7.676347686703096542e+02
2.596589259796807103e-01 7.205103468795356321e+02
2.811171662125340753e-01 6.969362929155313395e+02
3.008784530386739986e-01 6.482722099447513529e+02
3.206315289648623001e-01 5.694967739791072745e+02
3.399619047619047429e-01 4.741046076190476128e+02
3.619689737470166979e-01 4.031252816229117570e+02
3.799070887818307152e-01 3.753035141087405577e+02
4.013341804320203487e-01 3.477380374841169441e+02
4.195595854922279933e-01 3.357559844559585827e+02
4.407771883289124948e-01 3.205370169761273473e+02
4.600780487804878027e-01 3.024768512195122412e+02
4.807973648341663520e-01 2.710850486142662703e+02
5.009150981177412643e-01 2.538056211453744311e+02
5.204555984555984116e-01 2.507074555984556241e+02
5.419053527118044000e-01 2.240664423963133629e+02
5.606541598694942952e-01 2.093866398042414403e+02
5.706576338400528581e-01 2.150472881692002716e+02
