2.166666666666666741e-02 3.225727899999999863e+04
4.454545454545454780e-02 1.540690045454545361e+04
6.211111111111110999e-02 9.263206000000000131e+03
8.302469135802469091e-02 6.678805185185185110e+03
1.001960784313725428e-01 4.779422941176470886e+03
1.238590604026845732e-01 3.597351140939597826e+03
1.404228855721393054e-01 2.924188059701491966e+03
1.630075187969924899e-01 2.565889248120301090e+03
1.808858858858858887e-01 2.190270210210210280e+03
2.036394557823129059e-01 1.743056621315192615e+03
2.190557939914163088e-01 1.490417489270386341e+03
2.426502732240437277e-01 1.047796808743169322e+03
2.596589259796807103e-01 1.060267529753265535e+03
2.811171662125340753e-01 1.079187997275204452e+03
3.008784530386739986e-01 9.881448596685082748e+02
3.206315289648623001e-01 9.736921044634378859e+02
3.399619047619047429e-01 8.435774647619047073e+02
3.619689737470166979e-01 7.144270167064439647e+02
3.799070887818307152e-01 6.293403558155540622e+02
4.013341804320203487e-01 5.308268964421855571e+02
4.195595854922279933e-01 5.293720587219343088e+02
4.407771883289124948e-01 5.302523045092838174e+02
4.600780487804878027e-01 5.138028746341462920e+02
4.807973648341663520e-01 4.513522830531576346e+02
5.009150981177412643e-01 4.016268542250700193e+02
5.204555984555984116e-01 3.824645343629343301e+02
5.419053527118044000e-01 3.918025129386742265e+02
5.606541598694942952e-01 3.743005993474714046e+02
5.706576338400528581e-01 3.356681989424983499e+02
