2.166666666666666741e-02 8.315170000000000073e+03
4.454545454545454780e-02 5.868382727272727607e+03
6.211111111111110999e-02 4.906628888888888469e+03
8.302469135802469091e-02 3.760133333333333212e+03
1.001960784313725428e-01 2.748103137254901412e+03
1.238590604026845732e-01 2.138800268456375761e+03
1.404228855721393054e-01 1.833332736318407797e+03
1.630075187969924899e-01 1.568946428571428669e+03
1.808858858858858887e-01 1.394943273273273235e+03
2.036394557823129059e-01 1.102864907029478445e+03
2.190557939914163088e-01 8.532967403433475511e+02
2.426502732240437277e-01 6.313553825136611977e+02
2.596589259796807103e-01 6.269186821480406024e+02
2.811171662125340753e-01 6.030697874659400668e+02
3.008784530386739986e-01 5.689834165745857035e+02
3.206315289648623001e-01 5.222669734093067291e+02
3.399619047619047429e-01 4.285044104761904578e+02
3.619689737470166979e-01 3.607143102625297502e+02
3.799070887818307152e-01 3.380078038540949024e+02
4.013341804320203487e-01 2.986346715374841665e+02
4.195595854922279933e-01 2.812736614853195078e+02
4.407771883289124948e-01 2.795050472148540734e+02
4.600780487804878027e-01 2.630263858536585531e+02
4.807973648341663520e-01 2.254471899136756008e+02
5.009150981177412643e-01 2.174129591509811803e+02
5.204555984555984116e-01 2.182511671814671672e+02
5.419053527118044000e-01 1.978185962424672084e+02
5.606541598694942952e-01 1.755794274061990450e+02
5.706576338400528581e-01 1.631148770654329212e+02
