-2.375000000000000000e+01 5.080681848019998448e+00 1.422011431443039875e+00 1.209372637944066552e-05 1.209372637944066552e-05
-2.325000000000000000e+01 4.586632067048401318e+00 1.410314438468232456e+00 6.673145448655652516e-05 6.673145448655652516e-05
-2.275000000000000000e+01 4.519207803357083719e+00 1.381723667089595597e+00 1.790303422956484214e-04 1.790303422956484214e-04
-2.225000000000000000e+01 4.150755546962295206e+00 1.175282895632942415e+00 3.541734153979051998e-04 3.541734153979051998e-04
-2.175000000000000000e+01 3.809705092685979455e+00 1.123773047197237140e+00 5.863297700032393551e-04 5.863297700032393551e-04
-2.125000000000000000e+01 3.425375114114821873e+00 9.156169950240845568e-01 1.028182701652089392e-03 1.028182701652089392e-03
-2.075000000000000000e+01 3.104343116357896726e+00 7.272535435185315533e-01 1.982507288629737404e-03 1.982507288629737404e-03
-2.025000000000000000e+01 2.878087910794765669e+00 6.490511393451168232e-01 4.431486880466472406e-03 4.431486880466472406e-03
-1.975000000000000000e+01 2.723171048436617614e+00 5.997711502800727734e-01 8.413778209696576305e-03 8.413778209696576305e-03
-1.925000000000000000e+01 2.597945206514753025e+00 6.283949236943845440e-01 1.152791275240254779e-02 1.152791275240254779e-02
-1.875000000000000000e+01 2.469726098993574759e+00 5.711511647024183347e-01 1.363762012741604607e-02 1.363762012741604607e-02
-1.825000000000000000e+01 2.361944341481736043e+00 5.050253982414564247e-01 1.579613432674657064e-02 1.579613432674657064e-02
-1.775000000000000000e+01 2.283535156803323307e+00 4.900809973349443682e-01 1.870057229240902619e-02 1.870057229240902619e-02
