2.166666666666666741e-02 5.995253683333333356e+03
4.454545454545454780e-02 4.664363181818182056e+03
6.211111111111110999e-02 4.058567777777778247e+03
8.302469135802469091e-02 2.878982839506172695e+03
1.001960784313725428e-01 2.236737254901960569e+03
1.238590604026845732e-01 1.767178724832214812e+03
1.404228855721393054e-01 1.365088895522388157e+03
1.630075187969924899e-01 1.171354962406014920e+03
1.808858858858858887e-01 1.017481657657657593e+03
2.036394557823129059e-01 7.759306145124716068e+02
2.190557939914163088e-01 6.804734871244635315e+02
2.426502732240437277e-01 5.403708123861566719e+02
2.596589259796807103e-01 4.756169129172714065e+02
2.811171662125340753e-01 4.515488038147139491e+02
3.008784530386739986e-01 4.024330928176794941e+02
3.206315289648623001e-01 3.709432003798670507e+02
3.399619047619047429e-01 3.196825666666666166e+02
3.619689737470166979e-01 2.639025178997613352e+02
3.799070887818307152e-01 2.543166799724707516e+02
4.013341804320203487e-01 2.302994116899618575e+02
4.195595854922279933e-01 2.137439412780656482e+02
4.407771883289124948e-01 1.992638122015915201e+02
4.600780487804878027e-01 1.867408795121951357e+02
4.807973648341663520e-01 1.700485002271694555e+02
5.009150981177412643e-01 1.558521081297557203e+02
5.204555984555984116e-01 1.455297733590733742e+02
5.419053527118044000e-01 1.288838521800780086e+02
5.606541598694942952e-01 1.218150939641109431e+02
5.706576338400528581e-01 1.222195710508922701e+02
