2.166666666666666741e-02 1.053388016666666808e+05
4.454545454545454780e-02 4.395900409090908943e+04
6.211111111111110999e-02 1.656372200000000157e+04
8.302469135802469091e-02 8.911691481481480878e+03
1.001960784313725428e-01 6.317589313725489774e+03
1.238590604026845732e-01 5.914457046979865481e+03
1.404228855721393054e-01 4.263650099502488047e+03
1.630075187969924899e-01 3.594266842105263095e+03
1.808858858858858887e-01 3.353047057057056918e+03
2.036394557823129059e-01 2.163596612244897642e+03
2.190557939914163088e-01 1.710543317596566567e+03
2.426502732240437277e-01 1.892000582877960142e+03
2.596589259796807103e-01 1.401908203193033387e+03
2.811171662125340753e-01 1.198258967302452220e+03
3.008784530386739986e-01 1.485113779005524975e+03
3.206315289648623001e-01 1.310684219373219321e+03
3.399619047619047429e-01 1.019080945714285917e+03
3.619689737470166979e-01 8.312953078758949914e+02
3.799070887818307152e-01 9.998590584996558164e+02
4.013341804320203487e-01 8.100661067344346975e+02
4.195595854922279933e-01 5.905271502590672981e+02
4.407771883289124948e-01 6.082948923076922938e+02
4.600780487804878027e-01 6.987909868292682631e+02
4.807973648341663520e-01 5.861135061335755836e+02
5.009150981177412643e-01 5.732193624349220045e+02
5.204555984555984116e-01 5.362179347490347254e+02
5.419053527118044000e-01 3.901073261254874183e+02
5.606541598694942952e-01 4.689368026101142277e+02
5.706576338400528581e-01 4.902320713813616067e+02
