2.166666666666666741e-02 7.029469999999998436e+03
4.454545454545454780e-02 5.212194090909090846e+03
6.211111111111110999e-02 4.581527999999999338e+03
8.302469135802469091e-02 3.359632592592592573e+03
1.001960784313725428e-01 2.588191176470588289e+03
1.238590604026845732e-01 1.998553691275167694e+03
1.404228855721393054e-01 1.560204228855721567e+03
1.630075187969924899e-01 1.367805225563909971e+03
1.808858858858858887e-01 1.196745585585585559e+03
2.036394557823129059e-01 9.154477278911566600e+02
2.190557939914163088e-01 7.739534871244635497e+02
2.426502732240437277e-01 5.972989307832423265e+02
2.596589259796807103e-01 5.496562568940494202e+02
2.811171662125340753e-01 5.286404468664850356e+02
3.008784530386739986e-01 4.838627966850828557e+02
3.206315289648623001e-01 4.404168347578347493e+02
3.399619047619047429e-01 3.619393771428570972e+02
3.619689737470166979e-01 3.077154009546539442e+02
3.799070887818307152e-01 2.952142952512044189e+02
4.013341804320203487e-01 2.734820438373570255e+02
4.195595854922279933e-01 2.590734127806562697e+02
4.407771883289124948e-01 2.449041034482758619e+02
4.600780487804878027e-01 2.246224092682926710e+02
4.807973648341663520e-01 1.960595038618809554e+02
5.009150981177412643e-01 1.861927116539847873e+02
5.204555984555984116e-01 1.773239984555984279e+02
5.419053527118044000e-01 1.573807100319035897e+02
5.606541598694942952e-01 1.447692838499184234e+02
5.706576338400528581e-01 1.421213291473893037e+02
