2.166666666666666741e-02 1.969980050000000119e+04
4.454545454545454780e-02 1.141056136363636324e+04
6.211111111111110999e-02 7.318923333333333176e+03
8.302469135802469091e-02 4.632755555555555475e+03
1.001960784313725428e-01 3.425394215686274038e+03
1.238590604026845732e-01 3.037318724832214684e+03
1.404228855721393054e-01 2.474759253731343506e+03
1.630075187969924899e-01 2.045981165413533745e+03
1.808858858858858887e-01 1.724669489489489706e+03
2.036394557823129059e-01 1.409239931972789236e+03
2.190557939914163088e-01 1.216359800429184588e+03
2.426502732240437277e-01 8.998703187613841692e+02
2.596589259796807103e-01 8.835105747460086150e+02
2.811171662125340753e-01 8.470729277929154932e+02
3.008784530386739986e-01 7.980502265193370022e+02
3.206315289648623001e-01 7.389486894586893868e+02
3.399619047619047429e-01 5.989863800000000538e+02
3.619689737470166979e-01 5.159056396181383661e+02
3.799070887818307152e-01 4.974949346180317207e+02
4.013341804320203487e-01 4.349511168996187962e+02
4.195595854922279933e-01 3.874327656879677306e+02
4.407771883289124948e-01 3.682902021220158986e+02
4.600780487804878027e-01 3.506771239024390638e+02
4.807973648341663520e-01 3.142520113584734531e+02
5.009150981177412643e-01 3.122574425310372703e+02
5.204555984555984116e-01 2.950130656370656652e+02
5.419053527118044000e-01 2.495086246012052698e+02
5.606541598694942952e-01 2.494162414355628243e+02
5.706576338400528581e-01 2.591271513549239671e+02
