2.166666666666666741e-02 3.946355783333332965e+03
4.454545454545454780e-02 3.806231363636363312e+03
6.211111111111110999e-02 3.010963999999999942e+03
8.302469135802469091e-02 2.075633703703703759e+03
1.001960784313725428e-01 1.658876862745098151e+03
1.238590604026845732e-01 1.239973892617449565e+03
1.404228855721393054e-01 1.007404208955223794e+03
1.630075187969924899e-01 8.760750977443608463e+02
1.808858858858858887e-01 7.385871891891891892e+02
2.036394557823129059e-01 5.660567641723356473e+02
2.190557939914163088e-01 4.774662639484978968e+02
2.426502732240437277e-01 3.465920910746812638e+02
2.596589259796807103e-01 3.266859172714078454e+02
2.811171662125340753e-01 3.374087316076294769e+02
3.008784530386739986e-01 2.946405834254143770e+02
3.206315289648623001e-01 2.552166866096865760e+02
3.399619047619047429e-01 2.199603342857142820e+02
3.619689737470166979e-01 1.801665011933174014e+02
3.799070887818307152e-01 1.706764514796971923e+02
4.013341804320203487e-01 1.627277249047013754e+02
4.195595854922279933e-01 1.468299844559585665e+02
4.407771883289124948e-01 1.328513490716180456e+02
4.600780487804878027e-01 1.265651263414634258e+02
4.807973648341663520e-01 1.169680617900954047e+02
5.009150981177412643e-01 1.074899497797356815e+02
5.204555984555984116e-01 9.987194471042471378e+01
5.419053527118044000e-01 8.902051137894363819e+01
5.606541598694942952e-01 8.369857650897226620e+01
5.706576338400528581e-01 8.432295479180434938e+01
