2.166666666666666741e-02 1.343047416666666686e+04
4.454545454545454780e-02 8.264629999999999200e+03
6.211111111111110999e-02 6.460383111111111248e+03
8.302469135802469091e-02 4.529604197530864440e+03
1.001960784313725428e-01 3.307177156862745051e+03
1.238590604026845732e-01 2.805537248322147661e+03
1.404228855721393054e-01 2.225038955223880748e+03
1.630075187969924899e-01 1.800075563909774246e+03
1.808858858858858887e-01 1.587387357357357359e+03
2.036394557823129059e-01 1.273129478458049789e+03
2.190557939914163088e-01 1.081307656652360492e+03
2.426502732240437277e-01 8.003948488160291390e+02
2.596589259796807103e-01 7.629804136429607979e+02
2.811171662125340753e-01 7.776584700272478585e+02
3.008784530386739986e-01 7.355485878453039277e+02
3.206315289648623001e-01 6.662007996201330116e+02
3.399619047619047429e-01 5.391258590476190875e+02
3.619689737470166979e-01 4.484096945107398824e+02
3.799070887818307152e-01 4.228571066758431130e+02
4.013341804320203487e-01 3.855985514612452221e+02
4.195595854922279933e-01 3.635252320092112654e+02
4.407771883289124948e-01 3.372745241379310528e+02
4.600780487804878027e-01 3.093543395121951676e+02
4.807973648341663520e-01 2.852326751476601885e+02
5.009150981177412643e-01 2.848790764917901015e+02
5.204555984555984116e-01 2.661982416988416844e+02
5.419053527118044000e-01 2.444994016306274034e+02
5.606541598694942952e-01 2.369782329526916840e+02
5.706576338400528581e-01 2.257732452081956183e+02
