2.166666666666666741e-02 5.656771133333332727e+03
4.454545454545454780e-02 4.681252727272727498e+03
6.211111111111110999e-02 4.012885333333334074e+03
8.302469135802469091e-02 2.776219753086420042e+03
1.001960784313725428e-01 2.172530686274509662e+03
1.238590604026845732e-01 1.718852684563758203e+03
1.404228855721393054e-01 1.364132059701492608e+03
1.630075187969924899e-01 1.194059827067669175e+03
1.808858858858858887e-01 1.018635129129129155e+03
2.036394557823129059e-01 7.683137414965985954e+02
2.190557939914163088e-01 6.572228733905578792e+02
2.426502732240437277e-01 5.106998888888888928e+02
2.596589259796807103e-01 4.616422931785195374e+02
2.811171662125340753e-01 4.448630585831062376e+02
3.008784530386739986e-01 4.011609734806629604e+02
3.206315289648623001e-01 3.748756153846153438e+02
3.399619047619047429e-01 3.195764885714285697e+02
3.619689737470166979e-01 2.593956420047732649e+02
3.799070887818307152e-01 2.474996806607020119e+02
4.013341804320203487e-01 2.212256861499364788e+02
4.195595854922279933e-01 2.061276902705814393e+02
4.407771883289124948e-01 1.900098525198938830e+02
4.600780487804878027e-01 1.762138360975609999e+02
4.807973648341663520e-01 1.628001744661517591e+02
5.009150981177412643e-01 1.528512258710452443e+02
5.204555984555984116e-01 1.470849366795366961e+02
5.419053527118044000e-01 1.321078706132577167e+02
5.606541598694942952e-01 1.237937520391516983e+02
5.706576338400528581e-01 1.238808711169861425e+02
