2.166666666666666741e-02 3.078701399999999921e+03
4.454545454545454780e-02 3.315238636363636488e+03
6.211111111111110999e-02 2.735373111111111029e+03
8.302469135802469091e-02 1.854325802469135624e+03
1.001960784313725428e-01 1.521510784313725253e+03
1.238590604026845732e-01 1.130017919463087082e+03
1.404228855721393054e-01 8.764825273631839764e+02
1.630075187969924899e-01 7.938658270676692155e+02
1.808858858858858887e-01 6.737050030030029575e+02
2.036394557823129059e-01 5.076397619047618832e+02
2.190557939914163088e-01 4.412048454935621749e+02
2.426502732240437277e-01 3.254182276867030623e+02
2.596589259796807103e-01 3.011102220609578808e+02
2.811171662125340753e-01 3.119550749318801195e+02
3.008784530386739986e-01 2.786220972375691076e+02
3.206315289648623001e-01 2.391870237416904104e+02
3.399619047619047429e-01 2.042827180952380957e+02
3.619689737470166979e-01 1.701032696897374592e+02
3.799070887818307152e-01 1.586442429456297134e+02
4.013341804320203487e-01 1.453037585768742019e+02
4.195595854922279933e-01 1.318022446747265519e+02
4.407771883289124948e-01 1.250050355437665957e+02
4.600780487804878027e-01 1.210286643902438897e+02
4.807973648341663520e-01 1.058680754202635086e+02
5.009150981177412643e-01 9.793715058069683721e+01
5.204555984555984116e-01 9.570026123552123920e+01
5.419053527118044000e-01 8.532853995037220329e+01
5.606541598694942952e-01 7.801355197389885632e+01
5.706576338400528581e-01 7.558372055518836419e+01
