2.166666666666666741e-02 6.473240633333333790e+03
4.454545454545454780e-02 4.811113636363636033e+03
6.211111111111110999e-02 4.061366222222222405e+03
8.302469135802469091e-02 2.934343703703703795e+03
1.001960784313725428e-01 2.288060490196078263e+03
1.238590604026845732e-01 1.782616711409395975e+03
1.404228855721393054e-01 1.383119641791044842e+03
1.630075187969924899e-01 1.168213218045112626e+03
1.808858858858858887e-01 1.011492108108108027e+03
2.036394557823129059e-01 7.849010975056688721e+02
2.190557939914163088e-01 6.897329442060085967e+02
2.426502732240437277e-01 5.485284808743169833e+02
2.596589259796807103e-01 4.838294281567489747e+02
2.811171662125340753e-01 4.565394618528610522e+02
3.008784530386739986e-01 4.020516209944751154e+02
3.206315289648623001e-01 3.669762212725545965e+02
3.399619047619047429e-01 3.235085276190476407e+02
3.619689737470166979e-01 2.662440357995226918e+02
3.799070887818307152e-01 2.556306827253957294e+02
4.013341804320203487e-01 2.352172560355781457e+02
4.195595854922279933e-01 2.118585025906735950e+02
4.407771883289124948e-01 2.018142832891246599e+02
4.600780487804878027e-01 1.961923614634146134e+02
4.807973648341663520e-01 1.746706228986824101e+02
5.009150981177412643e-01 1.582386463756508022e+02
5.204555984555984116e-01 1.501890664092664167e+02
5.419053527118044000e-01 1.328413052109181365e+02
5.606541598694942952e-01 1.246863722675366972e+02
5.706576338400528581e-01 1.255180112359550719e+02
