2.166666666666666741e-02 5.851088516666666692e+03
4.454545454545454780e-02 4.607802272727272793e+03
6.211111111111110999e-02 3.969945555555555075e+03
8.302469135802469091e-02 2.774461975308642195e+03
1.001960784313725428e-01 2.174683921568627738e+03
1.238590604026845732e-01 1.738997449664429496e+03
1.404228855721393054e-01 1.368573691542288771e+03
1.630075187969924899e-01 1.186924112781955046e+03
1.808858858858858887e-01 1.009886072072072011e+03
2.036394557823129059e-01 7.683956439909296705e+02
2.190557939914163088e-01 6.803161330472102009e+02
2.426502732240437277e-01 5.355791457194899294e+02
2.596589259796807103e-01 4.723529201741654902e+02
2.811171662125340753e-01 4.527549237057220921e+02
3.008784530386739986e-01 4.054462674033148915e+02
3.206315289648623001e-01 3.762868328584995652e+02
3.399619047619047429e-01 3.228988238095238330e+02
3.619689737470166979e-01 2.607508782816229314e+02
3.799070887818307152e-01 2.498527226428079473e+02
4.013341804320203487e-01 2.239625247776366166e+02
4.195595854922279933e-01 2.106670074841681526e+02
4.407771883289124948e-01 1.974165570291777385e+02
4.600780487804878027e-01 1.827367351219511988e+02
4.807973648341663520e-01 1.674681203998182752e+02
5.009150981177412643e-01 1.556509211053263755e+02
5.204555984555984116e-01 1.462083389961389912e+02
5.419053527118044000e-01 1.283735526409074907e+02
5.606541598694942952e-01 1.227904137030995173e+02
5.706576338400528581e-01 1.246346080634501021e+02
