-2.175000000000000000e+01 3.534312970504858153e+00 7.763977158889096009e-01 9.480617643882950261e-05 9.480617643882950261e-05
-2.125000000000000000e+01 3.456026042214723759e+00 8.884537165319811303e-01 2.418745275888132900e-04 2.418745275888132900e-04
-2.075000000000000000e+01 3.349200318878119198e+00 9.489611634772971982e-01 4.453082820429759420e-04 4.453082820429759420e-04
-2.025000000000000000e+01 3.172918900781311891e+00 9.608398786972675021e-01 8.059604794298672135e-04 8.059604794298672135e-04
-1.975000000000000000e+01 3.038051727141950487e+00 9.231554487850622825e-01 1.559442824748947165e-03 1.559442824748947165e-03
-1.925000000000000000e+01 2.795944702857364739e+00 6.819004454153191341e-01 3.934564301911240569e-03 3.934564301911240569e-03
-1.875000000000000000e+01 2.635286547946985358e+00 5.364725820357605368e-01 8.499298131951193644e-03 8.499298131951193644e-03
-1.825000000000000000e+01 2.538082614803538917e+00 5.396345211700893651e-01 1.366699060576611648e-02 1.366699060576611648e-02
-1.775000000000000000e+01 2.441333868816538910e+00 5.345057599808505922e-01 1.856905301803260869e-02 1.856905301803260869e-02
-1.725000000000000000e+01 2.349848013834641591e+00 5.241711230015564382e-01 2.255479969765683892e-02 2.255479969765683892e-02
-1.675000000000000000e+01 2.253700300083045338e+00 4.651216231103497134e-01 2.812417665478890091e-02 2.812417665478890091e-02
-1.625000000000000000e+01 2.174425413050750766e+00 4.354042178957500675e-01 3.630644638807904029e-02 3.630644638807904029e-02
-1.575000000000000000e+01 2.116360818200731853e+00 3.903592181707489783e-01 4.152467336140805432e-02 4.152467336140805432e-02
-1.525000000000000000e+01 2.065373886452633645e+00 3.746147636009898862e-01 4.929748407299427981e-02 4.929748407299427981e-02
-1.475000000000000000e+01 2.011361058061889029e+00 3.135652119523357206e-01 6.754994061116510740e-02 6.754994061116510740e-02
-1.425000000000000000e+01 1.965900356911256752e+00 2.662743575726879142e-01 8.382852823669149911e-02 8.382852823669149911e-02
