2.166666666666666741e-02 1.815201299999999901e+04
4.454545454545454780e-02 1.046696727272727185e+04
6.211111111111110999e-02 7.082171999999999571e+03
8.302469135802469091e-02 4.691922222222222445e+03
1.001960784313725428e-01 3.478470294117646972e+03
1.238590604026845732e-01 2.978877785234898965e+03
1.404228855721393054e-01 2.378844825870646673e+03
1.630075187969924899e-01 1.924660563909774282e+03
1.808858858858858887e-01 1.665380840840841074e+03
2.036394557823129059e-01 1.358189795918367281e+03
2.190557939914163088e-01 1.190429785407725376e+03
2.426502732240437277e-01 8.969083424408014480e+02
2.596589259796807103e-01 8.525738824383164456e+02
2.811171662125340753e-01 8.553119264305177012e+02
3.008784530386739986e-01 7.979786883977900516e+02
3.206315289648623001e-01 6.969708347578348366e+02
3.399619047619047429e-01 5.524985285714285510e+02
3.619689737470166979e-01 4.959975894988066329e+02
3.799070887818307152e-01 4.701699593943565674e+02
4.013341804320203487e-01 4.133182071156289794e+02
4.195595854922279933e-01 3.843149700633275643e+02
4.407771883289124948e-01 3.688494148541113873e+02
4.600780487804878027e-01 3.390329819512194831e+02
4.807973648341663520e-01 2.924977055883688877e+02
5.009150981177412643e-01 2.994279235082098012e+02
5.204555984555984116e-01 2.853771814671814582e+02
5.419053527118044000e-01 2.544693722084367096e+02
5.606541598694942952e-01 2.532939197389885635e+02
5.706576338400528581e-01 2.489777316589556904e+02
