2.166666666666666741e-02 8.670995499999999083e+03
4.454545454545454780e-02 5.803983181818181947e+03
6.211111111111110999e-02 4.740304666666666890e+03
8.302469135802469091e-02 3.740553333333333285e+03
1.001960784313725428e-01 2.789344313725490338e+03
1.238590604026845732e-01 2.128348053691275254e+03
1.404228855721393054e-01 1.795990497512437969e+03
1.630075187969924899e-01 1.568532744360902143e+03
1.808858858858858887e-01 1.403688828828828946e+03
2.036394557823129059e-01 1.094424231292517106e+03
2.190557939914163088e-01 8.607480300429184581e+02
2.426502732240437277e-01 6.343790018214936026e+02
2.596589259796807103e-01 6.281688316400579879e+02
2.811171662125340753e-01 6.083452765667575477e+02
3.008784530386739986e-01 5.649566983425413582e+02
3.206315289648623001e-01 5.238676087369419747e+02
3.399619047619047429e-01 4.330694990476190469e+02
3.619689737470166979e-01 3.527973603818616084e+02
3.799070887818307152e-01 3.312007426015140936e+02
4.013341804320203487e-01 2.926431321473951357e+02
4.195595854922279933e-01 2.783944910765688405e+02
4.407771883289124948e-01 2.736893225464191346e+02
4.600780487804878027e-01 2.569927643902439058e+02
4.807973648341663520e-01 2.268288241708314388e+02
5.009150981177412643e-01 2.152007649179014948e+02
5.204555984555984116e-01 2.143046984555984409e+02
5.419053527118044000e-01 1.960596465792272340e+02
5.606541598694942952e-01 1.750523141924959134e+02
5.706576338400528581e-01 1.615930330469266210e+02
