2.166666666666666741e-02 6.275266516666666575e+03
4.454545454545454780e-02 4.933913636363636215e+03
6.211111111111110999e-02 4.161995111111111328e+03
8.302469135802469091e-02 3.046691851851851425e+03
1.001960784313725428e-01 2.373635588235294108e+03
1.238590604026845732e-01 1.871304362416107324e+03
1.404228855721393054e-01 1.482509850746268512e+03
1.630075187969924899e-01 1.228137285714285554e+03
1.808858858858858887e-01 1.065443297297297249e+03
2.036394557823129059e-01 8.054273968253967269e+02
2.190557939914163088e-01 6.692700150214592441e+02
2.426502732240437277e-01 5.459755136612022852e+02
2.596589259796807103e-01 5.068495515239477527e+02
2.811171662125340753e-01 4.765173065395094909e+02
3.008784530386739986e-01 4.205318519337016596e+02
3.206315289648623001e-01 3.926425204178536887e+02
3.399619047619047429e-01 3.556865733333333424e+02
3.619689737470166979e-01 2.866035990453460727e+02
3.799070887818307152e-01 2.667376737783895351e+02
4.013341804320203487e-01 2.459357909783989840e+02
4.195595854922279933e-01 2.166181617731721474e+02
4.407771883289124948e-01 2.120217819628647362e+02
4.600780487804878027e-01 2.121050029268292576e+02
4.807973648341663520e-01 1.830480549750113539e+02
5.009150981177412643e-01 1.680294405286343533e+02
5.204555984555984116e-01 1.598116617760617828e+02
5.419053527118044000e-01 1.465745037220843585e+02
5.606541598694942952e-01 1.375410270799347359e+02
5.706576338400528581e-01 1.306078836748182539e+02
