2.166666666666666741e-02 5.719783166666666511e+04
4.454545454545454780e-02 2.967041045454545019e+04
6.211111111111110999e-02 1.544654955555555534e+04
8.302469135802469091e-02 8.360539999999999054e+03
1.001960784313725428e-01 6.386281078431373317e+03
1.238590604026845732e-01 5.445026912751677628e+03
1.404228855721393054e-01 3.839932487562188726e+03
1.630075187969924899e-01 3.247409022556390937e+03
1.808858858858858887e-01 2.906974804804804990e+03
2.036394557823129059e-01 2.138328163265306102e+03
2.190557939914163088e-01 1.528171845493562159e+03
2.426502732240437277e-01 1.344052094717668524e+03
2.596589259796807103e-01 1.319048722786647431e+03
2.811171662125340753e-01 1.233135504087193340e+03
3.008784530386739986e-01 1.313514176795580170e+03
3.206315289648623001e-01 1.189552009496676192e+03
3.399619047619047429e-01 9.318440838095237950e+02
3.619689737470166979e-01 7.672490262529832989e+02
3.799070887818307152e-01 7.649612278045422045e+02
4.013341804320203487e-01 6.731783297331639915e+02
4.195595854922279933e-01 6.603697058146228756e+02
4.407771883289124948e-01 7.023511310344828189e+02
4.600780487804878027e-01 5.693010526829267519e+02
4.807973648341663520e-01 4.599056537937301528e+02
5.009150981177412643e-01 5.075590800961153377e+02
5.204555984555984116e-01 4.849071250965250783e+02
5.419053527118044000e-01 4.300592325416519088e+02
5.606541598694942952e-01 4.154838639477977154e+02
5.706576338400528581e-01 4.014902438863186376e+02
