2.166666666666666741e-02 6.926426666666666279e+03
4.454545454545454780e-02 5.276830909090909699e+03
6.211111111111110999e-02 4.623586666666667043e+03
8.302469135802469091e-02 3.315704444444444562e+03
1.001960784313725428e-01 2.500659117647058792e+03
1.238590604026845732e-01 1.948700469798657650e+03
1.404228855721393054e-01 1.533013482587064573e+03
1.630075187969924899e-01 1.322712842105263235e+03
1.808858858858858887e-01 1.175108966966967273e+03
2.036394557823129059e-01 9.170147210884352944e+02
2.190557939914163088e-01 7.700090386266094811e+02
2.426502732240437277e-01 5.887760218579234106e+02
2.596589259796807103e-01 5.355842307692307713e+02
2.811171662125340753e-01 5.218668801089918361e+02
3.008784530386739986e-01 4.810790751381214818e+02
3.206315289648623001e-01 4.341166438746438985e+02
3.399619047619047429e-01 3.611678514285713959e+02
3.619689737470166979e-01 3.062448257756562953e+02
3.799070887818307152e-01 2.915394315209910587e+02
4.013341804320203487e-01 2.714508939008894117e+02
4.195595854922279933e-01 2.533873465745538169e+02
4.407771883289124948e-01 2.347213702917771627e+02
4.600780487804878027e-01 2.167288195121951162e+02
4.807973648341663520e-01 1.953937323943661966e+02
5.009150981177412643e-01 1.855605682819383162e+02
5.204555984555984116e-01 1.748323119691119416e+02
5.419053527118044000e-01 1.553775317263381623e+02
5.606541598694942952e-01 1.400962212071778197e+02
5.706576338400528581e-01 1.356356814276272473e+02
