2.166666666666666741e-02 4.843782066666666651e+03
4.454545454545454780e-02 4.058667272727272575e+03
6.211111111111110999e-02 3.351591777777777679e+03
8.302469135802469091e-02 2.328641111111111059e+03
1.001960784313725428e-01 1.804711372549019643e+03
1.238590604026845732e-01 1.352642885906040192e+03
1.404228855721393054e-01 1.095028009950248588e+03
1.630075187969924899e-01 9.709954812030074436e+02
1.808858858858858887e-01 7.940195555555554847e+02
2.036394557823129059e-01 6.115163424036280730e+02
2.190557939914163088e-01 5.350953948497855208e+02
2.426502732240437277e-01 3.946818196721311551e+02
2.596589259796807103e-01 3.692718258345428239e+02
2.811171662125340753e-01 3.772161893732970270e+02
3.008784530386739986e-01 3.350757867403314663e+02
3.206315289648623001e-01 2.995855118708452665e+02
3.399619047619047429e-01 2.566429247619047942e+02
3.619689737470166979e-01 2.140793723150358119e+02
3.799070887818307152e-01 2.030874019270474946e+02
4.013341804320203487e-01 1.795975864040660781e+02
4.195595854922279933e-01 1.600629418537708659e+02
4.407771883289124948e-01 1.515387904509283885e+02
4.600780487804878027e-01 1.463083863414634038e+02
4.807973648341663520e-01 1.311340517946387649e+02
5.009150981177412643e-01 1.244982394873848648e+02
5.204555984555984116e-01 1.207730779922779902e+02
5.419053527118044000e-01 1.063528035448422600e+02
5.606541598694942952e-01 1.013350501794453464e+02
5.706576338400528581e-01 1.037234831460674229e+02
