2.166666666666666741e-02 2.354990166666666919e+05
4.454545454545454780e-02 8.115135818181818468e+04
6.211111111111110999e-02 2.909802400000000125e+04
8.302469135802469091e-02 2.208919506172839465e+04
1.001960784313725428e-01 1.356764411764705983e+04
1.238590604026845732e-01 9.876482281879194488e+03
1.404228855721393054e-01 7.828582587064676773e+03
1.630075187969924899e-01 6.024962819548872176e+03
1.808858858858858887e-01 4.933744054054053777e+03
2.036394557823129059e-01 4.882647346938775627e+03
2.190557939914163088e-01 4.811593991416308199e+03
2.426502732240437277e-01 3.738114826958105823e+03
2.596589259796807103e-01 3.108728447024673187e+03
2.811171662125340753e-01 3.116421825613079363e+03
3.008784530386739986e-01 3.125268729281767719e+03
3.206315289648623001e-01 2.796058309591642683e+03
3.399619047619047429e-01 2.312927304761904907e+03
3.619689737470166979e-01 1.671646133651551281e+03
3.799070887818307152e-01 2.091188768066070224e+03
4.013341804320203487e-01 2.103255088945361877e+03
4.195595854922279933e-01 1.466048721934369496e+03
4.407771883289124948e-01 1.459747071618037126e+03
4.600780487804878027e-01 1.450236464390243782e+03
4.807973648341663520e-01 1.126995253975465857e+03
5.009150981177412643e-01 1.395244394072887417e+03
5.204555984555984116e-01 1.255386458301158427e+03
5.419053527118044000e-01 8.253903605104572989e+02
5.606541598694942952e-01 9.739418401305056250e+02
5.706576338400528581e-01 1.074686054196959731e+03
