2.166666666666666741e-02 8.385865833333333285e+03
4.454545454545454780e-02 5.527322727272727207e+03
6.211111111111110999e-02 4.611210222222222910e+03
8.302469135802469091e-02 3.682377777777777283e+03
1.001960784313725428e-01 2.754357450980392514e+03
1.238590604026845732e-01 2.117951006711409264e+03
1.404228855721393054e-01 1.782216716417910447e+03
1.630075187969924899e-01 1.550022067669172884e+03
1.808858858858858887e-01 1.383842492492492511e+03
2.036394557823129059e-01 1.076045147392290346e+03
2.190557939914163088e-01 8.493304957081545581e+02
2.426502732240437277e-01 6.324392149362477085e+02
2.596589259796807103e-01 6.111312031930333433e+02
2.811171662125340753e-01 6.043842166212534721e+02
3.008784530386739986e-01 5.729964950276242917e+02
3.206315289648623001e-01 5.080632801519467989e+02
3.399619047619047429e-01 4.106048952380952528e+02
3.619689737470166979e-01 3.505388305489260574e+02
3.799070887818307152e-01 3.292158079834824775e+02
4.013341804320203487e-01 2.859298113087674551e+02
4.195595854922279933e-01 2.726272619458837312e+02
4.407771883289124948e-01 2.809100986737400376e+02
4.600780487804878027e-01 2.683473721951219773e+02
4.807973648341663520e-01 2.296575397546569661e+02
5.009150981177412643e-01 2.154814020824989882e+02
5.204555984555984116e-01 2.162913891891891751e+02
5.419053527118044000e-01 1.977038472172988577e+02
5.606541598694942952e-01 1.751808329526917021e+02
5.706576338400528581e-01 1.642975974884335812e+02
