2.166666666666666741e-02 4.777430683333333036e+03
4.454545454545454780e-02 4.514402727272726224e+03
6.211111111111110999e-02 3.839115999999999985e+03
8.302469135802469091e-02 2.736264567901234386e+03
1.001960784313725428e-01 2.107601372549019743e+03
1.238590604026845732e-01 1.566303557046979677e+03
1.404228855721393054e-01 1.252112149253731332e+03
1.630075187969924899e-01 1.090722398496240658e+03
1.808858858858858887e-01 9.256940060060060205e+02
2.036394557823129059e-01 6.954621723356008260e+02
2.190557939914163088e-01 5.949740922746780143e+02
2.426502732240437277e-01 4.650969344262294385e+02
2.596589259796807103e-01 4.307798345428156495e+02
2.811171662125340753e-01 4.055541866485013429e+02
3.008784530386739986e-01 3.631817668508287511e+02
3.206315289648623001e-01 3.285040626780626667e+02
3.399619047619047429e-01 2.764425457142856430e+02
3.619689737470166979e-01 2.312834964200477543e+02
3.799070887818307152e-01 2.236421094287680660e+02
4.013341804320203487e-01 2.088190692503176535e+02
4.195595854922279933e-01 1.923866954519286026e+02
4.407771883289124948e-01 1.787029580901856889e+02
4.600780487804878027e-01 1.711069658536585507e+02
4.807973648341663520e-01 1.501517710131758179e+02
5.009150981177412643e-01 1.357039142971565866e+02
5.204555984555984116e-01 1.322652567567567701e+02
5.419053527118044000e-01 1.223451403757532745e+02
5.606541598694942952e-01 1.158557269168025954e+02
5.706576338400528581e-01 1.131688664904163915e+02
