2.166666666666666741e-02 3.859765799999999672e+03
4.454545454545454780e-02 3.615048181818181547e+03
6.211111111111110999e-02 2.879176888888888698e+03
8.302469135802469091e-02 1.947285679012345554e+03
1.001960784313725428e-01 1.571569019607842847e+03
1.238590604026845732e-01 1.178999006711409265e+03
1.404228855721393054e-01 9.208302686567162709e+02
1.630075187969924899e-01 8.174206165413532972e+02
1.808858858858858887e-01 6.953459579579579213e+02
2.036394557823129059e-01 5.303935873015872176e+02
2.190557939914163088e-01 4.532646137339055485e+02
2.426502732240437277e-01 3.302628888888888810e+02
2.596589259796807103e-01 3.115871770682148281e+02
2.811171662125340753e-01 3.242885953678473925e+02
3.008784530386739986e-01 2.859158806629834544e+02
3.206315289648623001e-01 2.443979810066476546e+02
3.399619047619047429e-01 2.095699809523809733e+02
3.619689737470166979e-01 1.754676133651551311e+02
3.799070887818307152e-01 1.636408575361321311e+02
4.013341804320203487e-01 1.526590743329097961e+02
4.195595854922279933e-01 1.396384899251583249e+02
4.407771883289124948e-01 1.283924196286472181e+02
4.600780487804878027e-01 1.222849219512195162e+02
4.807973648341663520e-01 1.120164847796456087e+02
5.009150981177412643e-01 1.031929484981978220e+02
5.204555984555984116e-01 9.714372428571428486e+01
5.419053527118044000e-01 8.706487624955688887e+01
5.606541598694942952e-01 8.062005947797715066e+01
5.706576338400528581e-01 7.957547647058824225e+01
