2.166666666666666741e-02 3.214900283333333209e+04
4.454545454545454780e-02 1.458374000000000160e+04
6.211111111111110999e-02 8.026465777777779294e+03
8.302469135802469091e-02 5.598844074074074342e+03
1.001960784313725428e-01 3.923229803921568873e+03
1.238590604026845732e-01 3.424630536912751722e+03
1.404228855721393054e-01 2.912445621890547045e+03
1.630075187969924899e-01 2.220240375939849400e+03
1.808858858858858887e-01 1.950440990990990940e+03
2.036394557823129059e-01 1.647347891156462765e+03
2.190557939914163088e-01 1.358780987124463309e+03
2.426502732240437277e-01 1.067880298724954400e+03
2.596589259796807103e-01 1.066834287373004145e+03
2.811171662125340753e-01 9.995158446866485065e+02
3.008784530386739986e-01 8.828036088397790309e+02
3.206315289648623001e-01 8.090407397910730651e+02
3.399619047619047429e-01 6.917815704761904954e+02
3.619689737470166979e-01 6.360123484486873622e+02
3.799070887818307152e-01 5.774518004129387236e+02
4.013341804320203487e-01 4.959236423125793749e+02
4.195595854922279933e-01 4.989709700633276270e+02
4.407771883289124948e-01 5.068592047745358400e+02
4.600780487804878027e-01 4.582649117073170828e+02
4.807973648341663520e-01 4.158394348023625753e+02
5.009150981177412643e-01 4.180602771325591220e+02
5.204555984555984116e-01 3.877383362934363618e+02
5.419053527118044000e-01 3.386648078695498043e+02
5.606541598694942952e-01 3.371871177814029465e+02
5.706576338400528581e-01 3.531345459352280614e+02
