2.166666666666666741e-02 4.659386033333333216e+03
4.454545454545454780e-02 3.873092272727272757e+03
6.211111111111110999e-02 3.251395555555555347e+03
8.302469135802469091e-02 2.277635308641975371e+03
1.001960784313725428e-01 1.766672450980392341e+03
1.238590604026845732e-01 1.332808389261744878e+03
1.404228855721393054e-01 1.084034597014925339e+03
1.630075187969924899e-01 9.742131578947369235e+02
1.808858858858858887e-01 7.968804264264265385e+02
2.036394557823129059e-01 6.021458707482992168e+02
2.190557939914163088e-01 5.256849978540772099e+02
2.426502732240437277e-01 3.887646411657558474e+02
2.596589259796807103e-01 3.616948998548621148e+02
2.811171662125340753e-01 3.744236798365122922e+02
3.008784530386739986e-01 3.330628762430939105e+02
3.206315289648623001e-01 2.959470303893637038e+02
3.399619047619047429e-01 2.523427219047618451e+02
3.619689737470166979e-01 2.093884606205250805e+02
3.799070887818307152e-01 1.969542436338610116e+02
4.013341804320203487e-01 1.774778716645488998e+02
4.195595854922279933e-01 1.614435751295336843e+02
4.407771883289124948e-01 1.499463029177718738e+02
4.600780487804878027e-01 1.435778078048780344e+02
4.807973648341663520e-01 1.270075788278055313e+02
5.009150981177412643e-01 1.215206828193832678e+02
5.204555984555984116e-01 1.192253579150579270e+02
5.419053527118044000e-01 1.039449542715349253e+02
5.606541598694942952e-01 9.789821474714518956e+01
5.706576338400528581e-01 9.949358109715797127e+01
