2.166666666666666741e-02 3.507659299999999803e+03
4.454545454545454780e-02 3.336631818181817835e+03
6.211111111111110999e-02 2.633551555555554842e+03
8.302469135802469091e-02 1.827238271604938063e+03
1.001960784313725428e-01 1.511888627450980493e+03
1.238590604026845732e-01 1.116973637583892696e+03
1.404228855721393054e-01 8.806284776119402977e+02
1.630075187969924899e-01 7.935170601503759826e+02
1.808858858858858887e-01 6.672023243243243087e+02
2.036394557823129059e-01 5.115230362811790883e+02
2.190557939914163088e-01 4.485528025751073073e+02
2.426502732240437277e-01 3.290502568306011426e+02
2.596589259796807103e-01 3.028327198838896948e+02
2.811171662125340753e-01 3.102789386920980519e+02
3.008784530386739986e-01 2.728494552486187672e+02
3.206315289648623001e-01 2.347384795821462546e+02
3.399619047619047429e-01 2.021902752380952393e+02
3.619689737470166979e-01 1.658315751789976105e+02
3.799070887818307152e-01 1.547346772195457447e+02
4.013341804320203487e-01 1.419908627700127113e+02
4.195595854922279933e-01 1.291952423719055787e+02
4.407771883289124948e-01 1.224629527851459017e+02
4.600780487804878027e-01 1.166479981463414788e+02
4.807973648341663520e-01 1.006632584279872873e+02
5.009150981177412643e-01 9.394216035242291696e+01
5.204555984555984116e-01 9.136136915057915076e+01
5.419053527118044000e-01 8.129475083303793781e+01
5.606541598694942952e-01 7.493635161500816366e+01
5.706576338400528581e-01 7.175436278916059507e+01
