2.166666666666666741e-02 8.489846499999999651e+03
4.454545454545454780e-02 5.601040454545454850e+03
6.211111111111110999e-02 4.619300666666666984e+03
8.302469135802469091e-02 3.745981111111111659e+03
1.001960784313725428e-01 2.843415882352941480e+03
1.238590604026845732e-01 2.125964496644295195e+03
1.404228855721393054e-01 1.763347910447761251e+03
1.630075187969924899e-01 1.559677030075187758e+03
1.808858858858858887e-01 1.374881321321321366e+03
2.036394557823129059e-01 1.065054961451247209e+03
2.190557939914163088e-01 8.495236566523606143e+02
2.426502732240437277e-01 6.192320765027322977e+02
2.596589259796807103e-01 6.195868751814223288e+02
2.811171662125340753e-01 6.043878038147138341e+02
3.008784530386739986e-01 5.520021823204419888e+02
3.206315289648623001e-01 5.068373618233617890e+02
3.399619047619047429e-01 4.216404114285714400e+02
3.619689737470166979e-01 3.497610835322195726e+02
3.799070887818307152e-01 3.251287357192016430e+02
4.013341804320203487e-01 2.799226353240152321e+02
4.195595854922279933e-01 2.714917645365572412e+02
4.407771883289124948e-01 2.698264297082228040e+02
4.600780487804878027e-01 2.520665351219512047e+02
4.807973648341663520e-01 2.268880295320308846e+02
5.009150981177412643e-01 2.154894537444933746e+02
5.204555984555984116e-01 2.113915969111969275e+02
5.419053527118044000e-01 1.902406898263027415e+02
5.606541598694942952e-01 1.723177836867862993e+02
5.706576338400528581e-01 1.635061328486450520e+02
