2.166666666666666741e-02 6.942943950000000768e+03
4.454545454545454780e-02 5.367447272727273230e+03
6.211111111111110999e-02 4.315614888888888345e+03
8.302469135802469091e-02 3.045005308641975262e+03
1.001960784313725428e-01 2.333049705882353010e+03
1.238590604026845732e-01 1.840499865771811983e+03
1.404228855721393054e-01 1.465790597014925197e+03
1.630075187969924899e-01 1.222654383458646635e+03
1.808858858858858887e-01 1.051969957957958059e+03
2.036394557823129059e-01 7.944981065759637886e+02
2.190557939914163088e-01 6.825606373390559156e+02
2.426502732240437277e-01 5.566999635701274656e+02
2.596589259796807103e-01 5.040494963715530048e+02
2.811171662125340753e-01 4.798767602179835876e+02
3.008784530386739986e-01 4.289311635359115940e+02
3.206315289648623001e-01 3.902945754985755116e+02
3.399619047619047429e-01 3.551649885714285801e+02
3.619689737470166979e-01 2.877074606205250689e+02
3.799070887818307152e-01 2.628684081211287094e+02
4.013341804320203487e-01 2.484612630241422835e+02
4.195595854922279933e-01 2.190627098445596062e+02
4.407771883289124948e-01 2.092852551724137982e+02
4.600780487804878027e-01 2.065708936585365905e+02
4.807973648341663520e-01 1.819534784189004881e+02
5.009150981177412643e-01 1.693827861433720727e+02
5.204555984555984116e-01 1.594988779922779827e+02
5.419053527118044000e-01 1.436821655441332837e+02
5.606541598694942952e-01 1.324567765089722684e+02
5.706576338400528581e-01 1.260211262392597291e+02
