2.166666666666666741e-02 5.113061266666666052e+04
4.454545454545454780e-02 2.072632181818181562e+04
6.211111111111110999e-02 9.358886222222221477e+03
8.302469135802469091e-02 6.340154444444444380e+03
1.001960784313725428e-01 4.619581372549019761e+03
1.238590604026845732e-01 3.741095503355704750e+03
1.404228855721393054e-01 2.991453283582089625e+03
1.630075187969924899e-01 2.398898270676691482e+03
1.808858858858858887e-01 1.987927417417417246e+03
2.036394557823129059e-01 1.696337029478458135e+03
2.190557939914163088e-01 1.476717768240343275e+03
2.426502732240437277e-01 1.106513242258652099e+03
2.596589259796807103e-01 1.123977126269956443e+03
2.811171662125340753e-01 1.071435738419618474e+03
3.008784530386739986e-01 1.018972278453038712e+03
3.206315289648623001e-01 9.368519876543211922e+02
3.399619047619047429e-01 7.579999276190477531e+02
3.619689737470166979e-01 7.221473293556085764e+02
3.799070887818307152e-01 6.524543055746730715e+02
4.013341804320203487e-01 5.487062858958069000e+02
4.195595854922279933e-01 5.503991249280368265e+02
4.407771883289124948e-01 5.755536058355436353e+02
4.600780487804878027e-01 5.306015556097561330e+02
4.807973648341663520e-01 4.839524189004997652e+02
5.009150981177412643e-01 4.759652290748898054e+02
5.204555984555984116e-01 4.364267127413127128e+02
5.419053527118044000e-01 3.962538606876993299e+02
5.606541598694942952e-01 3.695051520391517670e+02
5.706576338400528581e-01 3.542384342366160013e+02
