2.166666666666666741e-02 7.637483999999999469e+03
4.454545454545454780e-02 6.427089090909090373e+03
6.211111111111110999e-02 5.841223999999999251e+03
8.302469135802469091e-02 4.036819999999999709e+03
1.001960784313725428e-01 2.866099411764705565e+03
1.238590604026845732e-01 2.313251275167785025e+03
1.404228855721393054e-01 1.872198855721393102e+03
1.630075187969924899e-01 1.517987819548872267e+03
1.808858858858858887e-01 1.328204894894894778e+03
2.036394557823129059e-01 1.107192204081632553e+03
2.190557939914163088e-01 9.208230321888412391e+02
2.426502732240437277e-01 7.205959908925318587e+02
2.596589259796807103e-01 7.004856966618286833e+02
2.811171662125340753e-01 6.396301539509537406e+02
3.008784530386739986e-01 5.637737723756906689e+02
3.206315289648623001e-01 5.088633133903134080e+02
3.399619047619047429e-01 4.351669685714285833e+02
3.619689737470166979e-01 3.801290310262530170e+02
3.799070887818307152e-01 3.695175079146593475e+02
4.013341804320203487e-01 3.449433850063532532e+02
4.195595854922279933e-01 3.204995676453656301e+02
4.407771883289124948e-01 2.937391405835543878e+02
4.600780487804878027e-01 2.782611297560975459e+02
4.807973648341663520e-01 2.527716419809177353e+02
5.009150981177412643e-01 2.326462531037244332e+02
5.204555984555984116e-01 2.281366996138995660e+02
5.419053527118044000e-01 2.075780085076213766e+02
5.606541598694942952e-01 1.963314469820554677e+02
5.706576338400528581e-01 1.984455948446794764e+02
