2.166666666666666741e-02 7.575994666666668309e+03
4.454545454545454780e-02 5.773580000000000837e+03
6.211111111111110999e-02 4.490257777777777846e+03
8.302469135802469091e-02 3.152636666666666770e+03
1.001960784313725428e-01 2.403438529411764648e+03
1.238590604026845732e-01 1.859510067114093999e+03
1.404228855721393054e-01 1.459218955223880585e+03
1.630075187969924899e-01 1.233109804511278071e+03
1.808858858858858887e-01 1.085391645645645667e+03
2.036394557823129059e-01 8.330672698412698765e+02
2.190557939914163088e-01 7.047944484978542050e+02
2.426502732240437277e-01 5.603782276867030987e+02
2.596589259796807103e-01 5.151164136429608789e+02
2.811171662125340753e-01 4.834900912806539850e+02
3.008784530386739986e-01 4.444616950276243301e+02
3.206315289648623001e-01 4.163071595441595605e+02
3.399619047619047429e-01 3.669192342857143103e+02
3.619689737470166979e-01 2.934285704057278963e+02
3.799070887818307152e-01 2.676167116311080463e+02
4.013341804320203487e-01 2.426066486658195913e+02
4.195595854922279933e-01 2.170080293609672140e+02
4.407771883289124948e-01 2.174202503978779930e+02
4.600780487804878027e-01 2.135660278048780469e+02
4.807973648341663520e-01 1.869909627442071667e+02
5.009150981177412643e-01 1.776015674809771667e+02
5.204555984555984116e-01 1.690562173745173880e+02
5.419053527118044000e-01 1.456098309110244600e+02
5.606541598694942952e-01 1.355166137030994946e+02
5.706576338400528581e-01 1.354020204890944967e+02
