2.166666666666666741e-02 1.351944100000000035e+05
4.454545454545454780e-02 6.045137681818182318e+04
6.211111111111110999e-02 2.299651311111111136e+04
8.302469135802469091e-02 1.348327469135802494e+04
1.001960784313725428e-01 8.339794705882351991e+03
1.238590604026845732e-01 5.435430939597315046e+03
1.404228855721393054e-01 4.666224726368160191e+03
1.630075187969924899e-01 3.761324511278195587e+03
1.808858858858858887e-01 3.270273843843843679e+03
2.036394557823129059e-01 3.191670045351474073e+03
2.190557939914163088e-01 2.920753712446351983e+03
2.426502732240437277e-01 1.868156976320582771e+03
2.596589259796807103e-01 2.051464818577648657e+03
2.811171662125340753e-01 2.059928760217983381e+03
3.008784530386739986e-01 1.825725093922651922e+03
3.206315289648623001e-01 1.876655631528964932e+03
3.399619047619047429e-01 1.724042333333333545e+03
3.619689737470166979e-01 1.395783126491646726e+03
3.799070887818307152e-01 1.231340075705436902e+03
4.013341804320203487e-01 9.054852337992376761e+02
4.195595854922279933e-01 8.631574139320667882e+02
4.407771883289124948e-01 1.156978259946949720e+03
4.600780487804878027e-01 1.121833720487804840e+03
4.807973648341663520e-01 8.843922703316674188e+02
5.009150981177412643e-01 6.922693700440529483e+02
5.204555984555984116e-01 7.066990575289574963e+02
5.419053527118044000e-01 7.899745147110952530e+02
5.606541598694942952e-01 5.432323181076673109e+02
5.706576338400528581e-01 2.949596371447454999e+02
