-2.375000000000000000e+01 5.122513157890915103e+00 1.619391520301137311e+00 5.355793110895151944e-05 5.355793110895151944e-05
-2.325000000000000000e+01 4.673650495865564913e+00 1.394098933414636754e+00 1.891804340783932671e-04 1.891804340783932671e-04
-2.275000000000000000e+01 4.332296889250266680e+00 1.207135057089448793e+00 3.502861462045135568e-04 3.502861462045135568e-04
-2.225000000000000000e+01 3.913207247487745732e+00 1.066333810909019686e+00 5.310441636972248764e-04 5.310441636972248764e-04
-2.175000000000000000e+01 3.539461822895774379e+00 9.298268898754278311e-01 9.322967282150955307e-04 9.322967282150955307e-04
-2.125000000000000000e+01 3.186926035015873460e+00 7.498007567357533043e-01 1.872152035417341560e-03 1.872152035417341560e-03
-2.075000000000000000e+01 2.984807534221051828e+00 6.684529005010677594e-01 3.844509232264334362e-03 3.844509232264334362e-03
-2.025000000000000000e+01 2.796269989078606688e+00 6.263398142726558371e-01 6.663859194471439228e-03 6.663859194471439228e-03
-1.975000000000000000e+01 2.651922584697205210e+00 6.550029952876755823e-01 8.771838894287873473e-03 8.771838894287873473e-03
-1.925000000000000000e+01 2.526664449667845869e+00 6.109458131967298034e-01 1.011251484720872458e-02 1.011251484720872458e-02
-1.875000000000000000e+01 2.420838172334996763e+00 5.227879197755820329e-01 1.167368534715473513e-02 1.167368534715473513e-02
-1.825000000000000000e+01 2.342454551069168556e+00 4.958018975076656787e-01 1.380693229672821584e-02 1.380693229672821584e-02
-1.775000000000000000e+01 2.272665625025106717e+00 4.693241938855051143e-01 1.674333225353633395e-02 1.674333225353633395e-02
