-2.375000000000000000e+01 5.225703347292662393e+00 6.181119611646079814e-01
-2.325000000000000000e+01 5.087874210412998366e+00 1.894783047920715890e-01
-2.275000000000000000e+01 4.998887507089912141e+00 1.212956599470829677e-01
-2.225000000000000000e+01 3.936707084576423821e+00 9.800404940023342559e-02
-2.175000000000000000e+01 3.716763532538517545e+00 7.049231810471295878e-02
-2.125000000000000000e+01 3.089114759316628156e+00 4.907961480537699483e-02
-2.075000000000000000e+01 2.850643774181469414e+00 3.223036649940696358e-02
-2.025000000000000000e+01 2.726491180936537972e+00 2.313665331671642053e-02
-1.975000000000000000e+01 2.616370505275571912e+00 1.963459763553253301e-02
-1.925000000000000000e+01 2.465108435755857474e+00 1.819482536023452404e-02
-1.875000000000000000e+01 2.337604927797137133e+00 1.687439505854867322e-02
-1.825000000000000000e+01 2.278794970998859526e+00 1.554896795436192490e-02
-1.775000000000000000e+01 2.147838831504995216e+00 1.412023405867243037e-02
-1.725000000000000000e+01 2.076318579204439185e+00 1.268366283932662215e-02
-1.675000000000000000e+01 2.015520838648653168e+00 1.144538533779912784e-02
-1.625000000000000000e+01 1.933404972225517326e+00 1.043429681586361887e-02
-1.575000000000000000e+01 1.865638263315734457e+00 9.397467134281486598e-03
-1.525000000000000000e+01 1.778721175821059486e+00 8.290742719962837862e-03
-1.475000000000000000e+01 1.714839495012819182e+00 7.332976001062059025e-03
-1.425000000000000000e+01 1.637447461605163745e+00 6.622994975248988440e-03
