-2.175000000000000000e+01 4.111922188378655640e+00 2.475413044928855832e-01
-2.125000000000000000e+01 3.201518537795344788e+00 1.540033343288948198e-01
-2.075000000000000000e+01 3.145857985773948151e+00 1.037892874174790037e-01
-2.025000000000000000e+01 3.043639708137442224e+00 6.764863728737116610e-02
-1.975000000000000000e+01 2.643976914210471207e+00 4.050494823346056233e-02
-1.925000000000000000e+01 2.508639065136256008e+00 2.430876455888916765e-02
-1.875000000000000000e+01 2.504063741002672483e+00 1.795889983222300965e-02
-1.825000000000000000e+01 2.393963141695325536e+00 1.501299420707023595e-02
-1.775000000000000000e+01 2.339455652030175248e+00 1.322713858386868543e-02
-1.725000000000000000e+01 2.194542420918463854e+00 1.206070168770558004e-02
-1.675000000000000000e+01 2.065796601512750463e+00 1.057815263875862624e-02
-1.625000000000000000e+01 1.990793853520277823e+00 9.359823651151115420e-03
-1.575000000000000000e+01 1.914148195193558610e+00 8.838044299735094145e-03
-1.525000000000000000e+01 1.817056995494955141e+00 7.908562398813183056e-03
-1.475000000000000000e+01 1.716633128486813487e+00 6.695812632155135301e-03
-1.425000000000000000e+01 1.630164095610703079e+00 6.183034121391419932e-03
