2.166666666666666741e-02 3.641556649999999991e+03
4.454545454545454780e-02 3.457842272727272757e+03
6.211111111111110999e-02 2.747546888888888589e+03
8.302469135802469091e-02 1.882625061728395167e+03
1.001960784313725428e-01 1.526878627450980275e+03
1.238590604026845732e-01 1.121082214765100616e+03
1.404228855721393054e-01 8.802396616915422101e+02
1.630075187969924899e-01 8.097204135338346305e+02
1.808858858858858887e-01 6.900043183183182691e+02
2.036394557823129059e-01 5.171878684807255695e+02
2.190557939914163088e-01 4.428250300429184563e+02
2.426502732240437277e-01 3.245112167577414084e+02
2.596589259796807103e-01 3.031126763425254467e+02
2.811171662125340753e-01 3.149948583106267392e+02
3.008784530386739986e-01 2.778990232044198478e+02
3.206315289648623001e-01 2.419032867996201617e+02
3.399619047619047429e-01 2.122337447619048021e+02
3.619689737470166979e-01 1.733586658711217012e+02
3.799070887818307152e-01 1.587234831383344726e+02
4.013341804320203487e-01 1.464104834815755680e+02
4.195595854922279933e-01 1.346255336787564829e+02
4.407771883289124948e-01 1.245888700265251998e+02
4.600780487804878027e-01 1.180890512195121858e+02
4.807973648341663520e-01 1.055751203089504742e+02
5.009150981177412643e-01 1.001648221065278221e+02
5.204555984555984116e-01 9.642626451737451987e+01
5.419053527118044000e-01 8.612247922722438886e+01
5.606541598694942952e-01 7.884805399673736304e+01
5.706576338400528581e-01 7.471107779246530356e+01
