2.166666666666666741e-02 3.129660933333333014e+04
4.454545454545454780e-02 1.414918681818181722e+04
6.211111111111110999e-02 7.464690444444444438e+03
8.302469135802469091e-02 5.331655308641975353e+03
1.001960784313725428e-01 3.824387647058823404e+03
1.238590604026845732e-01 3.056880671140939285e+03
1.404228855721393054e-01 2.581099452736318199e+03
1.630075187969924899e-01 2.135548421052631511e+03
1.808858858858858887e-01 1.891391981981982099e+03
2.036394557823129059e-01 1.504018435374149476e+03
2.190557939914163088e-01 1.267902703862660928e+03
2.426502732240437277e-01 1.012431683060109208e+03
2.596589259796807103e-01 9.617752888243829830e+02
2.811171662125340753e-01 9.145361580381471640e+02
3.008784530386739986e-01 8.267661856353590792e+02
3.206315289648623001e-01 7.795304320987654592e+02
3.399619047619047429e-01 6.674006419047618692e+02
3.619689737470166979e-01 5.578778878281623292e+02
3.799070887818307152e-01 5.062051032346868737e+02
4.013341804320203487e-01 4.769561677255400696e+02
4.195595854922279933e-01 4.537034363845710914e+02
4.407771883289124948e-01 4.272806519893899804e+02
4.600780487804878027e-01 4.140814224390244362e+02
4.807973648341663520e-01 3.704327101317583697e+02
5.009150981177412643e-01 3.344431185422507156e+02
5.204555984555984116e-01 3.155534637065637185e+02
5.419053527118044000e-01 3.077272853598014990e+02
5.606541598694942952e-01 2.977823716150081736e+02
5.706576338400528581e-01 2.905762729676139884e+02
