2.166666666666666741e-02 4.372152500000000146e+04
4.454545454545454780e-02 1.912452909090909088e+04
6.211111111111110999e-02 9.936853333333334376e+03
8.302469135802469091e-02 6.791731358024690962e+03
1.001960784313725428e-01 5.325897549019608050e+03
1.238590604026845732e-01 4.189857919463087455e+03
1.404228855721393054e-01 3.243416019900497304e+03
1.630075187969924899e-01 2.830579924812030185e+03
1.808858858858858887e-01 2.321120600600600483e+03
2.036394557823129059e-01 1.726826303854875277e+03
2.190557939914163088e-01 1.376506394849785465e+03
2.426502732240437277e-01 1.108320837887067455e+03
2.596589259796807103e-01 1.173504063860667657e+03
2.811171662125340753e-01 1.100165333787465897e+03
3.008784530386739986e-01 1.117337254143646533e+03
3.206315289648623001e-01 1.045578809116809225e+03
3.399619047619047429e-01 8.034303771428571963e+02
3.619689737470166979e-01 7.779834128878283082e+02
3.799070887818307152e-01 7.524818616655196593e+02
4.013341804320203487e-01 6.137921721728081366e+02
4.195595854922279933e-01 5.623069487622336737e+02
4.407771883289124948e-01 5.547584291777189947e+02
4.600780487804878027e-01 5.240500160975609560e+02
4.807973648341663520e-01 4.860100345297592526e+02
5.009150981177412643e-01 4.629422907488986425e+02
5.204555984555984116e-01 4.138471347490346943e+02
5.419053527118044000e-01 3.862625902162353668e+02
5.606541598694942952e-01 3.863761373572593811e+02
5.706576338400528581e-01 3.759110436219431222e+02
