2.166666666666666741e-02 4.198771566666666331e+04
4.454545454545454780e-02 1.711498772727272808e+04
6.211111111111110999e-02 8.514501555555556479e+03
8.302469135802469091e-02 5.894491604938270939e+03
1.001960784313725428e-01 3.844304901960784264e+03
1.238590604026845732e-01 3.058019328859060352e+03
1.404228855721393054e-01 2.408178955223880621e+03
1.630075187969924899e-01 1.937885864661654296e+03
1.808858858858858887e-01 1.766331261261261488e+03
2.036394557823129059e-01 1.424103922902494560e+03
2.190557939914163088e-01 1.187474806866952804e+03
2.426502732240437277e-01 9.038326083788706455e+02
2.596589259796807103e-01 9.059317445573295799e+02
2.811171662125340753e-01 8.774201307901907967e+02
3.008784530386739986e-01 7.893788773480663394e+02
3.206315289648623001e-01 7.672813713200379198e+02
3.399619047619047429e-01 6.485650638095238492e+02
3.619689737470166979e-01 5.799495346062052477e+02
3.799070887818307152e-01 5.560129896765313333e+02
4.013341804320203487e-01 4.688913767471410665e+02
4.195595854922279933e-01 4.037001341393207099e+02
4.407771883289124948e-01 3.902459830238727250e+02
4.600780487804878027e-01 3.914760804878048930e+02
4.807973648341663520e-01 3.528630508859608881e+02
5.009150981177412643e-01 3.382242470965157963e+02
5.204555984555984116e-01 3.173036602316602171e+02
5.419053527118044000e-01 2.993852857142857147e+02
5.606541598694942952e-01 2.745924420880913317e+02
5.706576338400528581e-01 2.448318777263714310e+02
