2.166666666666666741e-02 7.460547999999999774e+03
4.454545454545454780e-02 5.464457727272727425e+03
6.211111111111110999e-02 4.567694000000001324e+03
8.302469135802469091e-02 3.297732469135802603e+03
1.001960784313725428e-01 2.558797450980392114e+03
1.238590604026845732e-01 1.979800067114094190e+03
1.404228855721393054e-01 1.551554427860696478e+03
1.630075187969924899e-01 1.365670526315789402e+03
1.808858858858858887e-01 1.201786846846846856e+03
2.036394557823129059e-01 9.195136553287982224e+02
2.190557939914163088e-01 7.750438841201716968e+02
2.426502732240437277e-01 5.928173916211293317e+02
2.596589259796807103e-01 5.446551117561683668e+02
2.811171662125340753e-01 5.192192234332425187e+02
3.008784530386739986e-01 4.724673038674033023e+02
3.206315289648623001e-01 4.335189439696106888e+02
3.399619047619047429e-01 3.611169723809524612e+02
3.619689737470166979e-01 3.048416491646777899e+02
3.799070887818307152e-01 2.900249270474879495e+02
4.013341804320203487e-01 2.687281423125794504e+02
4.195595854922279933e-01 2.554125025906735686e+02
4.407771883289124948e-01 2.426499660477453517e+02
4.600780487804878027e-01 2.217014219512195439e+02
4.807973648341663520e-01 1.945866537937301359e+02
5.009150981177412643e-01 1.873285146175410887e+02
5.204555984555984116e-01 1.764542285714285867e+02
5.419053527118044000e-01 1.563309872385679000e+02
5.606541598694942952e-01 1.436528939641109446e+02
5.706576338400528581e-01 1.376811500330469471e+02
