2.166666666666666741e-02 4.745661233333333257e+03
4.454545454545454780e-02 4.015111818181818307e+03
6.211111111111110999e-02 3.193526444444444678e+03
8.302469135802469091e-02 2.206937901234568017e+03
1.001960784313725428e-01 1.777884607843137246e+03
1.238590604026845732e-01 1.325974362416107397e+03
1.404228855721393054e-01 1.063235124378109504e+03
1.630075187969924899e-01 9.463856015037594034e+02
1.808858858858858887e-01 7.822422762762763568e+02
2.036394557823129059e-01 6.065868888888887795e+02
2.190557939914163088e-01 5.231285064377682374e+02
2.426502732240437277e-01 3.762446520947176509e+02
2.596589259796807103e-01 3.564773149492016842e+02
2.811171662125340753e-01 3.686295762942779106e+02
3.008784530386739986e-01 3.264082994475137980e+02
3.206315289648623001e-01 2.902508309591643183e+02
3.399619047619047429e-01 2.453378190476190639e+02
3.619689737470166979e-01 2.020760357995226570e+02
3.799070887818307152e-01 1.899218485891259434e+02
4.013341804320203487e-01 1.726744517153748291e+02
4.195595854922279933e-01 1.544985797351755821e+02
4.407771883289124948e-01 1.430270880636604716e+02
4.600780487804878027e-01 1.389355121951219587e+02
4.807973648341663520e-01 1.265796160835983528e+02
5.009150981177412643e-01 1.179203323988786281e+02
5.204555984555984116e-01 1.103772555984556050e+02
5.419053527118044000e-01 9.808545877348457509e+01
5.606541598694942952e-01 9.279411115823816658e+01
5.706576338400528581e-01 9.288317085261070361e+01
