2.166666666666666741e-02 5.235258100000000013e+03
4.454545454545454780e-02 4.637845454545455141e+03
6.211111111111110999e-02 3.915384222222222888e+03
8.302469135802469091e-02 2.713220123456790134e+03
1.001960784313725428e-01 2.096652156862744960e+03
1.238590604026845732e-01 1.606012416107382478e+03
1.404228855721393054e-01 1.253263373134328504e+03
1.630075187969924899e-01 1.120282601503759452e+03
1.808858858858858887e-01 9.590706246246245428e+02
2.036394557823129059e-01 7.110876916099773553e+02
2.190557939914163088e-01 6.046313111587982121e+02
2.426502732240437277e-01 4.669722677595628397e+02
2.596589259796807103e-01 4.355599651669085688e+02
2.811171662125340753e-01 4.181391934604904463e+02
3.008784530386739986e-01 3.752634651933702230e+02
3.206315289648623001e-01 3.298240208926875994e+02
3.399619047619047429e-01 2.759310409523809540e+02
3.619689737470166979e-01 2.417625990453460645e+02
3.799070887818307152e-01 2.345803083275980612e+02
4.013341804320203487e-01 2.172306505717916139e+02
4.195595854922279933e-01 1.989066252158894486e+02
4.407771883289124948e-01 1.819120631299734896e+02
4.600780487804878027e-01 1.745931004878048896e+02
4.807973648341663520e-01 1.575897069513857502e+02
5.009150981177412643e-01 1.451413416099318852e+02
5.204555984555984116e-01 1.395493135135135390e+02
5.419053527118044000e-01 1.266416348812477963e+02
5.606541598694942952e-01 1.169559840130505819e+02
5.706576338400528581e-01 1.128956397884996647e+02
