2.166666666666666741e-02 4.560888983333333272e+03
4.454545454545454780e-02 3.992509090909090901e+03
6.211111111111110999e-02 3.228144666666667035e+03
8.302469135802469091e-02 2.173741975308641941e+03
1.001960784313725428e-01 1.735433627450980111e+03
1.238590604026845732e-01 1.322564093959731508e+03
1.404228855721393054e-01 1.062045761194029637e+03
1.630075187969924899e-01 9.619004511278195650e+02
1.808858858858858887e-01 7.911792252252253093e+02
2.036394557823129059e-01 5.996440136054421828e+02
2.190557939914163088e-01 5.245114034334764028e+02
2.426502732240437277e-01 3.870976684881603092e+02
2.596589259796807103e-01 3.575944992743106354e+02
2.811171662125340753e-01 3.673360558583106013e+02
3.008784530386739986e-01 3.270858375690608000e+02
3.206315289648623001e-01 2.920258907882241601e+02
3.399619047619047429e-01 2.507786761904762329e+02
3.619689737470166979e-01 2.081181217183770684e+02
3.799070887818307152e-01 1.945048513420509266e+02
4.013341804320203487e-01 1.733126950444726901e+02
4.195595854922279933e-01 1.562366706966033405e+02
4.407771883289124948e-01 1.484615591511936259e+02
4.600780487804878027e-01 1.430712092682927050e+02
4.807973648341663520e-01 1.268816828714221003e+02
5.009150981177412643e-01 1.190751321585903213e+02
5.204555984555984116e-01 1.154132235521235543e+02
5.419053527118044000e-01 1.028797629209500144e+02
5.606541598694942952e-01 9.647839876019577332e+01
5.706576338400528581e-01 9.746287177792466139e+01
