-2.175000000000000000e+01 4.685988970931259878e+00 1.489293283759358655e-01
-2.125000000000000000e+01 3.960505255969802185e+00 1.002569431642782033e-01
-2.075000000000000000e+01 3.504976675620576021e+00 7.180305927789705500e-02
-2.025000000000000000e+01 3.072572929899177741e+00 5.072146189778821423e-02
-1.975000000000000000e+01 2.804182198549048266e+00 3.253399965107246772e-02
-1.925000000000000000e+01 2.613659957800677613e+00 2.137175357102008219e-02
-1.875000000000000000e+01 2.531940165391231901e+00 1.711638731559353421e-02
-1.825000000000000000e+01 2.434230574340581654e+00 1.532755028407307464e-02
-1.775000000000000000e+01 2.314261559075470043e+00 1.414742685838322502e-02
-1.725000000000000000e+01 2.191351856332005354e+00 1.302583045559914735e-02
