2.166666666666666741e-02 9.085502666666667210e+04
4.454545454545454780e-02 3.717153045454545645e+04
6.211111111111110999e-02 1.466523266666666677e+04
8.302469135802469091e-02 9.853116790123458486e+03
1.001960784313725428e-01 6.203689901960784482e+03
1.238590604026845732e-01 4.214112147651006126e+03
1.404228855721393054e-01 3.244958009950249107e+03
1.630075187969924899e-01 2.400740601503759535e+03
1.808858858858858887e-01 1.959555195195195211e+03
2.036394557823129059e-01 1.771374557823129180e+03
2.190557939914163088e-01 1.656883626609441990e+03
2.426502732240437277e-01 1.253672987249544803e+03
2.596589259796807103e-01 1.330523091436865116e+03
2.811171662125340753e-01 1.286478405994550485e+03
3.008784530386739986e-01 1.054233909392265332e+03
3.206315289648623001e-01 9.307889848053181368e+02
3.399619047619047429e-01 8.412190304761904827e+02
3.619689737470166979e-01 7.998894773269690859e+02
3.799070887818307152e-01 6.556736104611150040e+02
4.013341804320203487e-01 5.938020825921219057e+02
4.195595854922279933e-01 5.844176039147954498e+02
4.407771883289124948e-01 5.626357989389920249e+02
4.600780487804878027e-01 5.120717965853658598e+02
4.807973648341663520e-01 4.770847133121308161e+02
5.009150981177412643e-01 5.069049179014817241e+02
5.204555984555984116e-01 4.513168575289574846e+02
5.419053527118044000e-01 3.476829496632399810e+02
5.606541598694942952e-01 3.257937288743882505e+02
5.706576338400528581e-01 3.694618235294117881e+02
