2.166666666666666741e-02 7.705437666666667610e+03
4.454545454545454780e-02 6.625165909090908826e+03
6.211111111111110999e-02 5.774099999999999454e+03
8.302469135802469091e-02 3.966746666666666442e+03
1.001960784313725428e-01 2.922870784313725380e+03
1.238590604026845732e-01 2.342686577181208122e+03
1.404228855721393054e-01 1.813369054726368404e+03
1.630075187969924899e-01 1.493064736842105049e+03
1.808858858858858887e-01 1.366039039039038926e+03
2.036394557823129059e-01 1.112583809523809350e+03
2.190557939914163088e-01 8.997686437768239784e+02
2.426502732240437277e-01 7.035691584699453642e+02
2.596589259796807103e-01 6.911550478955007293e+02
2.811171662125340753e-01 6.355665831062669895e+02
3.008784530386739986e-01 5.716771801104971473e+02
3.206315289648623001e-01 5.081473950617284459e+02
3.399619047619047429e-01 4.250117561904761487e+02
3.619689737470166979e-01 3.670479880668257806e+02
3.799070887818307152e-01 3.530002876806606764e+02
4.013341804320203487e-01 3.345860006353240124e+02
4.195595854922279933e-01 3.146243517559009319e+02
4.407771883289124948e-01 2.896669793103448569e+02
4.600780487804878027e-01 2.708668726829268394e+02
4.807973648341663520e-01 2.438500467969104761e+02
5.009150981177412643e-01 2.166965855026031420e+02
5.204555984555984116e-01 2.131417830115830157e+02
5.419053527118044000e-01 1.983217610776320328e+02
5.606541598694942952e-01 1.865608809135399326e+02
5.706576338400528581e-01 1.904963278255121963e+02
