2.166666666666666741e-02 5.203003333333333103e+03
4.454545454545454780e-02 4.585940909090909372e+03
6.211111111111110999e-02 3.592541555555555533e+03
8.302469135802469091e-02 2.467021234567901502e+03
1.001960784313725428e-01 1.984421274509803879e+03
1.238590604026845732e-01 1.530108523489933077e+03
1.404228855721393054e-01 1.219357313432835781e+03
1.630075187969924899e-01 1.072220255639097786e+03
1.808858858858858887e-01 9.093863903903903747e+02
2.036394557823129059e-01 6.664218299319727521e+02
2.190557939914163088e-01 5.749297188841202342e+02
2.426502732240437277e-01 4.405179927140254676e+02
2.596589259796807103e-01 4.008863802612482345e+02
2.811171662125340753e-01 4.059178828337874734e+02
3.008784530386739986e-01 3.637492220994474792e+02
3.206315289648623001e-01 3.183391339031339271e+02
3.399619047619047429e-01 2.693871314285714220e+02
3.619689737470166979e-01 2.249145298329355853e+02
3.799070887818307152e-01 2.129231452167928467e+02
4.013341804320203487e-01 1.949996448538754805e+02
4.195595854922279933e-01 1.766856413356361486e+02
4.407771883289124948e-01 1.689847586206896608e+02
4.600780487804878027e-01 1.630251697560975686e+02
4.807973648341663520e-01 1.414118364379827426e+02
5.009150981177412643e-01 1.309683732478974605e+02
5.204555984555984116e-01 1.290781818532818761e+02
5.419053527118044000e-01 1.174981322226161069e+02
5.606541598694942952e-01 1.091353141924959260e+02
5.706576338400528581e-01 1.074919035029742247e+02
