2.166666666666666741e-02 3.535151833333333343e+03
4.454545454545454780e-02 3.338870909090909208e+03
6.211111111111110999e-02 2.662707333333333281e+03
8.302469135802469091e-02 1.818505555555555247e+03
1.001960784313725428e-01 1.488549019607843093e+03
1.238590604026845732e-01 1.108891288590604063e+03
1.404228855721393054e-01 8.769601890547263565e+02
1.630075187969924899e-01 7.972752706766917754e+02
1.808858858858858887e-01 6.765252132132131919e+02
2.036394557823129059e-01 5.172850702947845321e+02
2.190557939914163088e-01 4.466288154506436854e+02
2.426502732240437277e-01 3.323251293260473176e+02
2.596589259796807103e-01 3.097815094339622988e+02
2.811171662125340753e-01 3.138354945504087254e+02
3.008784530386739986e-01 2.772335215469612990e+02
3.206315289648623001e-01 2.433032393162393134e+02
3.399619047619047429e-01 2.108961342857142824e+02
3.619689737470166979e-01 1.710401670644391459e+02
3.799070887818307152e-01 1.568031052993805758e+02
4.013341804320203487e-01 1.430173456162642935e+02
4.195595854922279933e-01 1.315390546919977055e+02
4.407771883289124948e-01 1.240755946949602020e+02
4.600780487804878027e-01 1.173319195121951140e+02
4.807973648341663520e-01 1.034147295774647830e+02
5.009150981177412643e-01 9.882875106127353604e+01
5.204555984555984116e-01 9.506816166023165238e+01
5.419053527118044000e-01 8.524106802552286410e+01
5.606541598694942952e-01 7.850122753670473230e+01
5.706576338400528581e-01 7.348165869134170691e+01
