2.166666666666666741e-02 2.364433633333333128e+05
4.454545454545454780e-02 8.540598636363635887e+04
6.211111111111110999e-02 2.698757111111111590e+04
8.302469135802469091e-02 1.842645432098765377e+04
1.001960784313725428e-01 1.420666372549019798e+04
1.238590604026845732e-01 1.079978751677852415e+04
1.404228855721393054e-01 7.899791144278607135e+03
1.630075187969924899e-01 6.096787218045112240e+03
1.808858858858858887e-01 5.439242942942943046e+03
2.036394557823129059e-01 4.730279863945578654e+03
2.190557939914163088e-01 4.080620450643776621e+03
2.426502732240437277e-01 3.073621256830601396e+03
2.596589259796807103e-01 2.654933628447024603e+03
2.811171662125340753e-01 2.917767002724795475e+03
3.008784530386739986e-01 2.498289270718232274e+03
3.206315289648623001e-01 2.416312193732193464e+03
3.399619047619047429e-01 2.358587057142857248e+03
3.619689737470166979e-01 1.844265704057278981e+03
3.799070887818307152e-01 2.054284762560219860e+03
4.013341804320203487e-01 1.933587700127064863e+03
4.195595854922279933e-01 1.618441565918249808e+03
4.407771883289124948e-01 1.770457793103448466e+03
4.600780487804878027e-01 1.569702199999999948e+03
4.807973648341663520e-01 1.045313363925488375e+03
5.009150981177412643e-01 1.105090109731678012e+03
5.204555984555984116e-01 8.522108250965251273e+02
5.419053527118044000e-01 5.134038656504785649e+02
5.606541598694942952e-01 6.760184061990211148e+02
5.706576338400528581e-01 7.682802954395240249e+02
