2.166666666666666741e-02 7.082935333333333801e+03
4.454545454545454780e-02 5.411939545454545623e+03
6.211111111111110999e-02 4.665635555555554674e+03
8.302469135802469091e-02 3.297771604938271594e+03
1.001960784313725428e-01 2.502320098039215281e+03
1.238590604026845732e-01 1.949672953020134401e+03
1.404228855721393054e-01 1.524925721393034792e+03
1.630075187969924899e-01 1.323776729323308473e+03
1.808858858858858887e-01 1.179125585585585668e+03
2.036394557823129059e-01 9.146956689342403024e+02
2.190557939914163088e-01 7.721160600858368070e+02
2.426502732240437277e-01 6.002140947176684449e+02
2.596589259796807103e-01 5.474768156748912133e+02
2.811171662125340753e-01 5.288803978201634663e+02
3.008784530386739986e-01 4.839393745856353348e+02
3.206315289648623001e-01 4.386476562203228582e+02
3.399619047619047429e-01 3.621941209523810130e+02
3.619689737470166979e-01 3.018428138424820872e+02
3.799070887818307152e-01 2.907433503097040557e+02
4.013341804320203487e-01 2.712531689961880375e+02
4.195595854922279933e-01 2.539165618883131970e+02
4.407771883289124948e-01 2.376706100795755958e+02
4.600780487804878027e-01 2.176396839024390033e+02
4.807973648341663520e-01 1.933688650613357538e+02
5.009150981177412643e-01 1.855065830997196770e+02
5.204555984555984116e-01 1.766657895752895797e+02
5.419053527118044000e-01 1.554576976249556992e+02
5.606541598694942952e-01 1.401208339314844977e+02
5.706576338400528581e-01 1.355880555188367396e+02
