-2.375000000000000000e+01 5.368508799131677556e+00 1.873323607612538799e+00 3.628117913832199485e-05 3.628117913832199485e-05
-2.325000000000000000e+01 4.799640806974479368e+00 1.332766463364966292e+00 1.688802505129035757e-04 1.688802505129035757e-04
-2.275000000000000000e+01 4.342907607629050482e+00 1.250670705023500195e+00 3.362487852283770409e-04 3.362487852283770409e-04
-2.225000000000000000e+01 3.931668696963454668e+00 1.122624025326646180e+00 5.325558794946550411e-04 5.325558794946550411e-04
-2.175000000000000000e+01 3.526830179990448233e+00 8.523023750988046876e-01 1.032069970845481089e-03 1.032069970845481089e-03
-2.125000000000000000e+01 3.261341877357097019e+00 8.040187798511899686e-01 1.995464852607709873e-03 1.995464852607709873e-03
-2.075000000000000000e+01 3.043944289555343019e+00 6.984818595031456745e-01 3.353633516898823184e-03 3.353633516898823184e-03
-2.025000000000000000e+01 2.852384251015882999e+00 6.518399340692524468e-01 4.922578555231616262e-03 4.922578555231616262e-03
-1.975000000000000000e+01 2.692663965893594469e+00 6.240492683463154666e-01 6.476406435590108777e-03 6.476406435590108777e-03
-1.925000000000000000e+01 2.584547284752015006e+00 6.521322681343595384e-01 7.614944390454594231e-03 7.614944390454594231e-03
-1.875000000000000000e+01 2.488979139080578662e+00 5.736686725034366718e-01 8.686966850232156340e-03 8.686966850232156340e-03
-1.825000000000000000e+01 2.409677823465239843e+00 5.150853948168340191e-01 1.018291761148903962e-02 1.018291761148903962e-02
-1.775000000000000000e+01 2.343988432905186325e+00 5.009951303563019431e-01 1.229089731130547473e-02 1.229089731130547473e-02
