2.166666666666666741e-02 7.795749666666667508e+03
4.454545454545454780e-02 6.428912727272728262e+03
6.211111111111110999e-02 5.750235777777777912e+03
8.302469135802469091e-02 3.965398518518518358e+03
1.001960784313725428e-01 2.732364509803921464e+03
1.238590604026845732e-01 2.231857315436241606e+03
1.404228855721393054e-01 1.842429701492537333e+03
1.630075187969924899e-01 1.480604398496240719e+03
1.808858858858858887e-01 1.321179699699699768e+03
2.036394557823129059e-01 1.116539496598639516e+03
2.190557939914163088e-01 9.311953025751073483e+02
2.426502732240437277e-01 7.287438706739526424e+02
2.596589259796807103e-01 6.961049230769231144e+02
2.811171662125340753e-01 6.277072574931880808e+02
3.008784530386739986e-01 5.656026773480663223e+02
3.206315289648623001e-01 5.164184301994301904e+02
3.399619047619047429e-01 4.410677228571428827e+02
3.619689737470166979e-01 3.855177040572792748e+02
3.799070887818307152e-01 3.585858795595319748e+02
4.013341804320203487e-01 3.313621937738246288e+02
4.195595854922279933e-01 3.161148612550373969e+02
4.407771883289124948e-01 2.918458652519893803e+02
4.600780487804878027e-01 2.781616004878048329e+02
4.807973648341663520e-01 2.461578614266242653e+02
5.009150981177412643e-01 2.237275202242691421e+02
5.204555984555984116e-01 2.230920220077220222e+02
5.419053527118044000e-01 2.024228227578873032e+02
5.606541598694942952e-01 1.935746864600326091e+02
5.706576338400528581e-01 1.995731328486450877e+02
