2.166666666666666741e-02 9.949400500000000466e+04
4.454545454545454780e-02 4.285144090909091028e+04
6.211111111111110999e-02 1.921745999999999913e+04
8.302469135802469091e-02 1.131014543209876501e+04
1.001960784313725428e-01 7.865526470588234588e+03
1.238590604026845732e-01 6.833716778523489666e+03
1.404228855721393054e-01 4.665457661691541944e+03
1.630075187969924899e-01 3.333477180451127879e+03
1.808858858858858887e-01 3.092406906906907352e+03
2.036394557823129059e-01 2.813471224489795986e+03
2.190557939914163088e-01 2.427673927038626516e+03
2.426502732240437277e-01 1.936449908925318823e+03
2.596589259796807103e-01 1.965372249637155164e+03
2.811171662125340753e-01 1.878275490463215192e+03
3.008784530386739986e-01 1.892628475138121530e+03
3.206315289648623001e-01 1.732870588793922025e+03
3.399619047619047429e-01 1.595095961904762135e+03
3.619689737470166979e-01 1.278051441527446286e+03
3.799070887818307152e-01 1.118915383344804013e+03
4.013341804320203487e-01 9.985167344345617266e+02
4.195595854922279933e-01 8.843006747265400236e+02
4.407771883289124948e-01 1.003855367108753398e+03
4.600780487804878027e-01 1.035864531219512173e+03
4.807973648341663520e-01 8.543118918673329745e+02
5.009150981177412643e-01 7.643302859431316847e+02
5.204555984555984116e-01 8.211619818532817590e+02
5.419053527118044000e-01 7.620507071960297480e+02
5.606541598694942952e-01 6.751693305057096950e+02
5.706576338400528581e-01 6.388691354923993231e+02
