-2.175000000000000000e+01 4.337012845587060461e+00 3.164855650273570298e-01
-2.125000000000000000e+01 3.666935204116677838e+00 1.662913194087558000e-01
-2.075000000000000000e+01 3.573681341515849930e+00 1.086918623578945614e-01
-2.025000000000000000e+01 3.188406433511077775e+00 7.657768433116110551e-02
-1.975000000000000000e+01 2.905230337005951569e+00 5.152982011821492792e-02
-1.925000000000000000e+01 2.691084350815918569e+00 3.053062923419668298e-02
-1.875000000000000000e+01 2.512240642227483889e+00 2.018854987881683188e-02
-1.825000000000000000e+01 2.473809381412604758e+00 1.574556222867563512e-02
-1.775000000000000000e+01 2.359273121580318211e+00 1.345870829017999613e-02
-1.725000000000000000e+01 2.244330013676687496e+00 1.219505036521085183e-02
-1.675000000000000000e+01 2.107256953913511310e+00 1.090689862719404317e-02
-1.625000000000000000e+01 2.003836057323897357e+00 9.581809662229221272e-03
-1.575000000000000000e+01 1.928754266850709831e+00 8.955869937014356713e-03
-1.525000000000000000e+01 1.841467167573623609e+00 8.213483853024321907e-03
-1.475000000000000000e+01 1.741497918465345851e+00 7.006686349333603528e-03
-1.425000000000000000e+01 1.646314478409517612e+00 6.286217258563934346e-03
