2.166666666666666741e-02 4.005293550000000323e+03
4.454545454545454780e-02 3.798730454545454904e+03
6.211111111111110999e-02 3.013696000000000367e+03
8.302469135802469091e-02 2.073801234567901247e+03
1.001960784313725428e-01 1.658892843137254886e+03
1.238590604026845732e-01 1.247967046979865927e+03
1.404228855721393054e-01 1.014510975124378092e+03
1.630075187969924899e-01 8.752669285714285934e+02
1.808858858858858887e-01 7.377356786786787097e+02
2.036394557823129059e-01 5.709914897959183691e+02
2.190557939914163088e-01 4.815201695278969396e+02
2.426502732240437277e-01 3.529158105646630474e+02
2.596589259796807103e-01 3.316234441219157816e+02
2.811171662125340753e-01 3.390312792915531190e+02
3.008784530386739986e-01 2.983387955801104567e+02
3.206315289648623001e-01 2.592630541310541048e+02
3.399619047619047429e-01 2.225097971428571668e+02
3.619689737470166979e-01 1.805617589498806694e+02
3.799070887818307152e-01 1.704685216792842368e+02
4.013341804320203487e-01 1.634996143583227592e+02
4.195595854922279933e-01 1.465523494530800122e+02
4.407771883289124948e-01 1.328038445623342056e+02
4.600780487804878027e-01 1.272065370731707219e+02
4.807973648341663520e-01 1.171481790095411100e+02
5.009150981177412643e-01 1.087658113736483614e+02
5.204555984555984116e-01 1.009043762162162068e+02
5.419053527118044000e-01 8.886707585962425071e+01
5.606541598694942952e-01 8.459934003262642932e+01
5.706576338400528581e-01 8.630161771315268027e+01
