2.166666666666666741e-02 4.658000866666666298e+03
4.454545454545454780e-02 3.968347727272726843e+03
6.211111111111110999e-02 3.339625333333333856e+03
8.302469135802469091e-02 2.325518888888888796e+03
1.001960784313725428e-01 1.787173627450980575e+03
1.238590604026845732e-01 1.337369664429530303e+03
1.404228855721393054e-01 1.085494945273631856e+03
1.630075187969924899e-01 9.678525338345863247e+02
1.808858858858858887e-01 7.934369069069068701e+02
2.036394557823129059e-01 6.098559297052154307e+02
2.190557939914163088e-01 5.332676480686694731e+02
2.426502732240437277e-01 3.915298706739526438e+02
2.596589259796807103e-01 3.663736066763425470e+02
2.811171662125340753e-01 3.786589918256131000e+02
3.008784530386739986e-01 3.373097646408840546e+02
3.206315289648623001e-01 2.974229392212725429e+02
3.399619047619047429e-01 2.541075790476190264e+02
3.619689737470166979e-01 2.120966801909307833e+02
3.799070887818307152e-01 2.014482374397797457e+02
4.013341804320203487e-01 1.799311632782719244e+02
4.195595854922279933e-01 1.599341105354058641e+02
4.407771883289124948e-01 1.507979395225464145e+02
4.600780487804878027e-01 1.458005331707317112e+02
4.807973648341663520e-01 1.302495143116765064e+02
5.009150981177412643e-01 1.234466708049659616e+02
5.204555984555984116e-01 1.211264795366795397e+02
5.419053527118044000e-01 1.066878684863523574e+02
5.606541598694942952e-01 1.009986897226753655e+02
5.706576338400528581e-01 1.036637409120951645e+02
