2.166666666666666741e-02 5.675455999999999221e+03
4.454545454545454780e-02 4.619325454545454704e+03
6.211111111111110999e-02 3.975596666666666351e+03
8.302469135802469091e-02 2.773079382716049167e+03
1.001960784313725428e-01 2.207873039215686276e+03
1.238590604026845732e-01 1.757885234899328907e+03
1.404228855721393054e-01 1.383166139303482623e+03
1.630075187969924899e-01 1.203739345864661573e+03
1.808858858858858887e-01 1.021726102102102118e+03
2.036394557823129059e-01 7.748125510204082502e+02
2.190557939914163088e-01 6.795157124463519267e+02
2.426502732240437277e-01 5.333967049180328104e+02
2.596589259796807103e-01 4.709975791001451171e+02
2.811171662125340753e-01 4.525057792915530968e+02
3.008784530386739986e-01 4.043843955801104357e+02
3.206315289648623001e-01 3.750226106362773066e+02
3.399619047619047429e-01 3.223429466666667054e+02
3.619689737470166979e-01 2.602923221957040596e+02
3.799070887818307152e-01 2.499551665519614403e+02
4.013341804320203487e-01 2.233298405336721828e+02
4.195595854922279933e-01 2.081488865860679596e+02
4.407771883289124948e-01 1.947294159151193469e+02
4.600780487804878027e-01 1.803937575609755868e+02
4.807973648341663520e-01 1.652152830531576626e+02
5.009150981177412643e-01 1.546438990788946910e+02
5.204555984555984116e-01 1.475036138996139243e+02
5.419053527118044000e-01 1.298375072669266217e+02
5.606541598694942952e-01 1.219363579119086580e+02
5.706576338400528581e-01 1.229771797752809022e+02
