2.166666666666666741e-02 3.208139500000000116e+05
4.454545454545454780e-02 1.057357545454545470e+05
6.211111111111110999e-02 2.486509333333333052e+04
8.302469135802469091e-02 1.631111481481481496e+04
1.001960784313725428e-01 1.323685882352941189e+04
1.238590604026845732e-01 1.210304979865771747e+04
1.404228855721393054e-01 9.882563283582088843e+03
1.630075187969924899e-01 8.155433947368420377e+03
1.808858858858858887e-01 6.837633303303303364e+03
2.036394557823129059e-01 5.649788367346938685e+03
2.190557939914163088e-01 5.753880257510730189e+03
2.426502732240437277e-01 4.318470983606556729e+03
2.596589259796807103e-01 3.812674542815674613e+03
2.811171662125340753e-01 3.641195367847411489e+03
3.008784530386739986e-01 2.843129812154696083e+03
3.206315289648623001e-01 2.837243741690408569e+03
3.399619047619047429e-01 2.757279009523809691e+03
3.619689737470166979e-01 2.917680334128878258e+03
3.799070887818307152e-01 2.742583805918788585e+03
4.013341804320203487e-01 2.409261836086403946e+03
4.195595854922279933e-01 2.021955958549222714e+03
4.407771883289124948e-01 2.007023798408488346e+03
4.600780487804878027e-01 1.980905004878048658e+03
4.807973648341663520e-01 1.930417737392094296e+03
5.009150981177412643e-01 2.290739855826992425e+03
5.204555984555984116e-01 1.580807874131274048e+03
5.419053527118044000e-01 1.217808143920595512e+03
5.606541598694942952e-01 1.305208886786296944e+03
5.706576338400528581e-01 1.038347493721083993e+03
