2.166666666666666741e-02 5.181365466666667089e+03
4.454545454545454780e-02 4.469586363636363785e+03
6.211111111111110999e-02 3.915581999999999880e+03
8.302469135802469091e-02 2.710361604938272194e+03
1.001960784313725428e-01 2.063950686274510190e+03
1.238590604026845732e-01 1.621614496644295286e+03
1.404228855721393054e-01 1.277016915422885631e+03
1.630075187969924899e-01 1.132700368421052644e+03
1.808858858858858887e-01 9.662790810810811308e+02
2.036394557823129059e-01 7.200831859410430980e+02
2.190557939914163088e-01 6.056787939914162280e+02
2.426502732240437277e-01 4.732943551912568978e+02
2.596589259796807103e-01 4.475195805515240295e+02
2.811171662125340753e-01 4.216417016348773927e+02
3.008784530386739986e-01 3.810441966850829090e+02
3.206315289648623001e-01 3.478584472934472842e+02
3.399619047619047429e-01 2.924438142857142680e+02
3.619689737470166979e-01 2.455413460620525257e+02
3.799070887818307152e-01 2.314352573984859021e+02
4.013341804320203487e-01 2.112425235069885616e+02
4.195595854922279933e-01 1.995590023028209714e+02
4.407771883289124948e-01 1.833145379310344651e+02
4.600780487804878027e-01 1.738415697560975559e+02
4.807973648341663520e-01 1.599405661063153161e+02
5.009150981177412643e-01 1.467500200240288564e+02
5.204555984555984116e-01 1.406310552123552213e+02
5.419053527118044000e-01 1.290661712158808996e+02
5.606541598694942952e-01 1.189472081566068482e+02
5.706576338400528581e-01 1.142398869795109135e+02
