2.166666666666666741e-02 2.293806666666666570e+04
4.454545454545454780e-02 1.091221045454545492e+04
6.211111111111110999e-02 5.983737555555555446e+03
8.302469135802469091e-02 4.232532222222222117e+03
1.001960784313725428e-01 3.130363823529411547e+03
1.238590604026845732e-01 2.689865503355704277e+03
1.404228855721393054e-01 2.252648258706467459e+03
1.630075187969924899e-01 1.805981804511278142e+03
1.808858858858858887e-01 1.570325705705705786e+03
2.036394557823129059e-01 1.282869909297052118e+03
2.190557939914163088e-01 1.070559967811158913e+03
2.426502732240437277e-01 8.065109271402549211e+02
2.596589259796807103e-01 7.813307489114657756e+02
2.811171662125340753e-01 7.480456348773842592e+02
3.008784530386739986e-01 6.866753701657457896e+02
3.206315289648623001e-01 6.302383124406457000e+02
3.399619047619047429e-01 5.426831333333332168e+02
3.619689737470166979e-01 4.653800596658711015e+02
3.799070887818307152e-01 4.201356338609772934e+02
4.013341804320203487e-01 3.721249059720457240e+02
4.195595854922279933e-01 3.600796465169833027e+02
4.407771883289124948e-01 3.344344169761273520e+02
4.600780487804878027e-01 3.093401799999999753e+02
4.807973648341663520e-01 2.805749554747841898e+02
5.009150981177412643e-01 2.712015738886663598e+02
5.204555984555984116e-01 2.630565486486486293e+02
5.419053527118044000e-01 2.346795444877703005e+02
5.606541598694942952e-01 2.241956254486133844e+02
5.706576338400528581e-01 2.198318995373430198e+02
