2.166666666666666741e-02 4.895461033333333035e+03
4.454545454545454780e-02 4.257885909090909081e+03
6.211111111111110999e-02 3.533783555555555722e+03
8.302469135802469091e-02 2.533267901234567489e+03
1.001960784313725428e-01 1.979181666666666615e+03
1.238590604026845732e-01 1.472410671140939712e+03
1.404228855721393054e-01 1.207073522388059700e+03
1.630075187969924899e-01 1.043943413533834473e+03
1.808858858858858887e-01 8.669469969969969725e+02
2.036394557823129059e-01 6.597997142857142308e+02
2.190557939914163088e-01 5.534767167381972968e+02
2.426502732240437277e-01 4.157342076502732198e+02
2.596589259796807103e-01 3.938911132075471642e+02
2.811171662125340753e-01 3.951630572207084811e+02
3.008784530386739986e-01 3.548753668508286978e+02
3.206315289648623001e-01 3.172626087369420702e+02
3.399619047619047429e-01 2.717505933333333701e+02
3.619689737470166979e-01 2.218611742243436993e+02
3.799070887818307152e-01 2.057044088093599328e+02
4.013341804320203487e-01 1.887762052096569221e+02
4.195595854922279933e-01 1.735496286701209101e+02
4.407771883289124948e-01 1.637518397877984171e+02
4.600780487804878027e-01 1.580177409756097404e+02
4.807973648341663520e-01 1.408701531122217432e+02
5.009150981177412643e-01 1.310650280336403739e+02
5.204555984555984116e-01 1.270081158301158410e+02
5.419053527118044000e-01 1.166094154555122344e+02
5.606541598694942952e-01 1.101807996737357342e+02
5.706576338400528581e-01 1.075524725710508989e+02
