-2.375000000000000000e+01 5.313442254672611220e+00 2.012345559134030903e+00 2.094806176438829517e-05 2.094806176438829517e-05
-2.325000000000000000e+01 4.723600260713654464e+00 1.264379984032987236e+00 9.372637944066515732e-05 9.372637944066515732e-05
-2.275000000000000000e+01 4.447496588957236874e+00 1.276881877541962584e+00 2.366915019976244597e-04 2.366915019976244597e-04
-2.225000000000000000e+01 4.187729199037613093e+00 1.224921027001018903e+00 4.055717525105280354e-04 4.055717525105280354e-04
-2.175000000000000000e+01 3.736111096378309959e+00 1.014825619192901263e+00 6.491739552964042237e-04 6.491739552964042237e-04
-2.125000000000000000e+01 3.370447000405639493e+00 8.932425128901337885e-01 1.150631681243926121e-03 1.150631681243926121e-03
-2.075000000000000000e+01 3.068040842763663179e+00 6.891514035956923800e-01 2.400604686318971899e-03 2.400604686318971899e-03
-2.025000000000000000e+01 2.863365812876937255e+00 6.277487029243319361e-01 5.264874203649713529e-03 5.264874203649713529e-03
-1.975000000000000000e+01 2.713621590595096666e+00 6.544263758521345897e-01 8.810711586221790445e-03 8.810711586221790445e-03
-1.925000000000000000e+01 2.575481498343736853e+00 6.055521875484450867e-01 1.112687614728431057e-02 1.112687614728431057e-02
-1.875000000000000000e+01 2.452308229648778592e+00 5.664261301742193888e-01 1.292171471763308571e-02 1.292171471763308571e-02
-1.825000000000000000e+01 2.353731286818752100e+00 4.950988256104795759e-01 1.502688694525429296e-02 1.502688694525429296e-02
-1.775000000000000000e+01 2.277899644617248587e+00 4.777063003996416257e-01 1.782204945470251475e-02 1.782204945470251475e-02
-1.725000000000000000e+01 2.217389675047278796e+00 4.673140506266731942e-01 2.205442176870748422e-02 2.205442176870748422e-02
-1.675000000000000000e+01 2.167209910034711751e+00 4.264510969439844756e-01 2.703595724003887354e-02 2.703595724003887354e-02
-1.625000000000000000e+01 2.123350486352374666e+00 4.014673757324823122e-01 3.206111651009610486e-02 3.206111651009610486e-02
-1.575000000000000000e+01 2.079570416486198337e+00 3.490295792654277696e-01 3.924111866969010043e-02 3.924111866969010043e-02
-1.525000000000000000e+01 2.037700998876314173e+00 3.131709637702863591e-01 5.037792894935751858e-02 5.037792894935751858e-02
-1.475000000000000000e+01 1.995365095896547203e+00 2.716173283618196210e-01 6.430234315948601953e-02 6.430234315948601953e-02
-1.425000000000000000e+01 1.952178243037327121e+00 2.375902907255610097e-01 7.833603282582873861e-02 7.833603282582873861e-02
