2.166666666666666741e-02 7.884862666666666883e+03
4.454545454545454780e-02 5.514890909090908281e+03
6.211111111111110999e-02 4.654200888888889494e+03
8.302469135802469091e-02 3.417954074074074470e+03
1.001960784313725428e-01 2.575754117647058592e+03
1.238590604026845732e-01 2.037824966442952928e+03
1.404228855721393054e-01 1.581081194029850849e+03
1.630075187969924899e-01 1.337841616541353460e+03
1.808858858858858887e-01 1.202454684684684707e+03
2.036394557823129059e-01 9.428468934240362387e+02
2.190557939914163088e-01 7.843123476394849831e+02
2.426502732240437277e-01 6.046800473588342584e+02
2.596589259796807103e-01 5.580887227866472813e+02
2.811171662125340753e-01 5.232177561307901215e+02
3.008784530386739986e-01 4.836965911602210326e+02
3.206315289648623001e-01 4.536539810066476548e+02
3.399619047619047429e-01 3.793492666666666651e+02
3.619689737470166979e-01 3.121729642004773382e+02
3.799070887818307152e-01 2.981796200963523802e+02
4.013341804320203487e-01 2.742445768742058476e+02
4.195595854922279933e-01 2.513498652849740722e+02
4.407771883289124948e-01 2.406419883289124471e+02
4.600780487804878027e-01 2.270032307317073332e+02
4.807973648341663520e-01 1.991921358473421151e+02
5.009150981177412643e-01 1.904651846215458590e+02
5.204555984555984116e-01 1.794050200772200583e+02
5.419053527118044000e-01 1.558109819213044887e+02
5.606541598694942952e-01 1.440502508972267606e+02
5.706576338400528581e-01 1.422624051553205504e+02
