2.166666666666666741e-02 7.066986333333332732e+04
4.454545454545454780e-02 2.998940454545454486e+04
6.211111111111110999e-02 1.297610222222222183e+04
8.302469135802469091e-02 8.544158641975307546e+03
1.001960784313725428e-01 6.489827843137255513e+03
1.238590604026845732e-01 6.040684228187919871e+03
1.404228855721393054e-01 5.075700547263681074e+03
1.630075187969924899e-01 3.835464135338345841e+03
1.808858858858858887e-01 3.194182132132131755e+03
2.036394557823129059e-01 2.449878526077097376e+03
2.190557939914163088e-01 1.796876738197424856e+03
2.426502732240437277e-01 1.340805045537340675e+03
2.596589259796807103e-01 1.449329680696661853e+03
2.811171662125340753e-01 1.467466934604904509e+03
3.008784530386739986e-01 1.414392375690607651e+03
3.206315289648623001e-01 1.337502288698955454e+03
3.399619047619047429e-01 1.188118358095238136e+03
3.619689737470166979e-01 9.186902004773269255e+02
3.799070887818307152e-01 8.887915388850655063e+02
4.013341804320203487e-01 7.520355540025412893e+02
4.195595854922279933e-01 6.142323431203224118e+02
4.407771883289124948e-01 6.228489458885941303e+02
4.600780487804878027e-01 5.610483570731706777e+02
4.807973648341663520e-01 5.623147155838255458e+02
5.009150981177412643e-01 6.625609775730877118e+02
5.204555984555984116e-01 6.815085841698842160e+02
5.419053527118044000e-01 5.704656150301311754e+02
5.606541598694942952e-01 4.750046427406198859e+02
5.706576338400528581e-01 4.322372729676139897e+02
