2.166666666666666741e-02 4.242295583333333525e+03
4.454545454545454780e-02 3.880412727272726897e+03
6.211111111111110999e-02 3.172104444444444653e+03
8.302469135802469091e-02 2.134285679012345554e+03
1.001960784313725428e-01 1.690494803921568291e+03
1.238590604026845732e-01 1.306233892617449555e+03
1.404228855721393054e-01 1.057214865671641746e+03
1.630075187969924899e-01 9.176666541353383764e+02
1.808858858858858887e-01 7.670392132132132019e+02
2.036394557823129059e-01 6.058832993197279393e+02
2.190557939914163088e-01 5.167196266094420025e+02
2.426502732240437277e-01 3.669412877959927073e+02
2.596589259796807103e-01 3.504917242380261087e+02
2.811171662125340753e-01 3.630268991825612375e+02
3.008784530386739986e-01 3.187464773480663212e+02
3.206315289648623001e-01 2.826270522317188920e+02
3.399619047619047429e-01 2.389902209523809518e+02
3.619689737470166979e-01 1.934070596658711167e+02
3.799070887818307152e-01 1.806221094287680557e+02
4.013341804320203487e-01 1.692171931385006189e+02
4.195595854922279933e-01 1.519498313183649998e+02
4.407771883289124948e-01 1.364298880636604565e+02
4.600780487804878027e-01 1.354279356097560765e+02
4.807973648341663520e-01 1.242743212176283265e+02
5.009150981177412643e-01 1.140951557869443320e+02
5.204555984555984116e-01 1.076648795366795355e+02
5.419053527118044000e-01 9.513058645870258090e+01
5.606541598694942952e-01 8.961337941272429930e+01
5.706576338400528581e-01 8.977200363516192283e+01
