2.166666666666666741e-02 3.629509966666666514e+03
4.454545454545454780e-02 3.380318181818181984e+03
6.211111111111110999e-02 2.712674222222221943e+03
8.302469135802469091e-02 1.853555679012345763e+03
1.001960784313725428e-01 1.509369509803921574e+03
1.238590604026845732e-01 1.117529825503355596e+03
1.404228855721393054e-01 8.769596915422886241e+02
1.630075187969924899e-01 8.075364962406014229e+02
1.808858858858858887e-01 6.910605945945945905e+02
2.036394557823129059e-01 5.212434399092969670e+02
2.190557939914163088e-01 4.460593111587982662e+02
2.426502732240437277e-01 3.298032531876138478e+02
2.596589259796807103e-01 3.061935515239478036e+02
2.811171662125340753e-01 3.137100040871934539e+02
3.008784530386739986e-01 2.773392861878452891e+02
3.206315289648623001e-01 2.429762003798670662e+02
3.399619047619047429e-01 2.130335866666666789e+02
3.619689737470166979e-01 1.736262744630071495e+02
3.799070887818307152e-01 1.583702622161046065e+02
4.013341804320203487e-01 1.452939218551461238e+02
4.195595854922279933e-01 1.331384237190558224e+02
4.407771883289124948e-01 1.233572031830238842e+02
4.600780487804878027e-01 1.173537951219512365e+02
4.807973648341663520e-01 1.042602028169014119e+02
5.009150981177412643e-01 9.975654569483380385e+01
5.204555984555984116e-01 9.622007000000000687e+01
5.419053527118044000e-01 8.538583449131513703e+01
5.606541598694942952e-01 7.880039507340946159e+01
5.706576338400528581e-01 7.462287171183079693e+01
