2.166666666666666741e-02 3.766505883333333259e+03
4.454545454545454780e-02 3.529684090909091083e+03
6.211111111111110999e-02 2.737640222222222292e+03
8.302469135802469091e-02 1.865360740740740766e+03
1.001960784313725428e-01 1.526279215686274711e+03
1.238590604026845732e-01 1.124490362416107473e+03
1.404228855721393054e-01 8.801994228855721758e+02
1.630075187969924899e-01 8.091853458646615991e+02
1.808858858858858887e-01 6.908723183183183210e+02
2.036394557823129059e-01 5.181631700680271706e+02
2.190557939914163088e-01 4.455475987124463018e+02
2.426502732240437277e-01 3.244342714025501095e+02
2.596589259796807103e-01 3.007438809869375973e+02
2.811171662125340753e-01 3.146160381471389655e+02
3.008784530386739986e-01 2.782900618784530593e+02
3.206315289648623001e-01 2.411915052231718732e+02
3.399619047619047429e-01 2.120592952380952454e+02
3.619689737470166979e-01 1.748437971360381766e+02
3.799070887818307152e-01 1.598883578802477814e+02
4.013341804320203487e-01 1.469860730622617382e+02
4.195595854922279933e-01 1.349151427748992660e+02
4.407771883289124948e-01 1.242566615384615289e+02
4.600780487804878027e-01 1.183107853658536612e+02
4.807973648341663520e-01 1.071999562925942797e+02
5.009150981177412643e-01 1.016547014016820185e+02
5.204555984555984116e-01 9.715530783783783875e+01
5.419053527118044000e-01 8.619616373626372763e+01
5.606541598694942952e-01 7.930590939641108150e+01
5.706576338400528581e-01 7.604133317911433210e+01
