2.166666666666666741e-02 1.102400499999999920e+04
4.454545454545454780e-02 7.040128181818182384e+03
6.211111111111110999e-02 6.140134666666666817e+03
8.302469135802469091e-02 4.361767407407407518e+03
1.001960784313725428e-01 3.097924313725489810e+03
1.238590604026845732e-01 2.565862818791946211e+03
1.404228855721393054e-01 2.058631940298507288e+03
1.630075187969924899e-01 1.753925639097744579e+03
1.808858858858858887e-01 1.586624144144144338e+03
2.036394557823129059e-01 1.231799755102040990e+03
2.190557939914163088e-01 1.004211257510729638e+03
2.426502732240437277e-01 7.644395519125682767e+02
2.596589259796807103e-01 7.383663570391872781e+02
2.811171662125340753e-01 7.389211253405994739e+02
3.008784530386739986e-01 6.660143491712707373e+02
3.206315289648623001e-01 6.153290189933522925e+02
3.399619047619047429e-01 5.339690933333332623e+02
3.619689737470166979e-01 4.275223985680191277e+02
3.799070887818307152e-01 3.867663902271162897e+02
4.013341804320203487e-01 3.749390508259212424e+02
4.195595854922279933e-01 3.490552521588946320e+02
4.407771883289124948e-01 3.152536015915119378e+02
4.600780487804878027e-01 3.051053965853658383e+02
4.807973648341663520e-01 2.825581971830985708e+02
5.009150981177412643e-01 2.673558097717260580e+02
5.204555984555984116e-01 2.550671150579150606e+02
5.419053527118044000e-01 2.280869291031548869e+02
5.606541598694942952e-01 2.206522499184339097e+02
5.706576338400528581e-01 2.281915201586252522e+02
