2.166666666666666741e-02 4.474105666666666511e+05
4.454545454545454780e-02 1.436458818181818351e+05
6.211111111111110999e-02 2.747877777777777737e+04
8.302469135802469091e-02 2.095698148148148175e+04
1.001960784313725428e-01 1.527423598039215540e+04
1.238590604026845732e-01 9.787954966442954174e+03
1.404228855721393054e-01 8.737765771144278915e+03
1.630075187969924899e-01 9.954524661654135343e+03
1.808858858858858887e-01 6.834141741741742408e+03
2.036394557823129059e-01 3.685761519274376496e+03
2.190557939914163088e-01 4.384516630901287499e+03
2.426502732240437277e-01 3.827856247723133038e+03
2.596589259796807103e-01 3.802428592162554196e+03
2.811171662125340753e-01 3.601465803814714491e+03
3.008784530386739986e-01 3.275038453038673651e+03
3.206315289648623001e-01 3.798109715099714776e+03
3.399619047619047429e-01 3.745203371428571245e+03
3.619689737470166979e-01 3.081738400954654026e+03
3.799070887818307152e-01 2.993231548520303022e+03
4.013341804320203487e-01 2.913374701397713125e+03
4.195595854922279933e-01 2.367255970063327823e+03
4.407771883289124948e-01 1.816416519893899022e+03
4.600780487804878027e-01 1.640357536585366006e+03
4.807973648341663520e-01 1.885759840981372236e+03
5.009150981177412643e-01 2.155955758910693021e+03
5.204555984555984116e-01 1.802170471042471263e+03
5.419053527118044000e-01 1.399861393123005882e+03
5.606541598694942952e-01 1.196209945187601988e+03
5.706576338400528581e-01 9.645184943820223680e+02
