2.166666666666666741e-02 4.085690533333332951e+03
4.454545454545454780e-02 4.067894090909090664e+03
6.211111111111110999e-02 3.425941111111110786e+03
8.302469135802469091e-02 2.298074938271604879e+03
1.001960784313725428e-01 1.825024705882352919e+03
1.238590604026845732e-01 1.398136979865771764e+03
1.404228855721393054e-01 1.136606179104477633e+03
1.630075187969924899e-01 9.996627518796992717e+02
1.808858858858858887e-01 8.286692792792792943e+02
2.036394557823129059e-01 6.416020362811791529e+02
2.190557939914163088e-01 5.450800364806867719e+02
2.426502732240437277e-01 3.938705774134790545e+02
2.596589259796807103e-01 3.778539013062409708e+02
2.811171662125340753e-01 3.924968787465939499e+02
3.008784530386739986e-01 3.444530817679558368e+02
3.206315289648623001e-01 3.052573304843305095e+02
3.399619047619047429e-01 2.612763228571428158e+02
3.619689737470166979e-01 2.155904391408114691e+02
3.799070887818307152e-01 2.001496620784583342e+02
4.013341804320203487e-01 1.838548411689961881e+02
4.195595854922279933e-01 1.645752107081174529e+02
4.407771883289124948e-01 1.532846228116710563e+02
4.600780487804878027e-01 1.494367575609755932e+02
4.807973648341663520e-01 1.348792253521126838e+02
5.009150981177412643e-01 1.290971305566679916e+02
5.204555984555984116e-01 1.206402888030888079e+02
5.419053527118044000e-01 1.077061130804679152e+02
5.606541598694942952e-01 1.017380816313213785e+02
5.706576338400528581e-01 9.923456457369465511e+01
