2.166666666666666741e-02 6.851891833333333489e+04
4.454545454545454780e-02 2.784213863636363749e+04
6.211111111111110999e-02 1.283232111111111044e+04
8.302469135802469091e-02 9.330292839506171731e+03
1.001960784313725428e-01 7.079499313725489628e+03
1.238590604026845732e-01 5.897697516778523095e+03
1.404228855721393054e-01 4.720935870646766489e+03
1.630075187969924899e-01 3.712483947368421013e+03
1.808858858858858887e-01 2.976158258258258684e+03
2.036394557823129059e-01 2.455279909297052200e+03
2.190557939914163088e-01 2.170845493562231695e+03
2.426502732240437277e-01 1.687755482695810770e+03
2.596589259796807103e-01 1.627320246734397870e+03
2.811171662125340753e-01 1.501332166212534048e+03
3.008784530386739986e-01 1.544742055248618954e+03
3.206315289648623001e-01 1.443086799620132751e+03
3.399619047619047429e-01 1.242355076190475984e+03
3.619689737470166979e-01 1.013236319809069187e+03
3.799070887818307152e-01 8.895797412250516345e+02
4.013341804320203487e-01 7.590735470139771905e+02
4.195595854922279933e-01 7.317056919976971585e+02
4.407771883289124948e-01 8.069867342175066369e+02
4.600780487804878027e-01 6.400977960975610586e+02
4.807973648341663520e-01 5.281543643798273706e+02
5.009150981177412643e-01 6.617948145774930708e+02
5.204555984555984116e-01 6.685144548262549051e+02
5.419053527118044000e-01 5.495862864232542506e+02
5.606541598694942952e-01 5.513873977161501898e+02
5.706576338400528581e-01 5.765358823529412575e+02
