2.166666666666666741e-02 7.570554783333333035e+03
4.454545454545454780e-02 5.838208636363636288e+03
6.211111111111110999e-02 4.520667999999999665e+03
8.302469135802469091e-02 3.170794814814814799e+03
1.001960784313725428e-01 2.404636568627451197e+03
1.238590604026845732e-01 1.846438590604026786e+03
1.404228855721393054e-01 1.453412089552238967e+03
1.630075187969924899e-01 1.212612436090225629e+03
1.808858858858858887e-01 1.057265759759759703e+03
2.036394557823129059e-01 8.155333945578230441e+02
2.190557939914163088e-01 6.973161137339055813e+02
2.426502732240437277e-01 5.672227795992713482e+02
2.596589259796807103e-01 5.187173599419448919e+02
2.811171662125340753e-01 4.757981049046321687e+02
3.008784530386739986e-01 4.331578121546962166e+02
3.206315289648623001e-01 4.031335394112060726e+02
3.399619047619047429e-01 3.579706009523809485e+02
3.619689737470166979e-01 2.872495799522673110e+02
3.799070887818307152e-01 2.633261878871300610e+02
4.013341804320203487e-01 2.433884377382465232e+02
4.195595854922279933e-01 2.152382878526194645e+02
4.407771883289124948e-01 2.170341087533156781e+02
4.600780487804878027e-01 2.167513648780487756e+02
4.807973648341663520e-01 1.850247482962290064e+02
5.009150981177412643e-01 1.710168958750500394e+02
5.204555984555984116e-01 1.645126718146718190e+02
5.419053527118044000e-01 1.449932289968096200e+02
5.606541598694942952e-01 1.334329960848287158e+02
5.706576338400528581e-01 1.307247171183079786e+02
