2.166666666666666741e-02 4.287119433333333291e+03
4.454545454545454780e-02 4.415376818181818635e+03
6.211111111111110999e-02 3.883701111111111004e+03
8.302469135802469091e-02 2.688783950617284063e+03
1.001960784313725428e-01 2.064772745098039195e+03
1.238590604026845732e-01 1.593927248322147761e+03
1.404228855721393054e-01 1.279001671641791063e+03
1.630075187969924899e-01 1.104138225563909828e+03
1.808858858858858887e-01 9.349733093093092293e+02
2.036394557823129059e-01 7.016713219954648366e+02
2.190557939914163088e-01 5.984258369098712365e+02
2.426502732240437277e-01 4.640715974499089498e+02
2.596589259796807103e-01 4.236884426705370288e+02
2.811171662125340753e-01 4.054109863760218104e+02
3.008784530386739986e-01 3.677631104972375624e+02
3.206315289648623001e-01 3.317828328584994892e+02
3.399619047619047429e-01 2.834401809523808993e+02
3.619689737470166979e-01 2.337578544152744939e+02
3.799070887818307152e-01 2.207545884377150855e+02
4.013341804320203487e-01 2.051179911054638296e+02
4.195595854922279933e-01 1.920499211283822660e+02
4.407771883289124948e-01 1.819516010610079491e+02
4.600780487804878027e-01 1.725933687804878218e+02
4.807973648341663520e-01 1.506139854611540443e+02
5.009150981177412643e-01 1.383224889867841512e+02
5.204555984555984116e-01 1.358783513513513412e+02
5.419053527118044000e-01 1.247016614675646906e+02
5.606541598694942952e-01 1.166371373572593626e+02
5.706576338400528581e-01 1.135035254461335086e+02
