2.166666666666666741e-02 2.829275299999999697e+05
4.454545454545454780e-02 9.136958999999999651e+04
6.211111111111110999e-02 2.152360844444444592e+04
8.302469135802469091e-02 1.747482098765432238e+04
1.001960784313725428e-01 1.391038137254902176e+04
1.238590604026845732e-01 1.012806147651006722e+04
1.404228855721393054e-01 8.186283184079601597e+03
1.630075187969924899e-01 6.663719473684212062e+03
1.808858858858858887e-01 5.840139879879880027e+03
2.036394557823129059e-01 5.263358004535147302e+03
2.190557939914163088e-01 4.956551781115879749e+03
2.426502732240437277e-01 4.227679945355191194e+03
2.596589259796807103e-01 3.741094702467344177e+03
2.811171662125340753e-01 3.343207343324250814e+03
3.008784530386739986e-01 2.764943756906077397e+03
3.206315289648623001e-01 2.680665023741690220e+03
3.399619047619047429e-01 2.553046866666667029e+03
3.619689737470166979e-01 2.441282147971360700e+03
3.799070887818307152e-01 2.401100371644872666e+03
4.013341804320203487e-01 2.094883716645489130e+03
4.195595854922279933e-01 1.778528116292458208e+03
4.407771883289124948e-01 1.964172720424402996e+03
4.600780487804878027e-01 1.767997735609756091e+03
4.807973648341663520e-01 1.491653751930940416e+03
5.009150981177412643e-01 1.476286169803764324e+03
5.204555984555984116e-01 8.209483783783782656e+02
5.419053527118044000e-01 6.979313399503722621e+02
5.606541598694942952e-01 1.011523893637846754e+03
5.706576338400528581e-01 1.052604043621943219e+03
