2.166666666666666741e-02 3.845147333333333372e+05
4.454545454545454780e-02 1.207075590909090970e+05
6.211111111111110999e-02 2.315711777777777752e+04
8.302469135802469091e-02 1.620560246913580340e+04
1.001960784313725428e-01 1.279176176470588507e+04
1.238590604026845732e-01 9.789244161073824216e+03
1.404228855721393054e-01 7.648194029850746119e+03
1.630075187969924899e-01 9.088404210526314273e+03
1.808858858858858887e-01 7.262037117117118214e+03
2.036394557823129059e-01 4.605045600907029439e+03
2.190557939914163088e-01 4.934133261802575362e+03
2.426502732240437277e-01 3.898846757741348029e+03
2.596589259796807103e-01 4.128570580551523562e+03
2.811171662125340753e-01 4.354243678474113949e+03
3.008784530386739986e-01 3.386839215469613464e+03
3.206315289648623001e-01 3.050711415004747778e+03
3.399619047619047429e-01 2.925094390476190256e+03
3.619689737470166979e-01 3.049094630071599113e+03
3.799070887818307152e-01 2.748378444597384714e+03
4.013341804320203487e-01 2.701615057179161795e+03
4.195595854922279933e-01 2.676416799078871918e+03
4.407771883289124948e-01 2.329278063660477528e+03
4.600780487804878027e-01 1.851145514634146366e+03
4.807973648341663520e-01 1.664822133121308525e+03
5.009150981177412643e-01 1.895169995995194085e+03
5.204555984555984116e-01 1.661543042471042554e+03
5.419053527118044000e-01 1.392317362637362521e+03
5.606541598694942952e-01 1.123958666884176182e+03
5.706576338400528581e-01 8.678885353602115629e+02
