2.166666666666666741e-02 4.597920499999999884e+05
4.454545454545454780e-02 1.509612090909091057e+05
6.211111111111110999e-02 3.133534222222222161e+04
8.302469135802469091e-02 2.169542592592592700e+04
1.001960784313725428e-01 1.560914872549019492e+04
1.238590604026845732e-01 1.149227697986577186e+04
1.404228855721393054e-01 8.185799402985074266e+03
1.630075187969924899e-01 6.681646353383459427e+03
1.808858858858858887e-01 4.984523033033033244e+03
2.036394557823129059e-01 4.419852267573696736e+03
2.190557939914163088e-01 4.400900772532188967e+03
2.426502732240437277e-01 3.591223151183970913e+03
2.596589259796807103e-01 4.007194862119012669e+03
2.811171662125340753e-01 3.835164945504087427e+03
3.008784530386739986e-01 3.520063436464088682e+03
3.206315289648623001e-01 3.590220987654321107e+03
3.399619047619047429e-01 3.185715076190476339e+03
3.619689737470166979e-01 2.720348042959426948e+03
3.799070887818307152e-01 2.688887694425326572e+03
4.013341804320203487e-01 2.203242630241423285e+03
4.195595854922279933e-01 1.780232815198618255e+03
4.407771883289124948e-01 2.154232684350132786e+03
4.600780487804878027e-01 2.142874654146341527e+03
4.807973648341663520e-01 1.679637687869150341e+03
5.009150981177412643e-01 1.757563984781738327e+03
5.204555984555984116e-01 1.551768015444015646e+03
5.419053527118044000e-01 1.006861916341722690e+03
5.606541598694942952e-01 1.016301421207177896e+03
5.706576338400528581e-01 1.204148922670191723e+03
