2.166666666666666741e-02 2.831267333333333590e+04
4.454545454545454780e-02 1.294961818181818126e+04
6.211111111111110999e-02 7.236869333333333088e+03
8.302469135802469091e-02 5.134483086419752908e+03
1.001960784313725428e-01 3.694136862745097460e+03
1.238590604026845732e-01 3.121284496644294904e+03
1.404228855721393054e-01 2.585699054726368104e+03
1.630075187969924899e-01 2.149706466165413076e+03
1.808858858858858887e-01 1.906785855855855743e+03
2.036394557823129059e-01 1.523808594104308213e+03
2.190557939914163088e-01 1.287058519313304714e+03
2.426502732240437277e-01 1.013025588342440756e+03
2.596589259796807103e-01 9.489916806966617742e+02
2.811171662125340753e-01 8.993662534059945983e+02
3.008784530386739986e-01 8.491334961325967470e+02
3.206315289648623001e-01 7.921774026590692301e+02
3.399619047619047429e-01 6.553056123809524252e+02
3.619689737470166979e-01 5.568297279236277291e+02
3.799070887818307152e-01 5.227494377150721903e+02
4.013341804320203487e-01 4.683886219822110206e+02
4.195595854922279933e-01 4.394287311456534439e+02
4.407771883289124948e-01 4.039386143236074531e+02
4.600780487804878027e-01 3.804309463414634251e+02
4.807973648341663520e-01 3.485664079963653421e+02
5.009150981177412643e-01 3.319261081297557325e+02
5.204555984555984116e-01 3.147288996138996708e+02
5.419053527118044000e-01 2.798707429989365210e+02
5.606541598694942952e-01 2.749505530179445145e+02
5.706576338400528581e-01 2.810447832121612350e+02
