2.166666666666666741e-02 1.122622550000000047e+05
4.454545454545454780e-02 4.460742272727272211e+04
6.211111111111110999e-02 1.550118888888888978e+04
8.302469135802469091e-02 1.078230493827160353e+04
1.001960784313725428e-01 7.646616176470587561e+03
1.238590604026845732e-01 5.981206644295301885e+03
1.404228855721393054e-01 5.491371044776119561e+03
1.630075187969924899e-01 4.840454398496241083e+03
1.808858858858858887e-01 3.953653483483482887e+03
2.036394557823129059e-01 3.287500408163265547e+03
2.190557939914163088e-01 2.620027639484978863e+03
2.426502732240437277e-01 1.431053697632058174e+03
2.596589259796807103e-01 1.750477416545718370e+03
2.811171662125340753e-01 1.775760054495912755e+03
3.008784530386739986e-01 1.574650585635358993e+03
3.206315289648623001e-01 1.625398119658119640e+03
3.399619047619047429e-01 1.498653771428571417e+03
3.619689737470166979e-01 1.210684028639618191e+03
3.799070887818307152e-01 9.461302436338609141e+02
4.013341804320203487e-01 7.377187439644219467e+02
4.195595854922279933e-01 7.965109562464018609e+02
4.407771883289124948e-01 9.363070366047745665e+02
4.600780487804878027e-01 8.027408073170731768e+02
4.807973648341663520e-01 7.718628709677419693e+02
5.009150981177412643e-01 8.554294381257509485e+02
5.204555984555984116e-01 8.383470177606176321e+02
5.419053527118044000e-01 7.451467043601560363e+02
5.606541598694942952e-01 5.756030437194128808e+02
5.706576338400528581e-01 4.785888334434897615e+02
