-2.375000000000000000e+01 5.738793894306394527e+00 4.225291193694108993e-01
-2.325000000000000000e+01 5.027829633616217819e+00 1.707332813175311270e-01
-2.275000000000000000e+01 4.847754957467969028e+00 1.156125142392398913e-01
-2.225000000000000000e+01 3.902566741810111761e+00 9.394645153525095493e-02
-2.175000000000000000e+01 3.663676382014349198e+00 6.693541574987496579e-02
-2.125000000000000000e+01 3.068354448188161054e+00 4.580913758860822443e-02
-2.075000000000000000e+01 2.829233149274537062e+00 3.071481119447803596e-02
-2.025000000000000000e+01 2.712813531066484707e+00 2.286990000821001109e-02
-1.975000000000000000e+01 2.593724046441889364e+00 1.981762155385716900e-02
-1.925000000000000000e+01 2.464179275565210769e+00 1.844358491172563494e-02
-1.875000000000000000e+01 2.327897890758689581e+00 1.714702906442125072e-02
-1.825000000000000000e+01 2.276566893436434924e+00 1.572215791350409231e-02
-1.775000000000000000e+01 2.150203392790475565e+00 1.424985319885118881e-02
-1.725000000000000000e+01 2.073084249324248951e+00 1.281311282572844025e-02
-1.675000000000000000e+01 2.018604484038839075e+00 1.155873524749919182e-02
-1.625000000000000000e+01 1.937516655584211600e+00 1.050473157143925682e-02
-1.575000000000000000e+01 1.865326872218752374e+00 9.457149710761699260e-03
-1.525000000000000000e+01 1.783647445353772065e+00 8.345987927772665141e-03
-1.475000000000000000e+01 1.719087019655044069e+00 7.386098793883814385e-03
-1.425000000000000000e+01 1.637852594672935425e+00 6.661384893656739116e-03
