2.166666666666666741e-02 3.104516999999999825e+04
4.454545454545454780e-02 1.431190545454545645e+04
6.211111111111110999e-02 8.272866222222221040e+03
8.302469135802469091e-02 5.769704567901234441e+03
1.001960784313725428e-01 4.024270588235293872e+03
1.238590604026845732e-01 3.500592818791946684e+03
1.404228855721393054e-01 2.989037860696517328e+03
1.630075187969924899e-01 2.311642744360902270e+03
1.808858858858858887e-01 2.003726366366366392e+03
2.036394557823129059e-01 1.703068412698412885e+03
2.190557939914163088e-01 1.400186716738197447e+03
2.426502732240437277e-01 1.068875978142076519e+03
2.596589259796807103e-01 1.059110873730043522e+03
2.811171662125340753e-01 9.996953678474112621e+02
3.008784530386739986e-01 9.125902585635359401e+02
3.206315289648623001e-01 8.401107046533712719e+02
3.399619047619047429e-01 6.966970923809524265e+02
3.619689737470166979e-01 6.217588663484486915e+02
3.799070887818307152e-01 5.797432697866482840e+02
4.013341804320203487e-01 5.116159974587039301e+02
4.195595854922279933e-01 5.065620178468623180e+02
4.407771883289124948e-01 4.981438912466844045e+02
4.600780487804878027e-01 4.456578414634146270e+02
4.807973648341663520e-01 4.012057846433439749e+02
5.009150981177412643e-01 4.076379779735682405e+02
5.204555984555984116e-01 3.926786173745173869e+02
5.419053527118044000e-01 3.515312754342431845e+02
5.606541598694942952e-01 3.411602437194127333e+02
5.706576338400528581e-01 3.462856040978188616e+02
