2.166666666666666741e-02 3.687093283333333602e+03
4.454545454545454780e-02 3.685536818181818035e+03
6.211111111111110999e-02 2.985648000000000138e+03
8.302469135802469091e-02 1.996536790123456967e+03
1.001960784313725428e-01 1.588966862745098297e+03
1.238590604026845732e-01 1.203033154362416099e+03
1.404228855721393054e-01 9.548231044776118779e+02
1.630075187969924899e-01 8.434872819548871803e+02
1.808858858858858887e-01 7.189742492492491692e+02
2.036394557823129059e-01 5.398333333333333712e+02
2.190557939914163088e-01 4.534251523605150282e+02
2.426502732240437277e-01 3.377391639344261876e+02
2.596589259796807103e-01 3.198018026124818221e+02
2.811171662125340753e-01 3.331516566757492797e+02
3.008784530386739986e-01 2.912455535911601601e+02
3.206315289648623001e-01 2.512549297245963942e+02
3.399619047619047429e-01 2.197795809523809396e+02
3.619689737470166979e-01 1.796450429594272009e+02
3.799070887818307152e-01 1.660117604955265165e+02
4.013341804320203487e-01 1.584016493011435784e+02
4.195595854922279933e-01 1.452383074265975722e+02
4.407771883289124948e-01 1.313612461538461389e+02
4.600780487804878027e-01 1.244824531707317021e+02
4.807973648341663520e-01 1.145736865061335834e+02
5.009150981177412643e-01 1.075366345214257109e+02
5.204555984555984116e-01 1.007039938223938123e+02
5.419053527118044000e-01 8.949628287841191820e+01
5.606541598694942952e-01 8.324550665579118913e+01
5.706576338400528581e-01 8.217956345009913832e+01
