2.166666666666666741e-02 3.969472066666666797e+04
4.454545454545454780e-02 1.645612318181818409e+04
6.211111111111110999e-02 8.328607333333331553e+03
8.302469135802469091e-02 5.896980740740740657e+03
1.001960784313725428e-01 4.387345882352941771e+03
1.238590604026845732e-01 3.682325637583892785e+03
1.404228855721393054e-01 2.897965721393034983e+03
1.630075187969924899e-01 2.344478421052631802e+03
1.808858858858858887e-01 2.058502912912912961e+03
2.036394557823129059e-01 1.783500385487528547e+03
2.190557939914163088e-01 1.454813755364807093e+03
2.426502732240437277e-01 1.049019635701275092e+03
2.596589259796807103e-01 1.083321059506531356e+03
2.811171662125340753e-01 1.036061934604904536e+03
3.008784530386739986e-01 9.817800066298342472e+02
3.206315289648623001e-01 9.509265906932573671e+02
3.399619047619047429e-01 8.121136038095238519e+02
3.619689737470166979e-01 6.665196372315035660e+02
3.799070887818307152e-01 6.024651823812801013e+02
4.013341804320203487e-01 5.400053424396443233e+02
4.195595854922279933e-01 4.930521951640759539e+02
4.407771883289124948e-01 4.742832137931034708e+02
4.600780487804878027e-01 4.687495809756097742e+02
4.807973648341663520e-01 4.369222985006815065e+02
5.009150981177412643e-01 4.122619843812575482e+02
5.204555984555984116e-01 3.958336691119691295e+02
5.419053527118044000e-01 3.748261339950371962e+02
5.606541598694942952e-01 3.595389921696573765e+02
5.706576338400528581e-01 3.520944950429610003e+02
