2.166666666666666741e-02 8.437136833333333925e+03
4.454545454545454780e-02 5.864064545454545623e+03
6.211111111111110999e-02 5.049969777777778290e+03
8.302469135802469091e-02 3.965637654320988077e+03
1.001960784313725428e-01 2.909188529411764648e+03
1.238590604026845732e-01 2.084523355704697678e+03
1.404228855721393054e-01 1.733416567164179014e+03
1.630075187969924899e-01 1.547564699248120178e+03
1.808858858858858887e-01 1.366755915915915921e+03
2.036394557823129059e-01 1.085150643990929666e+03
2.190557939914163088e-01 8.819277424892704857e+02
2.426502732240437277e-01 6.559790054644809061e+02
2.596589259796807103e-01 6.499386618287372812e+02
2.811171662125340753e-01 6.199919564032696826e+02
3.008784530386739986e-01 5.569868132596684518e+02
3.206315289648623001e-01 5.125155441595442198e+02
3.399619047619047429e-01 4.426593742857143070e+02
3.619689737470166979e-01 3.755368711217183773e+02
3.799070887818307152e-01 3.374693269098417545e+02
4.013341804320203487e-01 2.908794447268106751e+02
4.195595854922279933e-01 2.838934196891191846e+02
4.407771883289124948e-01 2.797476371352785236e+02
4.600780487804878027e-01 2.603333307317072922e+02
4.807973648341663520e-01 2.318576537937301225e+02
5.009150981177412643e-01 2.160867873448138141e+02
5.204555984555984116e-01 2.065895749034748974e+02
5.419053527118044000e-01 1.855846504785536979e+02
5.606541598694942952e-01 1.740285350734094436e+02
5.706576338400528581e-01 1.690186675479180565e+02
