2.166666666666666741e-02 1.546068183333333291e+05
4.454545454545454780e-02 6.326455136363636848e+04
6.211111111111110999e-02 2.522082066666667015e+04
8.302469135802469091e-02 1.641245925925925985e+04
1.001960784313725428e-01 9.313129313725488828e+03
1.238590604026845732e-01 5.741818724832214684e+03
1.404228855721393054e-01 5.202541343283581227e+03
1.630075187969924899e-01 4.391357781954887287e+03
1.808858858858858887e-01 3.661559519519519654e+03
2.036394557823129059e-01 3.641904081632653288e+03
2.190557939914163088e-01 3.457882339055793636e+03
2.426502732240437277e-01 2.452443989071038231e+03
2.596589259796807103e-01 2.507337924528302210e+03
2.811171662125340753e-01 2.392341716621253454e+03
3.008784530386739986e-01 2.135988939226519051e+03
3.206315289648623001e-01 2.030106239316239453e+03
3.399619047619047429e-01 1.888776342857142708e+03
3.619689737470166979e-01 1.853285035799522802e+03
3.799070887818307152e-01 1.674213441156228328e+03
4.013341804320203487e-01 9.771702585768741756e+02
4.195595854922279933e-01 9.603373960852044320e+02
4.407771883289124948e-01 1.225374271618037028e+03
4.600780487804878027e-01 1.134290311219512205e+03
4.807973648341663520e-01 9.925802726033622321e+02
5.009150981177412643e-01 8.298230052062474442e+02
5.204555984555984116e-01 8.481756135135134400e+02
5.419053527118044000e-01 8.435878748670684217e+02
5.606541598694942952e-01 7.288733383360522566e+02
5.706576338400528581e-01 6.403417356245869314e+02
