2.166666666666666741e-02 1.348179649999999856e+04
4.454545454545454780e-02 7.908088636363637306e+03
6.211111111111110999e-02 6.017837111111110971e+03
8.302469135802469091e-02 4.128520864197530500e+03
1.001960784313725428e-01 2.963131862745098260e+03
1.238590604026845732e-01 2.419935704697986694e+03
1.404228855721393054e-01 1.931542935323383062e+03
1.630075187969924899e-01 1.658877330827067681e+03
1.808858858858858887e-01 1.495396876876876831e+03
2.036394557823129059e-01 1.185807047619047580e+03
2.190557939914163088e-01 9.403351373390557910e+02
2.426502732240437277e-01 6.836987868852457950e+02
2.596589259796807103e-01 6.727464179970972964e+02
2.811171662125340753e-01 6.750667343324250851e+02
3.008784530386739986e-01 6.278233911602210355e+02
3.206315289648623001e-01 5.800787274453940654e+02
3.399619047619047429e-01 4.858538609523809555e+02
3.619689737470166979e-01 3.999933699284009094e+02
3.799070887818307152e-01 3.735852608396421033e+02
4.013341804320203487e-01 3.464356518424396540e+02
4.195595854922279933e-01 3.361843016695451638e+02
4.407771883289124948e-01 3.102224742705569724e+02
4.600780487804878027e-01 2.824395785365853158e+02
4.807973648341663520e-01 2.543975701953657449e+02
5.009150981177412643e-01 2.437367737284741906e+02
5.204555984555984116e-01 2.404555853281853217e+02
5.419053527118044000e-01 2.152421829138603186e+02
5.606541598694942952e-01 2.018762991843393308e+02
5.706576338400528581e-01 2.030692749504295875e+02
