-2.175000000000000000e+01 4.039115524966414128e+00 1.194971700022495753e+00 2.425224057877118972e-04 2.425224057877118972e-04
-2.125000000000000000e+01 3.790381950471324313e+00 1.211133586829866715e+00 4.759745167908433481e-04 4.759745167908433481e-04
-2.075000000000000000e+01 3.466288997903161029e+00 1.104756209942750811e+00 8.504481157542381851e-04 8.504481157542381851e-04
-2.025000000000000000e+01 3.170400495200352609e+00 8.501087367927135929e-01 1.570672713529856464e-03 1.570672713529856464e-03
-1.975000000000000000e+01 2.898736705273868175e+00 6.562375699385003536e-01 3.476514415289925705e-03 3.476514415289925705e-03
-1.925000000000000000e+01 2.717281585145448375e+00 5.828550187809945493e-01 7.599827232480293668e-03 7.599827232480293668e-03
-1.875000000000000000e+01 2.610056220127734861e+00 5.955479256937314947e-01 1.162379872583954241e-02 1.162379872583954241e-02
-1.825000000000000000e+01 2.497157264344672001e+00 5.685143151817247942e-01 1.441118669690098254e-02 1.441118669690098254e-02
-1.775000000000000000e+01 2.389198303502711340e+00 5.389340634711478062e-01 1.688219414750026862e-02 1.688219414750026862e-02
-1.725000000000000000e+01 2.296274432489417539e+00 5.008366717732861684e-01 1.987452758881330314e-02 1.987452758881330314e-02
