2.166666666666666741e-02 5.125988916666667137e+03
4.454545454545454780e-02 4.501015909090909190e+03
6.211111111111110999e-02 3.581770444444444820e+03
8.302469135802469091e-02 2.463371851851851716e+03
1.001960784313725428e-01 1.950603235294117894e+03
1.238590604026845732e-01 1.480988255033557152e+03
1.404228855721393054e-01 1.188662218905472400e+03
1.630075187969924899e-01 1.049726586466165372e+03
1.808858858858858887e-01 8.841780240240240119e+02
2.036394557823129059e-01 6.652043356009070294e+02
2.190557939914163088e-01 5.654612017167381737e+02
2.426502732240437277e-01 4.201981712204006953e+02
2.596589259796807103e-01 3.925727750362844404e+02
2.811171662125340753e-01 3.992754073569482216e+02
3.008784530386739986e-01 3.604879193370165922e+02
3.206315289648623001e-01 3.212915394112060312e+02
3.399619047619047429e-01 2.751137752380952293e+02
3.619689737470166979e-01 2.245416587112171669e+02
3.799070887818307152e-01 2.085948279421885445e+02
4.013341804320203487e-01 1.913503252858958206e+02
4.195595854922279933e-01 1.739768744962579206e+02
4.407771883289124948e-01 1.646483989389920453e+02
4.600780487804878027e-01 1.612332112195121852e+02
4.807973648341663520e-01 1.421683957292140121e+02
5.009150981177412643e-01 1.305873580296355385e+02
5.204555984555984116e-01 1.274843335907335842e+02
5.419053527118044000e-01 1.164757302375044219e+02
5.606541598694942952e-01 1.097846590538335931e+02
5.706576338400528581e-01 1.079945432914739030e+02
