2.166666666666666741e-02 5.056017433333333429e+03
4.454545454545454780e-02 4.473234999999999673e+03
6.211111111111110999e-02 3.986045333333333019e+03
8.302469135802469091e-02 2.749741111111110968e+03
1.001960784313725428e-01 2.149239509803921464e+03
1.238590604026845732e-01 1.664811543624161004e+03
1.404228855721393054e-01 1.293639691542288347e+03
1.630075187969924899e-01 1.161962067669172939e+03
1.808858858858858887e-01 9.814066786786786452e+02
2.036394557823129059e-01 7.316758208616780621e+02
2.190557939914163088e-01 6.237633454935622694e+02
2.426502732240437277e-01 4.847325719489982134e+02
2.596589259796807103e-01 4.543917880986938371e+02
2.811171662125340753e-01 4.376875381471390369e+02
3.008784530386739986e-01 3.913506596685082854e+02
3.206315289648623001e-01 3.545394700854700432e+02
3.399619047619047429e-01 3.003566200000000208e+02
3.619689737470166979e-01 2.523028997613365050e+02
3.799070887818307152e-01 2.365297460426702969e+02
4.013341804320203487e-01 2.096855749682337944e+02
4.195595854922279933e-01 1.971545780080598718e+02
4.407771883289124948e-01 1.840864992042440065e+02
4.600780487804878027e-01 1.754883882926829131e+02
4.807973648341663520e-01 1.606742721490231531e+02
5.009150981177412643e-01 1.489559259110933169e+02
5.204555984555984116e-01 1.419788065637065415e+02
5.419053527118044000e-01 1.274158504076568619e+02
5.606541598694942952e-01 1.182383500815660682e+02
5.706576338400528581e-01 1.144903628552544603e+02
