2.166666666666666741e-02 9.119018000000000029e+03
4.454545454545454780e-02 6.682143181818181802e+03
6.211111111111110999e-02 5.767831777777777461e+03
8.302469135802469091e-02 3.936160617283950614e+03
1.001960784313725428e-01 2.746439117647058538e+03
1.238590604026845732e-01 2.303836912751677573e+03
1.404228855721393054e-01 1.875020895522387718e+03
1.630075187969924899e-01 1.562357969924811869e+03
1.808858858858858887e-01 1.418335435435435329e+03
2.036394557823129059e-01 1.141900807256235794e+03
2.190557939914163088e-01 9.386084141630901740e+02
2.426502732240437277e-01 7.452075792349727408e+02
2.596589259796807103e-01 7.040309027576196286e+02
2.811171662125340753e-01 6.599663474114441897e+02
3.008784530386739986e-01 6.063956762430939307e+02
3.206315289648623001e-01 5.398801462488129346e+02
3.399619047619047429e-01 4.554452552380952284e+02
3.619689737470166979e-01 4.018191694510740035e+02
3.799070887818307152e-01 3.719064308327597814e+02
4.013341804320203487e-01 3.417467083862770210e+02
4.195595854922279933e-01 3.275714375359816017e+02
4.407771883289124948e-01 3.003059989389920474e+02
4.600780487804878027e-01 2.858394200000000183e+02
4.807973648341663520e-01 2.570311090413447914e+02
5.009150981177412643e-01 2.369800452543051961e+02
5.204555984555984116e-01 2.355810270270270621e+02
5.419053527118044000e-01 2.087688362282878245e+02
5.606541598694942952e-01 1.985157755301794396e+02
5.706576338400528581e-01 2.078449147389293046e+02
