2.166666666666666741e-02 6.817413833333333605e+04
4.454545454545454780e-02 2.894034500000000480e+04
6.211111111111110999e-02 1.122169399999999951e+04
8.302469135802469091e-02 6.962139629629630690e+03
1.001960784313725428e-01 5.549218627450980421e+03
1.238590604026845732e-01 4.523305436241610550e+03
1.404228855721393054e-01 3.059834427860696451e+03
1.630075187969924899e-01 2.281023045112781801e+03
1.808858858858858887e-01 2.007201471471471677e+03
2.036394557823129059e-01 1.628671564625850351e+03
2.190557939914163088e-01 1.600446030042918437e+03
2.426502732240437277e-01 1.142315544626593692e+03
2.596589259796807103e-01 1.060534984034833087e+03
2.811171662125340753e-01 1.065156024523161022e+03
3.008784530386739986e-01 8.519312154696133348e+02
3.206315289648623001e-01 8.259711139601139394e+02
3.399619047619047429e-01 8.519421200000000454e+02
3.619689737470166979e-01 6.894634677804295961e+02
3.799070887818307152e-01 4.985846194081211706e+02
4.013341804320203487e-01 5.610285559085133400e+02
4.195595854922279933e-01 6.163662515831894098e+02
4.407771883289124948e-01 6.303403533156499634e+02
4.600780487804878027e-01 5.380871243902438437e+02
4.807973648341663520e-01 3.941868000908677345e+02
5.009150981177412643e-01 3.500552042450941030e+02
5.204555984555984116e-01 3.677776818532818766e+02
5.419053527118044000e-01 3.743024966323998797e+02
5.606541598694942952e-01 3.681732848287112461e+02
5.706576338400528581e-01 4.158052861863847056e+02
