2.166666666666666741e-02 4.289542533333333267e+03
4.454545454545454780e-02 3.951901818181817816e+03
6.211111111111110999e-02 3.131719555555555871e+03
8.302469135802469091e-02 2.077837530864197561e+03
1.001960784313725428e-01 1.645082156862745251e+03
1.238590604026845732e-01 1.265711006711409482e+03
1.404228855721393054e-01 1.019428368159204069e+03
1.630075187969924899e-01 9.057683082706766982e+02
1.808858858858858887e-01 7.574661981981981853e+02
2.036394557823129059e-01 5.719541383219954014e+02
2.190557939914163088e-01 4.858783025751073410e+02
2.426502732240437277e-01 3.540892058287795976e+02
2.596589259796807103e-01 3.377596400580551403e+02
2.811171662125340753e-01 3.451955136239781723e+02
3.008784530386739986e-01 3.044088121546961929e+02
3.206315289648623001e-01 2.693087578347578415e+02
3.399619047619047429e-01 2.296385257142857199e+02
3.619689737470166979e-01 1.856597279236276847e+02
3.799070887818307152e-01 1.761020240880936001e+02
4.013341804320203487e-01 1.668467935196950407e+02
4.195595854922279933e-01 1.489981139896372895e+02
4.407771883289124948e-01 1.363834212201591640e+02
4.600780487804878027e-01 1.299771497560975604e+02
4.807973648341663520e-01 1.180353711949114057e+02
5.009150981177412643e-01 1.122107833400080068e+02
5.204555984555984116e-01 1.039324858301158230e+02
5.419053527118044000e-01 9.037385689471817329e+01
5.606541598694942952e-01 8.722491579119086680e+01
5.706576338400528581e-01 8.862828347653668004e+01
