2.166666666666666741e-02 5.926871066666666593e+03
4.454545454545454780e-02 4.672320909090908572e+03
6.211111111111110999e-02 3.979125777777777785e+03
8.302469135802469091e-02 2.802619876543209557e+03
1.001960784313725428e-01 2.207918823529411839e+03
1.238590604026845732e-01 1.750990268456375816e+03
1.404228855721393054e-01 1.366158905472636889e+03
1.630075187969924899e-01 1.188176383458646569e+03
1.808858858858858887e-01 1.020908762762762763e+03
2.036394557823129059e-01 7.727664648526076689e+02
2.190557939914163088e-01 6.812118454935621230e+02
2.426502732240437277e-01 5.417553533697632702e+02
2.596589259796807103e-01 4.774042278664732066e+02
2.811171662125340753e-01 4.516216049046321928e+02
3.008784530386739986e-01 4.015808276243093928e+02
3.206315289648623001e-01 3.709607853751186326e+02
3.399619047619047429e-01 3.194012076190476250e+02
3.619689737470166979e-01 2.627520071599045650e+02
3.799070887818307152e-01 2.514855664143152012e+02
4.013341804320203487e-01 2.249348221092757569e+02
4.195595854922279933e-01 2.122942717328727724e+02
4.407771883289124948e-01 1.977261687002652764e+02
4.600780487804878027e-01 1.838288336585366096e+02
4.807973648341663520e-01 1.690463103134938763e+02
5.009150981177412643e-01 1.561992478974769654e+02
5.204555984555984116e-01 1.473546637065637128e+02
5.419053527118044000e-01 1.300880202056008557e+02
5.606541598694942952e-01 1.219350254486133736e+02
5.706576338400528581e-01 1.215501473892927891e+02
