2.166666666666666741e-02 4.516118733333333694e+03
4.454545454545454780e-02 4.142571818181817434e+03
6.211111111111110999e-02 3.410487111111110607e+03
8.302469135802469091e-02 2.357942962962963065e+03
1.001960784313725428e-01 1.884418431372548866e+03
1.238590604026845732e-01 1.423403892617449628e+03
1.404228855721393054e-01 1.168395890547263889e+03
1.630075187969924899e-01 1.042312984962405835e+03
1.808858858858858887e-01 8.519958318318317652e+02
2.036394557823129059e-01 6.538013424036281549e+02
2.190557939914163088e-01 5.609153240343348443e+02
2.426502732240437277e-01 4.085622896174863286e+02
2.596589259796807103e-01 3.942152351233672221e+02
2.811171662125340753e-01 4.001042820163488045e+02
3.008784530386739986e-01 3.484479447513812147e+02
3.206315289648623001e-01 3.105348528015194915e+02
3.399619047619047429e-01 2.665620352380952909e+02
3.619689737470166979e-01 2.202090381861575281e+02
3.799070887818307152e-01 2.060417859600825921e+02
4.013341804320203487e-01 1.863902986022871744e+02
4.195595854922279933e-01 1.675377449625791257e+02
4.407771883289124948e-01 1.565226249336870126e+02
4.600780487804878027e-01 1.489250307317073236e+02
4.807973648341663520e-01 1.365363112221717188e+02
5.009150981177412643e-01 1.337131517821385671e+02
5.204555984555984116e-01 1.265109119691119588e+02
5.419053527118044000e-01 1.119880616802552282e+02
5.606541598694942952e-01 1.036912997063621589e+02
5.706576338400528581e-01 9.972397726371447391e+01
