-2.175000000000000000e+01 3.358417789172809087e+00 7.883342543867319918e-01 1.304394773782528835e-04 1.304394773782528835e-04
-2.125000000000000000e+01 3.254365228171710367e+00 8.075527225705205758e-01 2.893855955080444826e-04 2.893855955080444826e-04
-2.075000000000000000e+01 3.113291730232060850e+00 8.334332344438146745e-01 5.079365079365079144e-04 5.079365079365079144e-04
-2.025000000000000000e+01 2.989631297412821631e+00 8.122180601134508793e-01 9.906057661159702304e-04 9.906057661159702304e-04
-1.975000000000000000e+01 2.813507782182534278e+00 6.333537193482817740e-01 2.416585681891804480e-03 2.416585681891804480e-03
-1.925000000000000000e+01 2.656639807340170023e+00 5.114339695298920629e-01 6.012309685779073688e-03 6.012309685779073688e-03
-1.875000000000000000e+01 2.570038556427710397e+00 5.210850556754931251e-01 1.061310873555771500e-02 1.061310873555771500e-02
-1.825000000000000000e+01 2.489825065010610405e+00 5.455194775281665409e-01 1.502386351365943284e-02 1.502386351365943284e-02
-1.775000000000000000e+01 2.402620594142701016e+00 5.300518504457135682e-01 1.921196415073966185e-02 1.921196415073966185e-02
-1.725000000000000000e+01 2.317627690162057164e+00 5.071385933276135738e-01 2.307547781017168717e-02 2.307547781017168717e-02
