2.166666666666666741e-02 2.904983450000000084e+04
4.454545454545454780e-02 1.363486499999999796e+04
6.211111111111110999e-02 7.354833111111111066e+03
8.302469135802469091e-02 4.971047160493826595e+03
1.001960784313725428e-01 3.602981862745097715e+03
1.238590604026845732e-01 3.150620469798657723e+03
1.404228855721393054e-01 2.571809452736318235e+03
1.630075187969924899e-01 2.058487969924811750e+03
1.808858858858858887e-01 1.796238618618618602e+03
2.036394557823129059e-01 1.479322494331065627e+03
2.190557939914163088e-01 1.276201012875536435e+03
2.426502732240437277e-01 9.803536393442624330e+02
2.596589259796807103e-01 9.409921422351234241e+02
2.811171662125340753e-01 8.945975504087192576e+02
3.008784530386739986e-01 8.319898563535912217e+02
3.206315289648623001e-01 7.845186619183284620e+02
3.399619047619047429e-01 6.798041209523810267e+02
3.619689737470166979e-01 5.785715704057278117e+02
3.799070887818307152e-01 5.109905581555402136e+02
4.013341804320203487e-01 4.401536664548920044e+02
4.195595854922279933e-01 4.169642291306850552e+02
4.407771883289124948e-01 3.909008297082228296e+02
4.600780487804878027e-01 3.683109209756097471e+02
4.807973648341663520e-01 3.367444925034075141e+02
5.009150981177412643e-01 3.294332595114137234e+02
5.204555984555984116e-01 3.113310725868725513e+02
5.419053527118044000e-01 2.645539712867777666e+02
5.606541598694942952e-01 2.627101549755302017e+02
5.706576338400528581e-01 2.736031123595505505e+02
