2.166666666666666741e-02 5.178082299999999123e+03
4.454545454545454780e-02 4.490777727272727134e+03
6.211111111111110999e-02 3.830477777777777646e+03
8.302469135802469091e-02 2.685178271604938345e+03
1.001960784313725428e-01 2.087111568627451106e+03
1.238590604026845732e-01 1.622370872483221547e+03
1.404228855721393054e-01 1.272822238805970301e+03
1.630075187969924899e-01 1.109401601503759366e+03
1.808858858858858887e-01 9.436100660660661106e+02
2.036394557823129059e-01 7.096677596371881691e+02
2.190557939914163088e-01 6.017045042918455238e+02
2.426502732240437277e-01 4.649967449908925232e+02
2.596589259796807103e-01 4.366716458635703475e+02
2.811171662125340753e-01 4.171278242506811580e+02
3.008784530386739986e-01 3.744129756906077091e+02
3.206315289648623001e-01 3.327402915479582362e+02
3.399619047619047429e-01 2.783304723809524148e+02
3.619689737470166979e-01 2.420843603818615577e+02
3.799070887818307152e-01 2.346854714384032832e+02
4.013341804320203487e-01 2.141990686149936778e+02
4.195595854922279933e-01 1.952740886586067859e+02
4.407771883289124948e-01 1.822369803713528142e+02
4.600780487804878027e-01 1.758060468292683254e+02
4.807973648341663520e-01 1.580134575193094122e+02
5.009150981177412643e-01 1.448253772527032766e+02
5.204555984555984116e-01 1.375634729729729884e+02
5.419053527118044000e-01 1.250577780928748552e+02
5.606541598694942952e-01 1.174310319738988397e+02
5.706576338400528581e-01 1.143978195637805726e+02
