2.166666666666666741e-02 9.176716333333333750e+03
4.454545454545454780e-02 6.566020454545455323e+03
6.211111111111110999e-02 6.178189111111111743e+03
8.302469135802469091e-02 4.312959753086419369e+03
1.001960784313725428e-01 3.019032745098038959e+03
1.238590604026845732e-01 2.541285637583892822e+03
1.404228855721393054e-01 2.019752288557214115e+03
1.630075187969924899e-01 1.724758345864661578e+03
1.808858858858858887e-01 1.504180390390390357e+03
2.036394557823129059e-01 1.184990290249433201e+03
2.190557939914163088e-01 1.038913957081545050e+03
2.426502732240437277e-01 7.825396612021856981e+02
2.596589259796807103e-01 7.421380029027576484e+02
2.811171662125340753e-01 7.394293882833788984e+02
3.008784530386739986e-01 6.771064563535911702e+02
3.206315289648623001e-01 6.372969867046534773e+02
3.399619047619047429e-01 5.357928038095237753e+02
3.619689737470166979e-01 4.161201217183771064e+02
3.799070887818307152e-01 3.910438196834135738e+02
4.013341804320203487e-01 3.733229396442185930e+02
4.195595854922279933e-01 3.411499188255613149e+02
4.407771883289124948e-01 3.132482360742706078e+02
4.600780487804878027e-01 3.037926443902438791e+02
4.807973648341663520e-01 2.855638000908677441e+02
5.009150981177412643e-01 2.686076860232278705e+02
5.204555984555984116e-01 2.548617787644787711e+02
5.419053527118044000e-01 2.288174218362283057e+02
5.606541598694942952e-01 2.230918867862968966e+02
5.706576338400528581e-01 2.327187078651685681e+02
