2.166666666666666741e-02 7.021554333333332324e+05
4.454545454545454780e-02 2.200438636363636469e+05
6.211111111111110999e-02 3.659076888888888789e+04
8.302469135802469091e-02 1.435672351851852181e+04
1.001960784313725428e-01 1.139893632352941131e+04
1.238590604026845732e-01 8.260456241610738289e+03
1.404228855721393054e-01 1.400760547263681474e+03
1.630075187969924899e-01 5.809345939849624301e+03
1.808858858858858887e-01 9.203449339339338621e+03
2.036394557823129059e-01 8.783380294784579746e+03
2.190557939914163088e-01 4.406975193133047469e+03
2.426502732240437277e-01 7.968109617486339857e+02
2.596589259796807103e-01 3.301746426705370141e+03
2.811171662125340753e-01 5.234829604904632106e+03
3.008784530386739986e-01 5.359593619889503316e+03
3.206315289648623001e-01 3.513855124406458344e+03
3.399619047619047429e-01 2.808473133333332953e+03
3.619689737470166979e-01 4.000481909307875867e+03
3.799070887818307152e-01 3.491819298004129450e+03
4.013341804320203487e-01 -2.536149809402794517e+02
4.195595854922279933e-01 -1.611771122625216321e+02
4.407771883289124948e-01 2.501330231299734351e+03
4.600780487804878027e-01 3.148554990243902466e+03
4.807973648341663520e-01 4.066592358019082894e+03
5.009150981177412643e-01 1.911477773968762449e+03
5.204555984555984116e-01 1.015810016833976988e+03
5.419053527118044000e-01 2.636867983693725819e+03
5.606541598694942952e-01 3.488888854812397767e+03
5.706576338400528581e-01 4.127449953734302653e+03
