2.166666666666666741e-02 3.733669483333333119e+03
4.454545454545454780e-02 3.597953636363636178e+03
6.211111111111110999e-02 2.792203333333333376e+03
8.302469135802469091e-02 1.892930246913580277e+03
1.001960784313725428e-01 1.552413333333333185e+03
1.238590604026845732e-01 1.150092308724832264e+03
1.404228855721393054e-01 9.005936218905474107e+02
1.630075187969924899e-01 7.976662330827067535e+02
1.808858858858858887e-01 6.792117357357356013e+02
2.036394557823129059e-01 5.229594648526076526e+02
2.190557939914163088e-01 4.481937575107295402e+02
2.426502732240437277e-01 3.259561511839708032e+02
2.596589259796807103e-01 3.036913280116110059e+02
2.811171662125340753e-01 3.199096430517711269e+02
3.008784530386739986e-01 2.831589977900552526e+02
3.206315289648623001e-01 2.431494909781576439e+02
3.399619047619047429e-01 2.131444266666666749e+02
3.619689737470166979e-01 1.753379618138424689e+02
3.799070887818307152e-01 1.603431569167240411e+02
4.013341804320203487e-01 1.482967153748411988e+02
4.195595854922279933e-01 1.373843586643638730e+02
4.407771883289124948e-01 1.272950122015915042e+02
4.600780487804878027e-01 1.195211414634146507e+02
4.807973648341663520e-01 1.088476610631531258e+02
5.009150981177412643e-01 1.025164406888265916e+02
5.204555984555984116e-01 9.753943057915057580e+01
5.419053527118044000e-01 8.706033676001418087e+01
5.606541598694942952e-01 7.990645419249591441e+01
5.706576338400528581e-01 7.755196093853271577e+01
