2.166666666666666741e-02 2.622598716666666951e+04
4.454545454545454780e-02 1.204660272727272786e+04
6.211111111111110999e-02 6.319945777777777948e+03
8.302469135802469091e-02 4.424323827160493238e+03
1.001960784313725428e-01 3.252007941176470467e+03
1.238590604026845732e-01 2.662544832214765393e+03
1.404228855721393054e-01 2.090074228855721685e+03
1.630075187969924899e-01 1.745262819548872358e+03
1.808858858858858887e-01 1.541207537537537519e+03
2.036394557823129059e-01 1.284074172335600906e+03
2.190557939914163088e-01 1.130088072961373427e+03
2.426502732240437277e-01 8.480046630236794272e+02
2.596589259796807103e-01 7.799942293178519321e+02
2.811171662125340753e-01 7.160211989100816936e+02
3.008784530386739986e-01 7.056281767955800888e+02
3.206315289648623001e-01 6.715121177587844841e+02
3.399619047619047429e-01 5.514084752380952068e+02
3.619689737470166979e-01 4.822187708830549013e+02
3.799070887818307152e-01 4.523088444597385092e+02
4.013341804320203487e-01 4.095451899618805101e+02
4.195595854922279933e-01 3.765494634427172969e+02
4.407771883289124948e-01 3.334431294429708146e+02
4.600780487804878027e-01 3.127883868292682905e+02
4.807973648341663520e-01 3.027732058155384038e+02
5.009150981177412643e-01 2.912959311173407855e+02
5.204555984555984116e-01 2.629993660231660328e+02
5.419053527118044000e-01 2.393479879475362964e+02
5.606541598694942952e-01 2.182470548123980336e+02
5.706576338400528581e-01 1.989267409120951697e+02
