2.166666666666666741e-02 2.730922716666666674e+05
4.454545454545454780e-02 8.702446000000000640e+04
6.211111111111110999e-02 1.975089600000000064e+04
8.302469135802469091e-02 1.738012469135802166e+04
1.001960784313725428e-01 1.329108823529411711e+04
1.238590604026845732e-01 9.835432080536911599e+03
1.404228855721393054e-01 7.910902139303481817e+03
1.630075187969924899e-01 6.755673609022556775e+03
1.808858858858858887e-01 4.523317507507507798e+03
2.036394557823129059e-01 3.126074217687074906e+03
2.190557939914163088e-01 3.791314613733905389e+03
2.426502732240437277e-01 3.113740546448087116e+03
2.596589259796807103e-01 2.392093323657474684e+03
2.811171662125340753e-01 2.302504768392370352e+03
3.008784530386739986e-01 2.152608353591160267e+03
3.206315289648623001e-01 1.949849287749287669e+03
3.399619047619047429e-01 2.170832400000000234e+03
3.619689737470166979e-01 1.893296821002386878e+03
3.799070887818307152e-01 1.076841158981417720e+03
4.013341804320203487e-01 8.418745565438373433e+02
4.195595854922279933e-01 1.029671325273460070e+03
4.407771883289124948e-01 1.141324790450928276e+03
4.600780487804878027e-01 9.394405912195121573e+02
4.807973648341663520e-01 8.456234175374829647e+02
5.009150981177412643e-01 1.058473831798158017e+03
5.204555984555984116e-01 7.848239621621621609e+02
5.419053527118044000e-01 5.407272442396313181e+02
5.606541598694942952e-01 4.354192776508972429e+02
5.706576338400528581e-01 2.798790178453403996e+02
