2.166666666666666741e-02 8.255958333333333721e+05
4.454545454545454780e-02 2.523032545454545179e+05
6.211111111111110999e-02 2.475874666666666235e+04
8.302469135802469091e-02 1.297380925925926022e+04
1.001960784313725428e-01 1.909072696078431181e+04
1.238590604026845732e-01 1.922070174496644177e+04
1.404228855721393054e-01 1.295364039800994942e+04
1.630075187969924899e-01 7.966272142857143081e+03
1.808858858858858887e-01 1.017743792792792738e+04
2.036394557823129059e-01 1.357681904761905025e+04
2.190557939914163088e-01 5.838676416309012893e+03
2.426502732240437277e-01 -1.682530673952643383e+02
2.596589259796807103e-01 6.648176859216256162e+03
2.811171662125340753e-01 7.530843419618528969e+03
3.008784530386739986e-01 4.589607370165746033e+03
3.206315289648623001e-01 6.991937132003798069e+03
3.399619047619047429e-01 4.515863502380952923e+03
3.619689737470166979e-01 8.989972517899759623e+02
3.799070887818307152e-01 1.833895029593943718e+03
4.013341804320203487e-01 3.086090209656924799e+03
4.195595854922279933e-01 3.222408462867012076e+03
4.407771883289124948e-01 5.106992297082228106e+03
4.600780487804878027e-01 7.730860785365853189e+03
4.807973648341663520e-01 6.461947501135847233e+03
5.009150981177412643e-01 3.246898598317981850e+03
5.204555984555984116e-01 2.947163953667954047e+03
5.419053527118044000e-01 2.640333144275080031e+03
5.606541598694942952e-01 1.323470743882544866e+03
5.706576338400528581e-01 1.302396080634501004e+03
