2.166666666666666741e-02 1.040125516666666808e+05
4.454545454545454780e-02 4.138323272727272706e+04
6.211111111111110999e-02 1.690719822222222137e+04
8.302469135802469091e-02 1.057457382716049506e+04
1.001960784313725428e-01 6.540706764705882961e+03
1.238590604026845732e-01 5.486932684563757903e+03
1.404228855721393054e-01 3.885102636815920050e+03
1.630075187969924899e-01 2.888646428571428260e+03
1.808858858858858887e-01 2.644249129129128960e+03
2.036394557823129059e-01 2.322645419501133347e+03
2.190557939914163088e-01 2.088237896995708525e+03
2.426502732240437277e-01 1.644454845173041804e+03
2.596589259796807103e-01 1.677894238026125095e+03
2.811171662125340753e-01 1.405546280653950816e+03
3.008784530386739986e-01 1.183255734806629789e+03
3.206315289648623001e-01 1.333361699905033447e+03
3.399619047619047429e-01 1.235518533333333380e+03
3.619689737470166979e-01 1.171936539379474880e+03
3.799070887818307152e-01 1.138861568479009065e+03
4.013341804320203487e-01 7.552340520965692576e+02
4.195595854922279933e-01 6.248013396660909393e+02
4.407771883289124948e-01 8.681300148541113231e+02
4.600780487804878027e-01 8.617703014634146257e+02
4.807973648341663520e-01 6.138864752385280781e+02
5.009150981177412643e-01 6.121009843812576037e+02
5.204555984555984116e-01 6.691058432432432710e+02
5.419053527118044000e-01 6.218025494505494635e+02
5.606541598694942952e-01 6.220782283849918031e+02
5.706576338400528581e-01 6.625458678122935225e+02
